_codes/_figurecodes/_data/lowRvar/nonsteady/20m_HalfMtrThresh_Diffusion_Tc10/topographic_elevation_depth20m_tc10.asc
nrows 200
cellsize 50.0
xllcorner 0.0
ncols 200
yllcorner 0.0
[rows 102 to 118 of 200, columns 0 to 36 of 200]
7.887871267058843864e-04 8.892119821192010249e+02 8.562868325658005233e+02 8.037235146078339767e+02 7.850911085693602445e+02 7.706085375298907820e+02 7.528921588187341740e+02 7.340244220823932437e+02 7.119917901688820621e+02 6.886114474567075376e+02 6.653320930079158870e+02 6.385972375085354997e+02 6.099281248024051365e+02 5.790525315566368363e+02 5.428814960818407371e+02 5.022106945280675063e+02 4.553929669933107220e+02 5.185121587268728263e+02 5.796454587227860884e+02 6.341496684968807358e+02 6.738150869082412555e+02 6.861460183481481181e+02 6.633796856964961535e+02 6.196340684853709035e+02 5.679852689341417999e+02 5.169732094443548931e+02 4.644700667052186418e+02 4.095414420220531042e+02 4.267296760857961431e+02 4.221774584131673578e+02 4.153180676438992123e+02 3.997677729672490727e+02 3.723563641427214748e+02 3.424746650917451802e+02 3.121053416136803094e+02 2.885500026904248330e+02 2.524189708468665572e+02
3.027357166856744510e-04 8.674209315080580609e+02 8.272262194328941405e+02 7.566372515509274308e+02 7.145627823577248137e+02 7.089222380141432041e+02 6.918639881716222817e+02 6.729888299348971259e+02 6.524368922010854703e+02 6.316894201465527203e+02 6.118608418773508220e+02 5.903619923703421364e+02 5.681884476679223326e+02 5.459843493812716133e+02 5.200283109169456566e+02 4.890958310833726159e+02 4.484589745348000633e+02 5.121497435758451502e+02 5.731169074585069438e+02 6.261034637749917238e+02 6.619949133759704409e+02 6.661734956941885457e+02 6.338872496213303975e+02 5.793785535568827072e+02 5.209826746648932385e+02 4.798147873528886294e+02 4.373876377398015620e+02 3.878551612107551136e+02 3.901426384805323551e+02 3.790262803901510438e+02 3.737238894263738302e+02 3.574479389119960047e+02 3.195124804665713896e+02 2.799489010262161628e+02 2.441970532392819564e+02 2.469369196411373366e+02 2.496770954353924594e+02
9.782998146009094786e-04 8.584908070899784889e+02 8.195099135284235672e+02 7.559358940370323126e+02 6.770612749431541033e+02 6.521142726192922510e+02 6.290804428735867759e+02 6.075444673302948786e+02 5.869737834865123887e+02 5.672376915149120578e+02 5.482329709506648214e+02 5.296987117265676943e+02 5.115980880697316024e+02 4.938208988261332593e+02 4.762736870297246696e+02 4.588737987994695686e+02 4.415449360381575730e+02 5.054377966817992842e+02 5.663211279669318401e+02 6.186643651068275176e+02 6.527420532945919831e+02 6.520761027072089746e+02 6.107951277141950186e+02 5.336092277914902979e+02 4.547512740001002953e+02 4.229673467884624642e+02 3.939825114059191264e+02 3.664665235282981257e+02 3.490683653481517013e+02 3.319545670981748344e+02 3.352268843059500227e+02 3.270225464893769072e+02 3.052989372624048201e+02 2.772635064722163634e+02 2.414605721318707481e+02 2.746928704835543158e+02 3.002345270884188722e+02
8.896659914949613156e-04 8.606533364032555937e+02 8.244476272828554784e+02 7.709577521291316771e+02 7.100057172487005346e+02 7.041372281937601656e+02 6.890104067806870489e+02 6.711137114347343413e+02 6.507429605743049024e+02 6.296857347627982335e+02 6.092376505878028183e+02 5.871017438826430634e+02 5.646853586957309972e+02 5.389842690552401336e+02 5.104281501594833230e+02 4.757576430830848722e+02 4.349655349347127071e+02 4.987633330723502922e+02 5.597770799210825317e+02 6.127179620053572080e+02 6.483905942834295502e+02 6.515977849213104491e+02 6.170088647192103508e+02 5.580680243884193032e+02 4.922476654822370392e+02 4.767464230208536264e+02 4.534800766072667670e+02 4.239393001221716872e+02 3.862356356385265030e+02 3.155497354689445046e+02 2.994927436019932543e+02 2.841125016807262682e+02 2.688755011795345240e+02 2.537774299334472801e+02 2.387245488694009339e+02 2.806811762845943576e+02 3.211996652157020549e+02
8.849653809058473722e-04 8.701337551476289036e+02 8.305420847332553649e+02 7.853380611031975604e+02 7.457638775225925656e+02 7.563340598590106083e+02 7.466617610836326548e+02 7.301939853587509788e+02 7.083035472779098427e+02 6.839737793589363264e+02 6.590063124446467100e+02 6.302519425807108746e+02 5.985408049748980375e+02 5.616240263081294870e+02 5.213562160322138652e+02 4.770962505119327375e+02 4.284056594901173867e+02 4.918523270751571772e+02 5.530794073713792613e+02 6.075313893671133201e+02 6.472806177901027240e+02 6.592745424986112539e+02 6.337331901681659474e+02 5.835583110632587704e+02 5.343127316881943898e+02 5.301106218088457354e+02 5.103562083795102922e+02 4.796707530219193245e+02 4.399929435628695842e+02 3.852614767693304429e+02 3.591154739779665874e+02 3.354517256589429621e+02 3.088041003189019307e+02 2.769837806487303169e+02 2.360115271430911719e+02 2.811774091536055380e+02 3.264221113792490883e+02
1.776533405841372831e-04 9.071896829342105093e+02 8.841609739887013575e+02 8.533979648176893988e+02 8.246485260004566271e+02 8.163673117109912027e+02 8.012183439490551109e+02 7.808881756889198869e+02 7.538101785440381946e+02 7.229394318149553555e+02 6.887378047708929216e+02 6.500928586235456805e+02 6.089608370202117840e+02 5.653330043742516864e+02 5.196265737871440251e+02 4.718005561584232623e+02 4.218707015111191936e+02 4.839826997083907827e+02 5.450593185024422382e+02 6.012371469524355234e+02 6.463118261701650908e+02 6.711409116786034019e+02 6.646057025851956723e+02 6.351309061473747306e+02 6.046255552653620953e+02 5.871566440476015032e+02 5.634049611945638389e+02 5.290639503197206750e+02 4.869481614129805962e+02 4.392621106955739947e+02 4.027383214163212983e+02 3.666501131382768222e+02 3.266121483154648217e+02 2.826593438088991093e+02 2.333001441662362652e+02 2.786661118523725804e+02 3.247929624097303076e+02
2.157165748406794170e-04 9.517259111555083564e+02 9.371494348325311421e+02 9.145388624845711547e+02 8.894057014136352564e+02 8.698617298677600047e+02 8.451046461083345775e+02 8.148231934412852979e+02 7.777105506161320818e+02 7.374071698596435454e+02 6.949434200532274417e+02 6.505528945114779162e+02 6.049062205482267700e+02 5.583277181863738861e+02 5.110822468624148769e+02 4.633285945014044955e+02 4.153686066440665741e+02 4.764089229075071330e+02 5.374819811076847600e+02 5.954423289650537754e+02 6.454776134904134324e+02 6.806226601603495965e+02 6.916031724974487815e+02 6.781870696908621312e+02 6.578706651495760980e+02 6.357585614870611153e+02 6.043903393614999686e+02 5.622824092209996252e+02 5.149523715912630450e+02 4.661231157678332124e+02 4.199987528075337764e+02 3.744393672359335596e+02 3.278304525326880139e+02 2.798612581423637380e+02 2.305908421189043906e+02 2.741247586790241826e+02 3.193126665497014187e+02
2.219457275972345274e-04 9.973307445243042366e+02 9.859923109175886111e+02 9.652624122994872096e+02 9.370600786977777261e+02 9.060706823985497067e+02 8.685120346431867802e+02 8.270165164426591673e+02 7.825241253927633807e+02 7.364426809838852250e+02 6.894778230113419113e+02 6.419785005032567824e+02 5.943322420946817601e+02 5.470028012751760116e+02 5.002527186934958650e+02 4.541075910035567631e+02 4.089069316558342280e+02 4.675130566860337353e+02 5.286096882717067729e+02 5.878991976117478089e+02 6.417590213918184645e+02 6.848206397764397479e+02 7.101797933822939513e+02 7.107890496506315685e+02 6.965215306372800796e+02 6.693584088688348857e+02 6.294819454115119015e+02 5.816956909330201597e+02 5.301491467541753764e+02 4.777555605004017139e+02 4.263295288420490579e+02 3.757739324317780643e+02 3.258460013748032793e+02 2.765650776946280871e+02 2.278846517581764317e+02 2.699504836525967448e+02 3.134843314253532185e+02
4.332780278405885528e-04 1.038304122096609490e+03 1.025850689323387769e+03 9.999516191371682226e+02 9.629065395469347095e+02 9.204761634928366902e+02 8.741453911944324773e+02 8.256713093966623092e+02 7.763285652159916026e+02 7.268951156047600080e+02 6.777037107102084974e+02 6.288514995062301978e+02 5.803751464124353561e+02 5.333024062115173365e+02 4.881126083862347400e+02 4.445727578969656406e+02 4.024927687849917106e+02 4.604138410063950460e+02 5.202415264819514960e+02 5.803950500039285316e+02 6.370910963029342611e+02 6.856702166726079213e+02 7.199844767930231910e+02 7.320825257656177882e+02 7.200171934263154299e+02 6.881500352802789848e+02 6.436462837738595226e+02 5.919887583876402459e+02 5.371264340711854857e+02 4.816235724156302922e+02 4.268809725392256382e+02 3.732954877170318468e+02 3.214998929604461750e+02 2.722537951207752371e+02 2.251818558139931099e+02 2.659326294373516930e+02 3.079984021880198952e+02
5.712408187953371816e-04 1.069672267930960061e+03 1.051562813597807462e+03 1.017153615584836984e+03 9.728547670354988668e+02 9.231872433177364883e+02 8.706527057039467081e+02 8.171348817249283911e+02 7.645860273300492054e+02 7.134139544421691426e+02 6.635632637947910553e+02 6.147681800090529123e+02 5.676948966749182546e+02 5.225061141074749003e+02 4.789696794768319137e+02 4.368965811253976881e+02 3.961301317176743737e+02 4.509943212010580282e+02 5.095932727729234557e+02 5.714612841834839401e+02 6.302497681965601259e+02 6.823502560576673659e+02 7.221929822345422281e+02 7.420956433684178819e+02 7.324865629170790271e+02 6.991990445356509554e+02 6.521149440281160423e+02 5.977391740125166280e+02 5.402972904023787351e+02 4.823876631115263081e+02 4.254422069308574237e+02 3.705963417851116333e+02 3.188007377516610177e+02 2.695546541771004740e+02 2.224827333657554220e+02 2.620461952713989149e+02 3.027969095898202454e+02
4.843716787298997452e-04 1.088083951722957863e+03 1.063848215524214311e+03 1.023791069115410323e+03 9.743305998142897124e+02 9.197671492599861267e+02 8.625595621891751534e+02 8.039487609628293967e+02 7.490877734374175816e+02 6.972820425307450023e+02 6.480301961030887696e+02 6.009556533097617148e+02 5.557667391023994696e+02 5.122317818551647406e+02 4.701625861401314523e+02 4.294031685344252196e+02 3.898226886182412727e+02 4.446888375900940673e+02 5.032890864786755287e+02 5.647226373497339864e+02 6.244428024239609840e+02 6.786618431832794158e+02 7.217576523165071194e+02 7.455498393370868371e+02 7.383654413368753922e+02 7.048966894575457900e+02 6.564147950916051286e+02 6.002150101682957484e+02 5.408845696277702473e+02 4.811930622019931434e+02 4.227468807216029063e+02 3.679009995900759122e+02 3.161053875679078828e+02 2.668593187270961380e+02 2.197874139000818730e+02 2.593508645768244492e+02 3.001015576511520635e+02
2.068451030733695713e-04 1.096627328413212581e+03 1.069465103304444938e+03 1.025860557445886343e+03 9.729912074475304280e+02 9.155072899432227587e+02 8.563102778420620780e+02 7.976998011741385426e+02 7.428392758512056844e+02 6.910340165488512412e+02 6.417825449385142065e+02 5.947082104176510029e+02 5.495192772530823504e+02 5.059839727535388647e+02 4.639139540469176382e+02 4.231532018316910353e+02 3.835713474501465612e+02 4.384393078174977632e+02 4.970409273667988828e+02 5.586130456594702309e+02 6.190003910561188150e+02 6.745585278242471077e+02 7.196262270177388700e+02 7.456931659437600501e+02 7.403556596945412593e+02 7.070983608456982665e+02 6.578726999264757751e+02 6.004808154697374221e+02 5.397881916514744489e+02 4.786467571267103267e+02 4.200553402181226943e+02 3.652094434952894062e+02 3.134138246441281126e+02 2.641677706879681296e+02 2.170958797592877261e+02 2.566593200336109248e+02 2.974099944631083758e+02
6.350790751150114152e-04 1.099502945970252540e+03 1.070754781351877455e+03 1.024974787901409172e+03 9.699379702301484940e+02 9.106238759696624356e+02 8.501155702812460504e+02 7.915054331906303560e+02 7.366453702295966650e+02 6.848405691441029148e+02 6.355894493329715260e+02 5.885152912830498053e+02 5.433262925474390386e+02 4.997905720597046297e+02 4.577196558692877488e+02 4.169575683838048121e+02 3.773745464401728213e+02 4.322441180057227257e+02 4.908471559276820244e+02 5.526801017108219867e+02 6.136004658040890263e+02 6.700697278555400089e+02 7.164182603956917319e+02 7.439718172864272674e+02 7.400188415618957833e+02 7.070970027810332112e+02 6.575208807397151531e+02 5.994220235556146008e+02 5.378981697685089784e+02 4.759589919604822512e+02 4.173675677513863320e+02 3.625216558604643637e+02 3.107260313597296886e+02 2.614799923600244824e+02 2.144081133742503198e+02 2.539715444591749645e+02 2.947222015577166871e+02
4.445142257621581880e-05 1.098992984010194732e+03 1.069320686109967028e+03 1.022203811978487238e+03 9.658025099195905341e+02 9.053291827356430304e+02 8.439738852281418531e+02 7.853641010368705793e+02 7.305044989938296567e+02 6.787001417461468691e+02 6.294493498176976800e+02 5.823753347908609612e+02 5.371862212920480033e+02 4.936500160879319878e+02 4.515781398539107272e+02 4.108147485931550591e+02 3.712307989621881461e+02 4.261017390669333622e+02 4.847062150411282460e+02 5.467951302783967549e+02 6.081434791528462256e+02 6.652734532206303584e+02 7.125204742708120875e+02 7.411378067390091928e+02 7.382744457828631539e+02 7.057372439217905367e+02 6.560604321510319323e+02 5.975970307057496029e+02 5.356214704099719484e+02 4.732749778832728680e+02 4.146835458672972550e+02 3.598376193446944740e+02 3.080419901980550890e+02 2.587959661633667565e+02 2.117240974958991160e+02 2.512875205809609156e+02 2.920381632082929855e+02
2.587755256573135636e-04 1.096421961253344762e+03 1.066191351499574921e+03 1.018247259524469428e+03 9.609885995739182363e+02 8.997807079079028654e+02 8.378837424401159524e+02 7.792743225692886426e+02 7.244151786432258859e+02 6.726112498182164927e+02 6.233607610538192603e+02 5.762868538821736593e+02 5.310975742141096134e+02 4.875608172104247160e+02 4.454879331073651656e+02 4.047233009748293284e+02 3.651386848032339572e+02 4.200107198713743060e+02 4.786166238789353429e+02 5.409267549457558744e+02 6.026197820297981025e+02 6.602552024476927954e+02 7.081802525847482457e+02 7.376231465089468884e+02 7.356745839315105968e+02 7.035500794185234099e+02 6.539324274919925983e+02 5.953281785600104286e+02 5.331382280232885478e+02 4.705946974550005280e+02 4.120032574425003986e+02 3.571573166306421285e+02 3.053616839728175592e+02 2.561156747325155152e+02 2.090438129372624303e+02 2.486072292720485279e+02 2.893577499895102960e+02
9.331972164780122500e-04 1.092588217378219952e+03 1.062014049555738666e+03 1.013555022342683060e+03 9.557575682905086296e+02 8.940849958142430296e+02 8.318437300395676175e+02 7.732346845041863617e+02 7.183759943361750402e+02 6.665724777455272942e+02 6.173222662509925840e+02 5.702484300913798734e+02 5.250589312786262326e+02 4.815215588990006381e+02 4.394476360117095624e+02 3.986818552921718606e+02 3.590968425108843007e+02 4.139696800138964932e+02 4.725769740959937621e+02 5.350728210651406016e+02 5.970478458796653740e+02 6.550889002911792431e+02 7.035598963192860538e+02 7.336898409841560351e+02 7.325548591849035347e+02 7.008625172995285766e+02 6.514052999008115421e+02 5.928004637954579721e+02 5.305395474000135891e+02 4.679181334650925805e+02 4.093266848544797654e+02 3.544807305029624445e+02 3.026850951716195937e+02 2.534391005124410867e+02 2.063672463035914575e+02 2.470531882934019166e+02 2.887370564382551379e+02
6.400716757463165195e-04 1.087982312823658731e+03 1.057194671695096758e+03 1.008413776890037525e+03 9.502776054026236352e+02 8.883116464948465136e+02 8.258525011017586621e+02 7.672438380039025105e+02 7.123855961919124411e+02 6.605824744475920625e+02 6.113325133856362754e+02 5.642587094692014489e+02 5.190689377435039660e+02 4.755308916289385479e+02 4.334559175114363256e+02 3.926891063995058175e+02 3.531039628153235412e+02 4.079773063015148296e+02 4.665859243192597319e+02 5.292386785146355805e+02 5.914503721652184822e+02 6.498315481603547141e+02 6.987667973452457773e+02 7.295009813317021781e+02 7.291205925307135658e+02 6.978739722852487830e+02 6.486404303593890290e+02 5.901211537485155532e+02 5.278751932196247481e+02 4.652451269534157063e+02 4.066536696545793461e+02 3.518077020306353120e+02 3.000120650906955575e+02 2.507660843216645787e+02 2.036942370910231830e+02 2.444449366055280564e+02 2.865105747975609916e+02
