_codes/_figurecodes/_data/lowRvar/nonsteady/20m_HalfMtrThresh_Diffusion_Tc10/topographic_elevation_depth20m_tc10.asc
nrows 200
cellsize 50.0
xllcorner 0.0
ncols 200
yllcorner 0.0
[rows 85 to 101 of 200, columns 148 to 184 of 200]
6.340162533934600333e+02 6.251678725679395257e+02 5.989772134126671972e+02 6.030379154673211133e+02 6.547916927930090196e+02 7.092757930910329378e+02 7.659481783811565947e+02 8.235873975822761395e+02 8.797324272293186596e+02 9.301589742603039213e+02 9.679088415358623934e+02 9.833332954209571426e+02 9.810556694567093245e+02 9.596221521533232135e+02 9.107160060645456952e+02 8.452549086917107388e+02 8.110041911773670336e+02 8.259677060834246731e+02 8.777635944945550364e+02 9.293555250882567407e+02 9.806731914336164664e+02 1.032670746360089197e+03 1.084416618554335173e+03 1.133902170855825261e+03 1.178346703004446226e+03 1.213775215399007038e+03 1.234976962195962415e+03 1.240963197434667563e+03 1.234639458734983464e+03 1.210304946445058476e+03 1.169160045299589910e+03 1.118131792216748863e+03 1.063716748879052602e+03 1.009783103763683243e+03 9.551112149316378463e+02 1.002500483212533709e+03 1.050000324863627384e+03
6.090228578612903902e+02 5.908700647912786508e+02 5.949210793736743881e+02 6.432447185234357221e+02 6.937173187320240686e+02 7.463692965950250482e+02 8.008455822262684478e+02 8.561808621210246883e+02 9.104032174658919985e+02 9.599236883508229994e+02 9.985256867967874541e+02 1.015933247984219179e+03 1.011448018876467017e+03 9.844114473418115949e+02 9.270322484678437149e+02 8.818446380118579100e+02 8.650865819862393664e+02 8.413478691748184701e+02 8.799993364458241558e+02 9.191455731583016586e+02 9.667177903563870132e+02 1.018737737332840311e+03 1.073148570544957238e+03 1.127378740949916391e+03 1.178444093831014925e+03 1.222533158499002639e+03 1.254365326694929308e+03 1.266883177431603144e+03 1.256652705172101832e+03 1.223430026967319009e+03 1.174552050045544092e+03 1.117359424441090823e+03 1.061210621343164576e+03 1.015134852584260443e+03 9.700744695076925836e+02 1.008023298796538370e+03 1.046268487433293330e+03
5.827793456956907221e+02 5.868218842585599759e+02 6.320548597370062680e+02 6.789685869088350501e+02 7.276361979921193779e+02 7.780310444747634619e+02 8.298662787489063248e+02 8.824192536804757765e+02 9.342389982554666403e+02 9.825675272300018150e+02 1.022269163398789942e+03 1.044308074930761222e+03 1.042345264764350077e+03 1.018559864111554589e+03 9.762777789325087952e+02 9.387885337225383182e+02 9.044641962670788189e+02 8.572397697145019038e+02 8.741500721555045175e+02 8.917722950229059506e+02 9.435677222955737307e+02 9.984133310874231029e+02 1.057004473117689031e+03 1.115954945767486606e+03 1.172397949387896233e+03 1.223009650313527573e+03 1.262282884272991168e+03 1.282182783068884191e+03 1.271412751519077347e+03 1.233843437768459808e+03 1.178151776165280580e+03 1.108480531319675720e+03 1.038769977715351388e+03 1.011254242087816237e+03 9.858065920885323976e+02 1.005113621947379102e+03 1.025312393791964951e+03
5.787385040914278989e+02 6.210519018529092818e+02 6.646765008340885288e+02 7.096020531536508997e+02 7.558264200722500163e+02 8.032589151560116534e+02 8.516309241337424965e+02 9.004342118635527186e+02 9.488512957065097453e+02 9.952864231499763719e+02 1.036018463435645799e+03 1.064431740495999065e+03 1.071014745020262353e+03 1.056456815482438060e+03 1.026317401021427713e+03 9.915446827926909918e+02 9.535205975283267890e+02 9.090354607110523375e+02 9.158323925227298332e+02 9.101291859611307018e+02 9.294364178241214631e+02 9.842821299350205209e+02 1.042873271041143425e+03 1.104545675913649575e+03 1.165286293322814117e+03 1.221450350799233775e+03 1.266718358294343034e+03 1.292113655221020508e+03 1.284441347176011504e+03 1.247081749782670840e+03 1.191478659463479516e+03 1.127112150982056164e+03 1.068164898489781308e+03 1.060271575992083172e+03 1.044397700772365170e+03 1.052417791913067731e+03 1.046700797416357773e+03
6.109045985457605639e+02 6.517576012329668629e+02 6.933933111437327170e+02 7.358105387701294831e+02 7.789646189599422996e+02 8.226964146843617982e+02 8.666655848110819989e+02 9.104639443259163727e+02 9.541566759900766783e+02 9.981863713419437545e+02 1.039926248061776050e+03 1.074144046096785132e+03 1.092653267523117393e+03 1.089902973679443221e+03 1.070667399291738093e+03 1.041550013356701356e+03 1.005297445488321955e+03 9.638813081222615438e+02 9.646840492204029260e+02 9.587297492492389210e+02 9.496353755064064899e+02 9.711710929751581034e+02 1.029762298372043006e+03 1.093115153726695553e+03 1.158151750807137205e+03 1.220211357298890334e+03 1.271044462723128845e+03 1.301565436722902177e+03 1.298570839997479425e+03 1.263227326119291320e+03 1.206936180771959243e+03 1.134922345981648732e+03 1.099948773481814442e+03 1.111549554621675270e+03 1.107750522926652820e+03 1.108699744551918684e+03 1.105291834959458811e+03
6.396006382038846141e+02 6.782811766756085490e+02 7.172213708731284214e+02 7.563301339321485557e+02 7.955370960213604121e+02 8.345764847360694603e+02 8.727777100576137173e+02 9.092241038206526582e+02 9.451900004803146658e+02 9.866424699721385423e+02 1.029738856522473952e+03 1.069694899078431263e+03 1.100318049132295982e+03 1.114119319451345973e+03 1.108315805930699980e+03 1.088329418333169997e+03 1.058067808176767130e+03 1.022472580685407365e+03 1.018279213526552326e+03 1.010009256957989919e+03 9.988807834736754785e+02 9.938413510503814905e+02 1.018547543319127158e+03 1.081900341918958020e+03 1.151611065189408009e+03 1.222475148532928415e+03 1.278238345050546741e+03 1.313198055277599224e+03 1.315682180140948731e+03 1.285285715897915225e+03 1.234920196259603472e+03 1.173405744846010975e+03 1.168331702179940976e+03 1.171476327334100006e+03 1.170176212800653275e+03 1.167924229272485491e+03 1.164513289141843870e+03
6.649143672838337125e+02 7.005042081931536586e+02 7.358580830849283529e+02 7.705839451465792536e+02 8.048079184562943738e+02 8.382088572272383544e+02 8.693348778834802033e+02 8.942643271058706205e+02 9.145375461921159967e+02 9.581945443071286945e+02 1.005437860195296025e+03 1.052075634685597834e+03 1.093468535690374438e+03 1.123890030886494060e+03 1.136528988940483259e+03 1.130091059782423599e+03 1.110140239465734339e+03 1.085825522898023792e+03 1.075142992048351516e+03 1.063793758679386656e+03 1.050675616782516954e+03 1.043086595846453065e+03 1.044816364511784059e+03 1.106956468056744825e+03 1.171954092053391832e+03 1.236134450503104290e+03 1.290970789112202283e+03 1.327784423657582693e+03 1.334329826556754597e+03 1.309743087105880022e+03 1.266184337580733427e+03 1.216938856316570082e+03 1.227746451497587941e+03 1.230817254858535534e+03 1.229840282630657839e+03 1.225976124279141459e+03 1.220631189243322751e+03
6.775939690821080603e+02 7.082299353714203107e+02 7.383449737462442499e+02 7.660653382483835685e+02 7.928480849611656822e+02 8.185005962428804196e+02 8.411211455903982142e+02 8.560049439481132367e+02 8.585659671800447086e+02 9.148462312599674533e+02 9.698167807546210497e+02 1.024312404103304971e+03 1.075780424009435364e+03 1.120063710949736560e+03 1.151525123909662852e+03 1.163756193003601538e+03 1.157311307793723245e+03 1.143662751733432515e+03 1.131629094239523056e+03 1.118662840988574544e+03 1.104249369161845379e+03 1.090014689570569544e+03 1.073034758134279855e+03 1.128455360410453522e+03 1.190717550555571961e+03 1.252419634451588308e+03 1.306054682848014409e+03 1.343880892069048969e+03 1.356382141124655163e+03 1.343599662760835372e+03 1.316826242993018013e+03 1.290353361197393951e+03 1.286027744357329084e+03 1.285176653623930179e+03 1.283545724706275450e+03 1.279465957709324130e+03 1.274822934305161425e+03
6.666720661940599939e+02 6.894223537300472344e+02 7.117837268548951215e+02 7.324898163177653032e+02 7.540686150246681336e+02 7.754755926462695470e+02 7.953240395116703212e+02 8.103699049697767123e+02 8.165003217284163384e+02 8.713465362514758681e+02 9.299382922641253799e+02 9.916559067171748438e+02 1.052361981498314663e+03 1.108615250551581539e+03 1.154847970304207820e+03 1.186103956618175744e+03 1.196544054163196733e+03 1.193722762340827330e+03 1.185183289304919072e+03 1.172728768137060797e+03 1.156789725858901193e+03 1.136420034182619702e+03 1.103787422897108172e+03 1.138761027879516632e+03 1.206231628819795560e+03 1.268877230525030882e+03 1.320746955079806639e+03 1.356900258104548811e+03 1.371935696440943730e+03 1.366064038108853083e+03 1.349743409773975827e+03 1.333559357931455907e+03 1.326653699340250569e+03 1.324433072084694004e+03 1.323561724828767638e+03 1.321587989360450820e+03 1.320283593237124251e+03
6.280517877338298831e+02 6.452347631571282136e+02 6.628565696070004378e+02 6.809569502819696254e+02 6.996746899620928843e+02 7.190860797357054253e+02 7.392849559098365262e+02 7.602513577565964624e+02 7.822498756363573875e+02 8.370960069332043076e+02 8.956879223335851066e+02 9.590414403024051353e+02 1.028752471643891113e+03 1.096624405929392196e+03 1.153575822360457551e+03 1.198314536523362449e+03 1.226222824099696709e+03 1.235873366914846201e+03 1.234220696276170429e+03 1.225022464434836138e+03 1.210081434882994472e+03 1.189667375392140912e+03 1.162378455682240201e+03 1.178323736912582945e+03 1.225394897259661320e+03 1.288667057110152882e+03 1.334172713630387989e+03 1.361908062698048298e+03 1.370133829791392372e+03 1.364042937801830476e+03 1.352158191501717738e+03 1.341197803549014225e+03 1.335303657425722577e+03 1.334501353865414103e+03 1.337155805333974286e+03 1.341545742387008431e+03 1.346038452814923403e+03
6.915771238038879574e+02 7.084383515594920482e+02 7.254738249641670791e+02 7.427008775904032518e+02 7.601267500667842114e+02 7.776923025502820792e+02 7.952090539344834497e+02 8.086361859953852900e+02 8.116452917533418940e+02 8.491423116601838501e+02 9.039884327789767440e+02 9.625800368153485351e+02 1.025933206400658946e+03 1.090527584240962369e+03 1.149798087495403706e+03 1.201634652072191102e+03 1.242556002145465300e+03 1.267878226994840816e+03 1.276652501577587600e+03 1.273939372773640798e+03 1.263139615428409570e+03 1.246528012599704880e+03 1.225731567881475030e+03 1.248034714638818969e+03 1.280347441710939165e+03 1.318969801722794955e+03 1.345464305313629893e+03 1.353871953462120700e+03 1.347708454071301503e+03 1.335552676001775126e+03 1.322105972150331581e+03 1.311936442016169394e+03 1.306728506407349187e+03 1.308050666225146188e+03 1.314337003740263299e+03 1.325410992625893186e+03 1.337075802205464470e+03
7.518242572154591699e+02 7.681481228926679705e+02 7.842786655860550127e+02 8.001745392202278708e+02 8.156979828029776627e+02 8.306158080220440070e+02 8.446046978141552017e+02 8.532132814849470606e+02 8.551789987621003775e+02 8.866434378339089335e+02 9.280754480378766402e+02 9.761445043689831209e+02 1.029911444200576398e+03 1.087113593224681608e+03 1.144385159330230636e+03 1.198861589733117398e+03 1.247319827416123417e+03 1.285776606458728111e+03 1.309254268887416401e+03 1.316729725276375802e+03 1.313307673702100601e+03 1.303902748187956831e+03 1.295442724463425975e+03 1.308398067053604109e+03 1.326581366706469225e+03 1.341816109999176660e+03 1.341837691020908778e+03 1.327378374558386668e+03 1.308425996596802406e+03 1.288975569453164553e+03 1.271314317134596877e+03 1.260527743865569164e+03 1.254709903408110677e+03 1.258579503621227786e+03 1.267454954952313756e+03 1.282332549066411275e+03 1.297798761915385057e+03
8.037433738359795825e+02 8.192014097433271900e+02 8.340309836681157094e+02 8.480863199142899020e+02 8.610076950543009389e+02 8.722561613595689778e+02 8.813184596125385042e+02 8.842821542363049048e+02 8.839445104852517261e+02 9.055934988157520138e+02 9.383096908371462632e+02 9.795889028613984237e+02 1.027523614264227263e+03 1.080169277031861157e+03 1.135330937535034536e+03 1.190691280505726354e+03 1.243557393791444383e+03 1.290539144847296711e+03 1.327435494995417457e+03 1.349269534454519089e+03 1.355884627780978917e+03 1.353931115755634892e+03 1.351266485594433334e+03 1.354996973043865410e+03 1.356294620315055454e+03 1.345280470047350036e+03 1.318355217479686871e+03 1.284349099884487487e+03 1.256786911858753456e+03 1.230945689204989776e+03 1.206976142738967383e+03 1.197084822994856722e+03 1.187604780643418962e+03 1.196425065849219436e+03 1.206356051242537433e+03 1.224381007261181821e+03 1.240507023207145494e+03
8.394211759758860580e+02 8.535362581190266837e+02 8.666262856569852602e+02 8.783660951951908373e+02 8.880273885921155852e+02 8.943601952917866811e+02 8.952695321335562539e+02 8.876390478931507459e+02 8.771127866782486535e+02 8.928763904695680367e+02 9.275211675804966944e+02 9.690237116232052585e+02 1.015917737217193007e+03 1.067092752476341957e+03 1.121452064473101700e+03 1.177557665331793714e+03 1.233463159890437282e+03 1.286186360358304000e+03 1.331953401135544027e+03 1.366570224143970790e+03 1.385782493985268502e+03 1.391000796040098749e+03 1.389896071724266903e+03 1.384660598829794708e+03 1.366710384139639018e+03 1.331850112626146711e+03 1.281447443563603883e+03 1.225548885162659872e+03 1.197851785363559429e+03 1.167730965084934041e+03 1.137265324796259847e+03 1.131257764215660700e+03 1.117893977843028551e+03 1.130987718614958339e+03 1.136906593726623669e+03 1.161176309543432808e+03 1.173360095587168871e+03
8.469465477270789506e+02 8.590955471254311533e+02 8.700631909106903095e+02 8.792530534284715031e+02 8.855083464953162320e+02 8.868193849679565801e+02 8.796171825612861994e+02 8.609182380835324011e+02 8.222195590094804629e+02 8.551603923323708614e+02 9.003480622872783670e+02 9.474195375522426730e+02 9.966650139586096202e+02 1.048459983760070372e+03 1.103264925464941143e+03 1.160541950077114279e+03 1.219387868821863776e+03 1.276503251879115396e+03 1.327862325713625751e+03 1.369629581701039797e+03 1.398092743900885580e+03 1.410463222017316866e+03 1.409490314237126540e+03 1.395394566878696651e+03 1.364521523949195171e+03 1.316388811992045703e+03 1.248188692712846205e+03 1.178477720660438081e+03 1.138915010744259462e+03 1.104665144326273094e+03 1.073912492921108878e+03 1.071036135143467845e+03 1.054541118066810895e+03 1.070899609208619722e+03 1.073553760497900612e+03 1.103830806168333311e+03 1.136771048750344789e+03
8.218810983420248704e+02 8.327136078453212349e+02 8.426131832612365997e+02 8.508215561226191994e+02 8.560859162890384368e+02 8.563778180020715354e+02 8.485368025903637772e+02 8.312140662660534645e+02 7.914663589604488152e+02 8.344069287640212451e+02 8.795981435210474046e+02 9.266697046530683792e+02 9.759152843551090655e+02 1.027710339017292881e+03 1.082555857325792886e+03 1.141147074351355286e+03 1.204500168355907590e+03 1.266037722102694943e+03 1.320365877852879976e+03 1.364330549855635354e+03 1.394211038269025494e+03 1.406959831701737130e+03 1.405976384434220790e+03 1.391652049087590740e+03 1.360891280835650832e+03 1.315971597875550970e+03 1.260786170866577550e+03 1.204056707801668381e+03 1.153038767777336034e+03 1.100539376218927600e+03 1.045694073480865882e+03 1.019982323989410816e+03 9.959500979801396170e+02 1.019982326946585317e+03 1.045694074762771606e+03 1.104285094007309453e+03 1.158451340474842027e+03
7.770839240337024876e+02 7.873345484982853577e+02 7.970221905532257551e+02 8.054156337520960278e+02 8.113878513771988992e+02 8.131553980539536042e+02 8.081606009957397418e+02 7.965902927936992910e+02 7.657542580800081851e+02 8.109419380619839330e+02 8.580136790983799528e+02 9.072595238664144972e+02 9.590548196266869354e+02 1.013900485821708571e+03 1.072491734100246049e+03 1.134686268632696965e+03 1.197946769754001252e+03 1.258545899738794787e+03 1.311718938126725334e+03 1.352486441209151963e+03 1.375796233577858629e+03 1.382955679394279741e+03 1.381697964508608948e+03 1.373062968792642323e+03 1.351238546585549102e+03 1.314729361342738002e+03 1.268179125023732240e+03 1.216968469138929095e+03 1.164972623755348877e+03 1.112854195436720829e+03 1.062943491358036908e+03 1.020445295828206440e+03 9.786247783108545946e+02 1.020237784978153741e+03 1.062942880891230288e+03 1.114563372331944038e+03 1.169337130298576994e+03
