_codes/_figurecodes/_data/lowRvar/nonsteady/20m_HalfMtrThresh_Diffusion_Tc10/topographic_elevation_depth20m_tc10.asc
nrows 200
cellsize 50.0
xllcorner 0.0
ncols 200
yllcorner 0.0
[rows 68 to 84 of 200, columns 148 to 184 of 200]
9.403298029897224524e+02 1.003352544961190574e+03 1.060113056969436002e+03 1.104362932548547178e+03 1.127781379217527274e+03 1.122296693569838681e+03 1.096924902185184465e+03 1.063474184026618559e+03 1.026238647021827319e+03 9.869570614925602285e+02 9.454651454958475369e+02 9.014379831183005081e+02 8.542975787272182515e+02 8.060368310346690350e+02 8.061352242909701999e+02 7.949016970373694448e+02 7.742847360159039454e+02 7.381789890457678212e+02 7.432449873547266179e+02 7.483133852469875364e+02 7.697021878897950273e+02 7.915428937193912589e+02 8.140391361754194577e+02 8.374554538737463645e+02 8.619305136299694823e+02 8.879163057342686898e+02 9.154324669210458296e+02 9.448277264700298019e+02 9.766118514265407384e+02 1.012362890846586993e+03 1.091220651706926446e+03 1.146698424158145599e+03 1.185714697232993785e+03 1.209696141123777807e+03 1.222860304529556061e+03 1.233796960506536379e+03 1.245364136152030596e+03
9.196298780744655232e+02 9.825022390480442027e+02 1.040356845957935320e+03 1.087496813468177606e+03 1.116423132852548179e+03 1.118210665522298314e+03 1.095848024467194818e+03 1.061334077178508551e+03 1.021942794255127865e+03 9.810930762906280052e+02 9.381949709153866479e+02 8.918459346735972986e+02 8.370007425264240055e+02 7.852049106645744132e+02 7.656870117654015075e+02 7.466820628474970363e+02 7.280565591171555297e+02 7.331165803493591966e+02 7.772383299722683887e+02 8.020238065465848649e+02 8.264435244847749118e+02 8.496779574530245327e+02 8.712117398433076687e+02 8.939856594335462887e+02 9.179617412053826229e+02 9.439611392050518361e+02 9.698251649340500080e+02 9.965252717970821550e+02 1.024565288680526464e+03 1.058183179798501897e+03 1.102804695076578810e+03 1.140177794983116200e+03 1.163606894743849125e+03 1.173520273408676530e+03 1.176914693202033277e+03 1.181496083069139104e+03 1.192505072126425603e+03
9.001119785599321403e+02 9.631771421493156140e+02 1.021566954743599013e+03 1.069725725034833886e+03 1.100129798770872412e+03 1.103305552291415324e+03 1.081712506544300140e+03 1.044798671193961354e+03 1.003485271983820667e+03 9.652435796995054034e+02 9.267098981640903048e+02 8.904369479718071716e+02 8.576778896850422598e+02 8.240490973818313023e+02 7.971713008114062404e+02 7.637591379297651883e+02 7.231012517323491693e+02 7.626857916149240282e+02 8.050439313855163164e+02 8.399569612961333860e+02 8.695991399517862419e+02 8.953723489746257655e+02 9.170721961010458472e+02 9.389633739250090230e+02 9.613417280943068590e+02 9.851006789529491243e+02 1.007591306290231728e+03 1.029938386135787141e+03 1.052274967488660423e+03 1.077210733787053869e+03 1.101401734871805274e+03 1.119113455804555088e+03 1.126439337857196278e+03 1.125253163384307754e+03 1.119693462860827822e+03 1.116423591194299433e+03 1.131477164839737043e+03
8.815774368734772679e+02 9.451344754724173072e+02 1.003519817733754849e+03 1.051056106601693045e+03 1.079625606574300264e+03 1.079044148693201350e+03 1.054115878295628363e+03 1.010847332785149774e+03 9.632462489397676109e+02 9.231565152081356018e+02 8.859155691912312705e+02 8.560654970048470886e+02 8.493212857369156836e+02 8.331889168954911611e+02 8.053234386928630784e+02 7.663297866853221194e+02 7.181514950064403138e+02 7.673030309684301074e+02 8.137150081282053407e+02 8.549373531506330437e+02 8.903290794561430630e+02 9.197864607296718304e+02 9.429924300264177646e+02 9.633375095480073469e+02 9.824394785612954593e+02 1.000407072904007805e+03 1.017066699199967729e+03 1.033225459375010814e+03 1.048773594908905807e+03 1.063288328171117428e+03 1.073921224145126644e+03 1.080416459730432280e+03 1.078858246954488777e+03 1.070221913036201840e+03 1.056710878087448918e+03 1.046712869063547259e+03 1.068575440431147854e+03
8.656022711344515983e+02 9.290881266583750175e+02 9.867972681403638262e+02 1.032374822475738256e+03 1.056112832328887862e+03 1.050740410844988673e+03 1.018672105850637422e+03 9.627519269084540383e+02 9.079060575932983284e+02 8.643724356617334479e+02 8.248090769970986003e+02 7.882194391677668364e+02 8.189874561560183110e+02 8.215915538252609167e+02 8.015742187500578666e+02 7.635224289582516803e+02 7.132116732756167039e+02 7.664754403250539099e+02 8.150704182169723708e+02 8.574201975336961823e+02 8.922314825114601717e+02 9.186093224499437611e+02 9.384512801860304307e+02 9.549450894098782783e+02 9.691857558908150168e+02 9.808333410501662684e+02 9.929337956651536388e+02 1.004859328338393198e+03 1.015929840618419234e+03 1.025035415444187038e+03 1.029953008135260234e+03 1.031494365581289458e+03 1.026089771732138843e+03 1.013394873749670865e+03 9.933579291417881905e+02 9.833599333431581044e+02 1.007610051600032079e+03
8.488785220806967118e+02 9.118003664442239824e+02 9.678148276378344690e+02 1.010131112909484727e+03 1.028959807296532290e+03 1.025792292806052046e+03 9.996122794020274114e+02 9.550095633730863938e+02 9.049931125343010763e+02 8.555418119839525843e+02 8.061548283358594063e+02 7.552787477476775848e+02 7.899242219415380077e+02 7.981849950415778494e+02 7.875408915907868277e+02 7.554194589991238900e+02 7.082795337003713030e+02 7.617654956315759591e+02 8.082891679678926948e+02 8.460773092283109236e+02 8.729684126435162170e+02 8.912759370094341875e+02 9.064801897183965593e+02 9.194586046251639573e+02 9.304799773437708836e+02 9.391189541416409838e+02 9.485722278314452751e+02 9.580690217918272538e+02 9.668261959344677052e+02 9.737551608309840958e+02 9.771081111873533018e+02 9.777630232482563315e+02 9.723028576487780583e+02 9.588996467697566004e+02 9.347665704141775223e+02 9.247685914227224657e+02 9.490188276632371753e+02
8.323288022712268912e+02 8.941061171959025842e+02 9.473712194587267277e+02 9.847497350766750515e+02 9.972088977606739491e+02 9.933648548517603558e+02 9.732748088410442051e+02 9.349769882466899844e+02 8.877004515356733236e+02 8.360449753972405915e+02 7.820052157568997018e+02 7.258835820515106434e+02 7.578278867311477143e+02 7.668590742510104974e+02 7.643411700111690834e+02 7.432866649403970314e+02 7.033539475858756305e+02 7.521726407177839064e+02 7.908308793178881615e+02 8.172902572128681413e+02 8.342879465011849334e+02 8.467028390636469339e+02 8.581559174532933412e+02 8.685269306160753331e+02 8.776374025582638296e+02 8.849818346911565641e+02 8.932012490969766532e+02 9.015948237769911202e+02 9.095293894093896370e+02 9.161875233726591432e+02 9.202719140963346263e+02 9.226046218190385844e+02 9.201086164820136446e+02 9.094974954023359714e+02 8.799204883189345310e+02 9.019191333357098301e+02 9.464872456739775544e+02
8.167600210398999252e+02 8.770306139859533232e+02 9.264063016555619470e+02 9.558026087615186270e+02 9.608096124607184265e+02 9.542665548265393909e+02 9.370126663039231971e+02 9.048284335763634090e+02 8.618899706494122483e+02 8.107069387442703601e+02 7.558203946522952492e+02 6.986979994022892697e+02 7.203611554197013902e+02 7.276309841467873412e+02 7.299754974629080380e+02 7.226807851517156678e+02 6.984327170851732944e+02 7.344838984449403370e+02 7.576192911994293127e+02 7.723560640132087656e+02 7.829571204907101674e+02 7.918418753511192563e+02 8.008815244977658949e+02 8.096182518299351614e+02 8.177994926348669651e+02 8.249641795048563608e+02 8.328518452636230904e+02 8.409368216107906164e+02 8.488678410450880847e+02 8.562139764674286653e+02 8.622034068912070097e+02 8.675870432719488008e+02 8.705130883565907425e+02 8.693814388310277081e+02 8.590884943857407734e+02 9.017947716032647349e+02 9.402978112031720457e+02
8.001349168108453114e+02 8.575569049114102427e+02 9.014412829106262279e+02 9.215321119959775160e+02 9.201443539007981371e+02 9.094763130409188534e+02 8.906116065552533883e+02 8.598680035917536770e+02 8.210452955279139360e+02 7.734370042243813259e+02 7.218023862686560506e+02 6.727125782547300332e+02 6.768653504110951644e+02 6.810199745240383891e+02 6.851814122331416002e+02 6.893465835176502878e+02 6.935136270000280092e+02 7.011391038526455759e+02 7.087738615970791898e+02 7.164274895134486769e+02 7.241097033895180175e+02 7.318305888804979986e+02 7.396007373326480092e+02 7.474263045230673015e+02 7.553138579352681745e+02 7.632650659451059028e+02 7.712927470136379497e+02 7.794051497958096206e+02 7.876112927354523663e+02 7.959086813076254430e+02 8.042943613716057598e+02 8.127648965661268221e+02 8.213163556881993372e+02 8.299443045989974053e+02 8.386438047324035097e+02 8.850000259006047827e+02 9.147256515471850662e+02
7.833760146857815698e+02 8.370717282867957465e+02 8.742599478247293519e+02 8.847692961010652652e+02 8.769293541163337977e+02 8.613935205481337789e+02 8.390265441636363448e+02 8.065811883219421361e+02 7.667904665052855080e+02 7.183260452155076337e+02 6.644583085242414882e+02 6.685848388772620865e+02 7.067401899629687705e+02 7.212250089237440989e+02 7.286836623733559009e+02 7.264569969512770058e+02 7.060531616150736909e+02 7.413927749898713273e+02 7.618351014398531333e+02 7.749964765076169897e+02 7.843682346193535295e+02 7.916625375668403422e+02 7.976673038453735671e+02 8.022725974580998809e+02 8.098988370171057340e+02 8.150608905304812879e+02 8.205389550392262663e+02 8.264771852215457102e+02 8.368576038823309773e+02 8.477046994305247836e+02 8.579637831997273452e+02 8.660577153759725206e+02 8.713001591647143869e+02 8.689164965368615867e+02 8.479245743310423222e+02 8.600910521835518239e+02 8.723021284597822387e+02
7.674696360337419492e+02 8.168765073549333238e+02 8.452077081056812631e+02 8.465145021915759571e+02 8.325205587486708509e+02 8.120708150392594007e+02 7.856197761360541563e+02 7.501548832551189889e+02 7.074946660139964933e+02 6.562214622175401928e+02 6.603329873625838218e+02 6.939069174591446654e+02 7.327261286373812936e+02 7.568138817202333257e+02 7.649361088285633059e+02 7.535544859486949463e+02 7.186171886715889059e+02 7.696032060815094837e+02 8.058039889618667075e+02 8.279889820017704096e+02 8.418602121539049676e+02 8.508094711997777040e+02 8.567977384021701255e+02 8.608646770245052267e+02 8.667792005624676221e+02 8.699072477879561802e+02 8.723347242848913083e+02 8.757232845617814974e+02 8.886533431884271295e+02 9.005412493503031328e+02 9.108344358030177546e+02 9.164960509376489881e+02 9.153027598525452504e+02 8.990551723581719443e+02 8.607975581869942516e+02 9.002284527797107785e+02 9.251002152710349264e+02
7.500112054466283098e+02 7.937871320357816103e+02 8.127287870617769840e+02 8.070853624420041115e+02 7.878281428765498049e+02 7.629292385108229837e+02 7.325624358665819500e+02 6.939144028042971968e+02 6.480031806759470783e+02 6.521117259787675948e+02 7.062136776000418195e+02 7.386920217524536838e+02 7.693465440192078404e+02 7.918406275597041031e+02 7.964404427399457518e+02 7.749302566280350675e+02 7.312560804305297779e+02 7.893584651617798045e+02 8.378839527894875800e+02 8.728002047883931027e+02 8.943418389303233198e+02 9.074763544249891538e+02 9.154858357072353101e+02 9.206835070418082978e+02 9.254326140444443354e+02 9.272894077049987800e+02 9.271808313533719001e+02 9.275187807327880591e+02 9.417872213060726381e+02 9.536585055307632501e+02 9.624017006614662932e+02 9.636216337451234040e+02 9.538297064435099628e+02 9.232640188855100405e+02 8.737244306411636217e+02 9.279476750168734043e+02 9.684358571229627159e+02
7.320000646762313181e+02 7.694724663486692862e+02 7.792340216838123297e+02 7.673341506083604600e+02 7.435341380439444947e+02 7.148376236126384811e+02 6.810651795836040492e+02 6.397926269319921175e+02 6.438970135091252587e+02 7.019791799704255482e+02 7.518630792683242134e+02 7.819399270157160799e+02 8.072582795720956028e+02 8.256555217229476966e+02 8.231691474738870511e+02 7.925146271745818467e+02 7.439971443414116266e+02 8.044924135933721345e+02 8.593179213424109548e+02 9.053735769286040522e+02 9.385079798688800565e+02 9.589324897143349062e+02 9.713027601832154687e+02 9.789425096560419206e+02 9.843675479027217534e+02 9.858976781236679017e+02 9.849088765875166018e+02 9.823645582406363701e+02 9.962148185169694443e+02 1.006561067974960224e+03 1.011992273647543698e+03 1.006586784117335128e+03 9.851310917187164478e+02 9.426658560121985602e+02 8.867336125142004448e+02 9.472950745768180241e+02 9.992506434530346269e+02
7.139107569733416767e+02 7.444051523137445656e+02 7.452040581467954325e+02 7.275818640816928564e+02 6.999724413756470085e+02 6.682370807532651042e+02 6.315962701791344216e+02 6.356917934170273838e+02 6.874866602761281911e+02 7.460779774150165622e+02 7.937536966869978414e+02 8.238901448101721599e+02 8.449481189771591971e+02 8.580508123712296538e+02 8.468543714743999544e+02 8.095350413736704240e+02 7.568967469812419040e+02 8.168499962763926305e+02 8.738310960177814195e+02 9.256997601768568984e+02 9.695163042041157269e+02 1.001264277673547554e+03 1.021097601721387264e+03 1.033483923409573208e+03 1.041670835789528610e+03 1.044366213558995469e+03 1.043654313740997168e+03 1.040955835531575985e+03 1.051627241108464204e+03 1.058422373992841813e+03 1.058570131151801434e+03 1.044566835191240216e+03 1.010930226603047572e+03 9.603718698023695879e+02 8.998839633014679293e+02 9.620912855809677922e+02 1.019420109565959933e+03
6.963057194792534119e+02 7.177765437397797541e+02 7.103583259893910054e+02 6.877664754034068437e+02 6.572277729548425214e+02 6.234146241646795943e+02 6.275048606389694896e+02 6.935416582970914305e+02 7.509968171377397539e+02 8.030993042740943793e+02 8.415522867785231256e+02 8.663623506334348576e+02 8.819301676418516536e+02 8.886152642790553955e+02 8.681035452827541121e+02 8.253209967920745385e+02 7.699899001068606594e+02 8.271747102643502103e+02 8.832731554432587018e+02 9.370810078953826405e+02 9.865782253847505672e+02 1.028944350845873259e+03 1.060416965385176809e+03 1.080816410597623872e+03 1.094473061594355386e+03 1.100442683280222809e+03 1.101805828893248190e+03 1.101782039208378137e+03 1.106437142562829649e+03 1.107545647586939140e+03 1.099934614264123184e+03 1.073940939657783929e+03 1.030105532113659820e+03 9.748666331550959967e+02 9.132106688850703904e+02 9.741314154376515262e+02 1.032653894357778427e+03
6.766891550126284756e+02 6.883100511738746263e+02 6.743255622968473517e+02 6.476803641494966541e+02 6.152487597652835802e+02 6.193302351432256501e+02 6.799641608455160622e+02 7.421212368777017900e+02 8.009843371803290211e+02 8.526949016882243768e+02 8.882006616395182164e+02 9.079541790278873350e+02 9.171433812939905010e+02 9.151449501722095192e+02 8.851790244750046668e+02 8.383090722382409012e+02 7.833165823158210515e+02 8.351227411765095212e+02 8.879426257670644418e+02 9.410235851779790437e+02 9.927104269885192025e+02 1.040937431185467403e+03 1.083089429405529472e+03 1.115820934502148475e+03 1.138423011898574032e+03 1.150500497803765256e+03 1.155378202735854074e+03 1.156412601216760777e+03 1.157042096338179363e+03 1.151242496730420953e+03 1.132746557956713332e+03 1.095145234235544422e+03 1.045175028570771019e+03 9.878833904275753639e+02 9.267853026033080823e+02 9.840862801058827927e+02 1.040761437710452128e+03
6.560674225969405597e+02 6.574871752282805346e+02 6.372310863115974371e+02 6.071032036303063251e+02 6.111742480326106488e+02 6.674917539567974245e+02 7.263051778554586235e+02 7.862246265247138126e+02 8.441590188580377117e+02 8.953957248562476252e+02 9.312758934815601606e+02 9.473032091783321675e+02 9.500900710973694459e+02 9.382054863677053618e+02 8.998754382020692901e+02 8.482878722884360059e+02 7.969557137646382898e+02 8.379451237551069198e+02 8.863817278885356927e+02 9.376849739899417955e+02 9.895122678285213169e+02 1.040393017996184199e+03 1.088524749271341761e+03 1.131543592648802360e+03 1.166891473704395594e+03 1.189952907335952204e+03 1.200930416489910158e+03 1.203552646156177616e+03 1.200723279513323405e+03 1.186927366332678503e+03 1.156280964830954190e+03 1.110842957649746950e+03 1.057508850579844420e+03 1.000273554593574772e+03 9.407274771159590045e+02 9.938504635018136923e+02 1.046968153659207474e+03
