_codes/_figurecodes/_data/lowRvar/nonsteady/20m_HalfMtrThresh_Diffusion_Tc10/topographic_elevation_depth20m_tc10.asc
nrows 200
cellsize 50.0
xllcorner 0.0
ncols 200
yllcorner 0.0
[rows 68 to 84 of 200, columns 0 to 36 of 200]
2.550917075450176257e-04 1.188119640249422446e+03 1.156943244131638494e+03 1.107564238654490737e+03 1.048776307864132150e+03 9.862131337657534687e+02 9.232665516425804526e+02 8.646452499070121576e+02 8.097722053169781020e+02 8.732420325362985523e+02 9.333963474127134532e+02 9.847933385958588133e+02 1.018893117090180795e+03 1.023024692713314380e+03 9.947869770913008551e+02 9.474710761130609171e+02 8.901241176736416492e+02 8.285685563338037127e+02 7.663360139263937754e+02 7.077426504074944660e+02 6.528954893013165020e+02 6.010995809582493621e+02 5.518539541891057070e+02 5.047827494994045310e+02 5.633741597839560882e+02 6.257031088521722495e+02 6.878835560671611802e+02 7.468671515309509914e+02 7.973523313015451777e+02 8.308371903510628727e+02 8.345318065790216906e+02 8.061642591821610040e+02 7.594777932697892311e+02 7.046200896819798345e+02 6.458660897741406188e+02 7.071207351151696230e+02 7.653576222708784371e+02
1.714205815829333780e-04 1.178307499943466155e+03 1.147150757653654864e+03 1.097802311044308453e+03 1.039048167743322892e+03 9.765164519134158354e+02 9.135959838929966281e+02 8.549748090841749217e+02 8.001031317799669296e+02 8.637246386689432711e+02 9.241166421287632602e+02 9.758763515511021751e+02 1.010514221169038478e+03 1.015416357121220585e+03 9.877306367811185055e+02 9.408042806089487158e+02 8.837275176333123454e+02 8.223550263608671003e+02 7.602431575518179443e+02 7.016498333052854832e+02 6.468027424492483988e+02 5.950069078923421557e+02 5.457613298846854377e+02 4.986901397536339573e+02 5.572815226527673076e+02 6.196850314952304188e+02 6.816923779527148781e+02 7.400477367768180557e+02 7.892507981195188904e+02 8.206246569179799053e+02 8.213046691850299794e+02 7.909277314940904944e+02 7.425963998804649009e+02 6.851423510493377762e+02 6.235398188291942461e+02 6.869603674630109253e+02 7.468642925803765138e+02
2.858997739700196335e-04 1.168556425291074675e+03 1.137428071638795245e+03 1.088123708503403805e+03 1.029418082105810527e+03 9.669309921851245235e+02 9.040465783223071412e+02 8.454257466538990684e+02 7.905555200059137633e+02 8.543184472426906950e+02 9.149335400946910113e+02 9.670371341570800041e+02 1.002190901843141319e+03 1.007839501365846786e+03 9.806950413131165760e+02 9.341574748328264377e+02 8.773557621053495268e+02 8.161729675958092685e+02 7.541875418694210111e+02 6.955942603149976549e+02 6.407472402539865470e+02 5.889514763266743103e+02 5.397059424528097225e+02 4.926347655072171960e+02 5.512261241989772316e+02 6.135170105757891861e+02 6.752139526616831517e+02 7.328746064052277234e+02 7.807984884292197876e+02 8.101036197442567754e+02 8.077180530696826963e+02 7.750699052468049786e+02 7.248927518691557452e+02 6.656648317359860130e+02 6.025732879964793938e+02 6.671036740614857763e+02 7.277580304852409654e+02
1.370447898247512130e-04 1.158825539812607303e+03 1.127739095677891555e+03 1.078500013272175465e+03 1.019866406804295934e+03 9.574453683696240205e+02 8.946134543869471827e+02 8.359931560111926956e+02 7.811244219166710536e+02 8.450150729400446608e+02 9.058339607791020853e+02 9.582569529931796524e+02 9.938988152138018677e+02 1.000266203262207114e+03 9.736539080464012841e+02 9.275097888300111890e+02 8.709952192710236432e+02 8.100159150629020814e+02 7.481684192343043378e+02 6.895751835669917682e+02 6.347282342297954756e+02 5.829325378087269200e+02 5.336870445383103743e+02 4.866158790735134971e+02 5.452072155636374191e+02 6.073348830486363568e+02 6.686712402708344598e+02 7.255944798970904230e+02 7.722041390209936935e+02 7.994087605000388521e+02 7.939158096931346336e+02 7.590004352702386541e+02 7.071566258827888305e+02 6.466706244647231188e+02 5.827246314242614744e+02 6.484491620457106364e+02 7.090549620805521727e+02
4.667594471882550349e-04 1.149054681692754002e+03 1.118030469177293526e+03 1.068889131894789671e+03 1.010364524675492135e+03 9.480442360647649593e+02 8.852920556206831861e+02 8.266724532458273416e+02 7.718052188397386999e+02 8.358046553861029224e+02 8.968006804894357629e+02 9.495092794055958620e+02 9.856014816611995002e+02 9.926524324062512505e+02 9.665646112915814001e+02 9.208267953588921273e+02 8.646232596460150717e+02 8.038733294415466162e+02 7.421850672043478880e+02 6.835918801134934029e+02 6.287450012504118604e+02 5.769493690045866288e+02 5.277039126175478714e+02 4.806327579337173006e+02 5.392240742146240109e+02 6.012461436158185961e+02 6.622533057061531281e+02 7.184242754769983321e+02 7.636523713925403172e+02 7.886523199399641726e+02 7.799745981131211465e+02 7.428646966045662339e+02 6.895857959763566214e+02 6.281947945226202137e+02 5.637197569568468225e+02 6.289613666229015507e+02 6.880003450272955661e+02
4.374845901945355786e-04 1.139154704876438700e+03 1.108221984753678953e+03 1.059226536352169887e+03 1.000868148397295386e+03 9.387048353523201740e+02 8.760781198036655724e+02 8.174593479904817741e+02 7.625935932819315894e+02 8.266753036356213897e+02 8.878107582271412639e+02 9.407563612275988589e+02 9.772440345025561328e+02 9.849284490500430138e+02 9.593575733637902658e+02 9.140510871557409018e+02 8.582016177727819013e+02 7.977274346634704898e+02 7.362367872739807808e+02 6.776436512371066101e+02 6.227968420659821049e+02 5.710012707979326478e+02 5.217558480873234430e+02 4.746847036155488126e+02 5.332760008898874275e+02 5.954162373529762817e+02 6.562115435224034172e+02 7.116247051833724981e+02 7.553282036883294950e+02 7.778518064417467031e+02 7.657734052495759443e+02 7.265396614052413042e+02 6.720839385908061558e+02 6.101318869605350983e+02 5.454498366728822702e+02 6.094713743266479469e+02 6.662552601074690983e+02
1.158369594457527794e-04 1.128994721531056030e+03 1.098192717366991246e+03 1.049410844109095251e+03 9.913048232914972004e+02 9.293898240032525564e+02 8.669676517376989295e+02 8.083498181197244321e+02 7.534855032804163102e+02 8.176127126289071612e+02 8.788340272246093718e+02 9.319450350676740982e+02 9.687443140178111207e+02 9.769836179882584020e+02 9.519185543923707655e+02 9.070858244796964982e+02 8.516642654735085216e+02 7.915471597165243338e+02 7.303229038258857599e+02 6.717298208178740424e+02 6.168830804766835172e+02 5.650875668424885134e+02 5.158421750877756722e+02 4.687710404731393510e+02 5.273623194328565660e+02 5.902403166515609882e+02 6.509812877169166541e+02 7.055896832429226606e+02 7.474721546718141099e+02 7.668176452759392987e+02 7.508597871030320903e+02 7.095962811841320672e+02 6.543032430070417149e+02 5.922337712032762056e+02 5.278279334914906258e+02 5.904447455585196849e+02 6.449542483585514674e+02
4.188268578552605328e-04 1.118387863594123019e+03 1.087762521590275355e+03 1.039280297034560135e+03 9.815494148221247315e+02 9.200306363082374901e+02 8.579569003458346970e+02 7.993400870591069634e+02 7.444771594048559109e+02 8.086005356608349075e+02 8.698326675534086689e+02 9.230026380524633396e+02 9.599810275509727262e+02 9.686429974605831603e+02 9.440594387699595700e+02 8.997660000317092681e+02 8.448948218647446993e+02 7.852758101848647811e+02 7.244427630371770874e+02 6.658497348812998098e+02 6.110030620266376218e+02 5.592076029076340546e+02 5.099622396049712165e+02 4.628911147826577803e+02 5.243990736870097180e+02 5.868810673848316810e+02 6.472571159805352181e+02 7.009054957270765271e+02 7.405441938480920498e+02 7.547851332141184457e+02 7.341943915136695296e+02 6.912415276679751059e+02 6.356077386779822973e+02 5.739901002324945694e+02 5.107832616297005188e+02 5.720913246650712836e+02 6.246037415022524328e+02
8.359926212321881159e-04 1.107081635162872772e+03 1.076671894800534574e+03 1.028576524463400119e+03 9.713745198385914819e+02 9.104833747147464464e+02 8.490423375127296595e+02 7.904266042184613070e+02 7.355650036990266472e+02 7.996229035442705708e+02 8.607643287944613348e+02 9.138354813266955716e+02 9.507797497126339294e+02 9.596325464065300821e+02 9.354709546738442896e+02 8.918086013983041767e+02 8.376838635230720911e+02 7.788034865943366185e+02 7.185938017416149250e+02 6.600008297847169842e+02 6.051542231104310758e+02 5.533588153496276618e+02 5.041134782599179971e+02 4.570423635813382361e+02 5.194410212062656456e+02 5.819585236925011031e+02 6.417583095464340204e+02 6.940677933806545070e+02 7.313313655561709083e+02 7.418603892281646495e+02 7.187877969516944177e+02 6.746985920402313468e+02 6.187266715281355118e+02 5.572048552746686028e+02 4.943184582747877585e+02 5.544804191227161709e+02 6.053958286174640762e+02
6.181022090206690850e-04 1.094767832190656918e+03 1.064573120011184756e+03 1.016899240378230047e+03 9.603538469896292327e+02 9.003939620124709791e+02 8.402206402321188534e+02 7.816060267095218705e+02 7.267456905560143241e+02 7.906723114136618733e+02 8.515943182345200739e+02 9.043355991222329067e+02 9.409001050646966178e+02 9.495303330687139578e+02 9.256485028686034866e+02 8.827281595791898781e+02 8.296498728484076537e+02 7.718992793243644428e+02 7.127409083544314399e+02 6.541825613384102098e+02 5.993360191656846609e+02 5.475406598387155555e+02 4.982953471517706703e+02 4.512242428732391772e+02 5.138153472649753439e+02 5.760794944486260647e+02 6.349426029927213904e+02 6.854879785622875943e+02 7.202103160391521897e+02 7.279447781854509003e+02 7.038667803712927480e+02 6.593686115427846062e+02 6.032042740931234448e+02 5.415018603078327715e+02 4.783725844262569922e+02 5.375177462607199459e+02 5.869734878576173287e+02
7.414192848541757263e-04 1.081138915641930680e+03 1.051067078237546639e+03 1.003691820468873061e+03 9.477249693056197657e+02 8.887295155700085161e+02 8.299337464120380901e+02 7.728752033144370444e+02 7.180160691264730985e+02 7.817705036302392045e+02 8.423286036058949549e+02 8.944073283962374035e+02 9.300324770103051151e+02 9.377047471816911184e+02 9.137807309203435580e+02 8.716987382773204445e+02 8.201111452075537045e+02 7.640573571258231595e+02 7.062473836680098884e+02 6.483944009930163475e+02 5.935479216246574197e+02 5.417526079966162342e+02 4.925073179534098813e+02 4.454362245150884405e+02 5.080737405404158835e+02 5.697959420576494267e+02 6.271849523276058562e+02 6.751555941797387277e+02 7.064197233098504967e+02 7.116933062454937726e+02 6.889854086968560978e+02 6.450963004907121103e+02 5.890946897453026168e+02 5.270529662074957287e+02 4.628948456789427155e+02 5.211598739318670823e+02 5.692135005946795445e+02
4.831831482572142159e-04 1.066018937690967732e+03 1.035841200652110274e+03 9.883902502580189093e+02 9.325946797413076865e+02 8.743030568785949299e+02 8.169750740156301845e+02 7.620690268653241901e+02 7.093731673576319281e+02 7.730218328660719180e+02 8.330919214837101663e+02 8.840339049991434877e+02 9.178197509291128426e+02 9.232531887383233880e+02 8.985903864888556427e+02 8.573196866847293904e+02 8.079562033859376697e+02 7.548634033253953248e+02 6.993374828493796258e+02 6.426358356639040039e+02 5.877894174186881173e+02 5.359941470556746026e+02 4.867488782108388818e+02 4.396777956204368820e+02 5.028064173304367728e+02 5.637306818633483090e+02 6.188365872359261175e+02 6.627491167651269279e+02 6.875416451636732518e+02 6.887508125747406211e+02 6.692304579980396966e+02 6.278041206354962469e+02 5.733207327083351856e+02 5.119129695320307292e+02 4.477970212896565272e+02 5.055058832772711526e+02 5.521904856565569162e+02
4.343570298864094436e-04 1.049558919613702074e+03 1.018899701939359034e+03 9.706632404150050206e+02 9.140585685987651914e+02 8.555190880487094773e+02 7.993583727414086297e+02 7.476582929571486602e+02 7.008141771633781900e+02 7.647551122798724919e+02 8.242991553996163248e+02 8.734113392270920713e+02 9.039201165006603560e+02 9.049977099062704156e+02 8.781409138889964652e+02 8.370493297463158342e+02 7.908479477133502087e+02 7.436895325966213477e+02 6.924567379971889522e+02 6.369045502130526302e+02 5.820581630841151082e+02 5.302629091364121905e+02 4.810177046437133299e+02 4.339466511518921834e+02 4.964100762298942300e+02 5.552448864907778443e+02 6.061582647094982121e+02 6.434286809056933407e+02 6.597555843605747441e+02 6.589384881357669883e+02 6.444027410677200578e+02 6.077401773036696113e+02 5.564360610663095486e+02 4.966285070843421181e+02 4.330497052648002523e+02 4.910663715429102467e+02 5.363204890128114357e+02
4.839265138725501447e-05 1.032446047964174340e+03 1.000904940737111588e+03 9.509316104900339042e+02 8.916862936908414667e+02 8.302957609414419267e+02 7.730750691939756507e+02 7.232652513737048139e+02 6.923364411507442355e+02 7.579387465529533756e+02 8.170013752043078057e+02 8.631639090609021423e+02 8.880643328764849684e+02 8.817302079499000911e+02 8.499723476240903892e+02 8.062836133072787561e+02 7.627191074635115910e+02 7.295747429835945468e+02 6.879308520014078567e+02 6.392946306360562403e+02 5.873555743481579157e+02 5.344746695917466468e+02 4.814117177420946518e+02 4.282423710368558432e+02 4.899157123542669865e+02 5.453739587002806957e+02 5.896708983347078856e+02 6.164976428159541229e+02 6.243916356278235753e+02 6.221185674871092033e+02 6.129468961458790091e+02 5.850403888641139929e+02 5.392177673182991384e+02 4.819597760668489741e+02 4.185878609558928929e+02 4.751995831085964141e+02 5.178585583393022489e+02
1.050717860942479475e-04 1.015936816554789971e+03 9.834984983763688433e+02 9.313843062600585654e+02 8.671844603329948313e+02 7.974461115111408844e+02 7.340742819647578017e+02 6.754735642656162327e+02 6.838918785913416514e+02 7.555306434839394569e+02 8.134012877471562888e+02 8.545647492910213714e+02 8.696678395622531070e+02 8.530030565953688892e+02 8.130180636833187009e+02 7.599377140119931937e+02 7.037665673534951338e+02 6.972411313980394425e+02 6.720163475672750337e+02 6.323623110321989316e+02 5.848425294288332452e+02 5.330699291105272550e+02 4.786651461364994589e+02 4.225557664909680966e+02 4.817514407151027171e+02 5.312517622331769189e+02 5.647951524094946762e+02 5.797627949759647663e+02 5.816958505345955928e+02 5.782458422435997818e+02 5.728278408346684500e+02 5.549858273451459354e+02 5.188030308823995256e+02 4.663201279318894876e+02 4.043565985577659490e+02 4.584602421223025885e+02 4.975010390978804935e+02
4.134587136496282816e-04 1.001306493128148531e+03 9.688828706904804449e+02 9.171783386681642014e+02 8.551044913230326756e+02 7.891152030108827375e+02 7.257445135676073278e+02 6.671447539561238500e+02 7.102145551431890453e+02 7.635323210170413404e+02 8.121828143920413368e+02 8.449363948541993068e+02 8.478603554072108182e+02 8.200739995576661840e+02 7.728348493845712710e+02 7.150382629772079781e+02 6.519700113664243872e+02 6.565192097928623980e+02 6.429245502270941870e+02 6.143386598154552303e+02 5.738163512493092639e+02 5.263246948543652479e+02 4.735535597794630576e+02 4.168831713759285549e+02 4.695954002194666828e+02 5.091462525828889625e+02 5.292860038381987806e+02 5.355859821781372148e+02 5.331579954298300663e+02 5.284760679201363018e+02 5.259334137614994233e+02 5.155965780461972372e+02 4.918400133738048225e+02 4.476412649476803836e+02 3.903084007180671620e+02 4.408723894732443682e+02 4.748190671722612137e+02
7.370168819010763147e-04 9.885340501294554088e+02 9.564804154884448053e+02 9.056130146939735823e+02 8.450292335130624224e+02 7.808525274507886706e+02 7.174829543920657215e+02 6.588841036447245187e+02 7.123113016304313305e+02 7.642018857486914385e+02 8.084224601947885276e+02 8.347187455512040515e+02 8.281793326958510306e+02 7.914238691438314390e+02 7.369712264876166046e+02 6.751779680231751399e+02 6.112191491690061866e+02 6.131769064322222675e+02 6.017707526695683100e+02 5.809903221709896570e+02 5.508007982473230868e+02 5.125532618102625975e+02 4.655814699697531296e+02 4.112227396754121855e+02 4.540396511248128490e+02 4.788334177441881252e+02 4.864959818184868823e+02 4.861897553461727171e+02 4.806741882977221394e+02 4.739805339405932045e+02 4.741263971234085375e+02 4.698797405238790930e+02 4.594696333959685717e+02 4.275355068339264903e+02 3.764356219911337575e+02 4.223900159565774857e+02 4.478823199652098310e+02
