_codes/_modelcodes/_input/topographic_elevation_4.asc
nrows 200
cellsize 50.0
xllcorner 0.0
ncols 200
yllcorner 0.0
[rows 102 to 118 of 200, columns 74 to 110 of 200]
7.806054618937403120e+02 7.203614828199697513e+02 6.603456609831490596e+02 6.021161199840224754e+02 5.472713246319177642e+02 4.954767567187560644e+02 5.537229912803396701e+02 6.029129616349164280e+02 6.361190634547414220e+02 6.437033606629588576e+02 6.227996901442410262e+02 5.840695107926422907e+02 5.354603256930054158e+02 4.823168789340254534e+02 4.275113659674382234e+02 3.721471297007913108e+02 4.187340087194285729e+02 4.650655711832028487e+02 5.110169276361044126e+02 5.563069660799787925e+02 6.008661365718728575e+02 6.448381824420175690e+02 6.859069979726501742e+02 7.195402126222331844e+02 7.386026691035567637e+02 7.323852197528747183e+02 7.003716072868069205e+02 6.503564460337213404e+02 7.052002583381683962e+02 7.637893510949851361e+02 8.245338068685445023e+02 8.844813511064435261e+02 9.401007838598130775e+02 9.861063799853378669e+02 1.014763023681284608e+03 1.014817909818540556e+03 9.862479624363396624e+02
7.698075123536298179e+02 7.085111654210743382e+02 6.469018558350128387e+02 5.883116965040690047e+02 5.334668221429212736e+02 4.816722197290278018e+02 5.388678950698548533e+02 5.863269978167927547e+02 6.178315423299771965e+02 6.260590614424096430e+02 6.114222959098721049e+02 5.768481095700578862e+02 5.304175689234052697e+02 4.783351658821661090e+02 4.241982032904968491e+02 3.691814430794913733e+02 4.170424490239454371e+02 4.633189708763812291e+02 5.073659015521902802e+02 5.488022581610723591e+02 5.888091410837606645e+02 6.322273531787122920e+02 6.758981253180498925e+02 7.150423726982301105e+02 7.425898786090374415e+02 7.475350694425698066e+02 7.238786835189760041e+02 6.789487967057790456e+02 7.314096764325980757e+02 7.899563948639710134e+02 8.512269608326297430e+02 9.103743500943879781e+02 9.630813827743429556e+02 1.003413746961007860e+03 1.022935624820890894e+03 1.011040997604953873e+03 9.746722192433412602e+02
7.581099607758211505e+02 6.960027427605475623e+02 6.334843538172692661e+02 5.748941064921879160e+02 5.200491657278030289e+02 4.682545413277964030e+02 5.236851261570602674e+02 5.667136937652047664e+02 5.917772310538247211e+02 5.985245669467392418e+02 5.902088281611826233e+02 5.620364006793487306e+02 5.184235334229603041e+02 4.682960496029469937e+02 4.170660681378314507e+02 3.662187570933797929e+02 4.159177512749182597e+02 4.599800754520821897e+02 4.991761596179945855e+02 5.319376654854464732e+02 5.596181032515482912e+02 6.052629442638318551e+02 6.534821926845231701e+02 6.992640581164415607e+02 7.364378552561316837e+02 7.568183198066440127e+02 7.485489947764600629e+02 7.125215907653677050e+02 7.500166815386789949e+02 8.133673056416372447e+02 8.788806827168629070e+02 9.372679946628481957e+02 9.861414677964510247e+02 1.019211839151475829e+03 1.026127385125812225e+03 1.002684997063293395e+03 9.596894825979601364e+02
7.462600549067641396e+02 6.834383398794839195e+02 6.203915203855098071e+02 5.618011910070407566e+02 5.069561957406876900e+02 4.551615598055261103e+02 5.055127045410885671e+02 5.386360580798716455e+02 5.551143438580852489e+02 5.619103271284642460e+02 5.580789346901373165e+02 5.364474274102556137e+02 4.951909479066089261e+02 4.463343755521471508e+02 3.996675544823550581e+02 3.632576642195372756e+02 4.066512568445728562e+02 4.409899429654605001e+02 4.695358840228844883e+02 4.924306152765385605e+02 5.080957124497671771e+02 5.654947923463778352e+02 6.221259385337416461e+02 6.762579084618422485e+02 7.232236652776664414e+02 7.587753787941311430e+02 7.766058986994610223e+02 7.782345023334858070e+02 7.952020646188302635e+02 8.539574390440195657e+02 9.115200089202563731e+02 9.641967295053958651e+02 1.006687042389314001e+03 1.030772229895454984e+03 1.025112422392736335e+03 9.928285727282576545e+02 9.443815769659296393e+02
7.346208393461899959e+02 6.709240202075592379e+02 6.075722408577130409e+02 5.489818363540574637e+02 4.941367976087081502e+02 4.423421581944053287e+02 4.809015871787711944e+02 4.993419970005290338e+02 5.086860753850855303e+02 5.187159871586487725e+02 5.202343866225427291e+02 5.033678917811394058e+02 4.612220174209818992e+02 4.068250529039526100e+02 3.573511048395478156e+02 3.602969641890878734e+02 3.802600421519851466e+02 4.004588055326705671e+02 4.211584329394279962e+02 4.424029184472685756e+02 4.645628620199549914e+02 5.231536716848611377e+02 5.865059207505698851e+02 6.488483224597736125e+02 7.022346681117543312e+02 7.490734225720730137e+02 7.883927535860433409e+02 8.175539168404021666e+02 8.462748372508319790e+02 8.931596494487649807e+02 9.427664580483457257e+02 9.890014424792536829e+02 1.024346236987652901e+03 1.037802069971342007e+03 1.020003057628375018e+03 9.806232017412123696e+02 9.278678535621747869e+02
7.235486534841879802e+02 6.583601989091613405e+02 5.950083472737940156e+02 5.364178752910296453e+02 4.815728030491881100e+02 4.297781649467646048e+02 4.483138938293348588e+02 4.507108834583433463e+02 4.514938555288393331e+02 4.718731569101976220e+02 4.812853342031417583e+02 4.688081881136379252e+02 4.236456694321507825e+02 3.514617188052551455e+02 3.544062194262228331e+02 3.989622286292686226e+02 4.294577051520701048e+02 4.523482547054650809e+02 4.722018667908836846e+02 4.863803177009862679e+02 4.908315748229646829e+02 5.343643839236093527e+02 5.795510208201925479e+02 6.266213401121651714e+02 6.758655078994680707e+02 7.276590263365922056e+02 7.825029568635241048e+02 8.295385630053729074e+02 8.721444446500605636e+02 9.175484248838246231e+02 9.635366572339008826e+02 1.005170911890888874e+03 1.034424082410948131e+03 1.038844960552856037e+03 1.013694997029334218e+03 9.695215220102227249e+02 9.141301408075263453e+02
7.141614462452535008e+02 6.460123155364241256e+02 5.826603927259292277e+02 5.240698611036312968e+02 4.692247637953157664e+02 4.174301270940434847e+02 4.054793755827433870e+02 3.935907803002893957e+02 3.817833998130633404e+02 4.259292696578256709e+02 4.455471798772334182e+02 4.413302086659487031e+02 4.046671733819785572e+02 3.485183860304198333e+02 3.853140272118209850e+02 4.259361416287094357e+02 4.621738545506070750e+02 4.903155651424981443e+02 5.116035858394211573e+02 5.233773647678441421e+02 5.220856171832447217e+02 5.639655771111748663e+02 6.068612564981336845e+02 6.518231312573917648e+02 6.985857385462974207e+02 7.463189199885251810e+02 7.938442709388726826e+02 8.387961410348362961e+02 8.831194944703149758e+02 9.283885418510251384e+02 9.729394085198050561e+02 1.012032522069143965e+03 1.037324519095540381e+03 1.035657348802546494e+03 1.005919673365440872e+03 9.586840843864041517e+02 9.015751549741155486e+02
7.102801139849293577e+02 6.502036868888021672e+02 5.936839074941601666e+02 5.425981289155388367e+02 4.974085838732328853e+02 4.582874148043781588e+02 4.362308728209829951e+02 4.076576465864457646e+02 3.701902064148447948e+02 3.955007683720995715e+02 4.142063309509508713e+02 4.173928135816954068e+02 3.900978366065073715e+02 3.455762195173197142e+02 3.918440559107131662e+02 4.351217547571723685e+02 4.739028487584280924e+02 5.067323743201256434e+02 5.326705621674229860e+02 5.495482086297116666e+02 5.588698582782842550e+02 5.912050512098977606e+02 6.303166294746947642e+02 6.736452317373544929e+02 7.185574917621999020e+02 7.624087987383051086e+02 8.029883728342106224e+02 8.402169903273617138e+02 8.820869350581057233e+02 9.269054510982667807e+02 9.713250588119159374e+02 1.009785586457710451e+03 1.033444696690329693e+03 1.028740945039425924e+03 9.965687049957434738e+02 9.476097667213037994e+02 8.894622895250668080e+02
7.031372838092084976e+02 6.470029133478853964e+02 5.947012691479080786e+02 5.488930420936125074e+02 5.106355868961956617e+02 4.759104574953428255e+02 4.423007682516300747e+02 4.021676486369439090e+02 3.586345267998409554e+02 3.473135257325877774e+02 3.815503610851864664e+02 3.911270410689973005e+02 3.724538906537543426e+02 3.426356081773334950e+02 3.914893439395145265e+02 4.345981047761365517e+02 4.719836128050729371e+02 5.040045202521440046e+02 5.293469994694992238e+02 5.499782210483815561e+02 5.680777821211888750e+02 6.023036335334419391e+02 6.447273233841332285e+02 6.910427006481218086e+02 7.364421168410303835e+02 7.762421351376799521e+02 8.059478190361239740e+02 8.234371503376158898e+02 8.655214425596585670e+02 9.125215602684024816e+02 9.591255770459139285e+02 9.991227922212244721e+02 1.023452807831364453e+03 1.018518538453618817e+03 9.857162779019128038e+02 9.361200744754906964e+02 8.774978676356191727e+02
6.923800269810946020e+02 6.361376744563224293e+02 5.832945917019775379e+02 5.380892334362158635e+02 5.094518095066167120e+02 4.819057757814967431e+02 4.508166321671002379e+02 4.143302307552928596e+02 3.744467590164965713e+02 3.361459675775225833e+02 3.594791515884796240e+02 3.613493710585041185e+02 3.367568992795913800e+02 3.396959648548120185e+02 3.858704987758018206e+02 4.225487093204260987e+02 4.516940229573908709e+02 4.771319043519331444e+02 4.991396163770800172e+02 5.208910285893940681e+02 5.414199598018429924e+02 5.895431844936932748e+02 6.430199491253347333e+02 6.969258977234449048e+02 7.439154231285600645e+02 7.776227749591439533e+02 7.893977164672627396e+02 7.754718647872155088e+02 8.316273341028505683e+02 8.864749770036947893e+02 9.381317862103016978e+02 9.816544299505586650e+02 1.008556896751263935e+03 1.005652409397024144e+03 9.736579515701931768e+02 9.242830092239058786e+02 8.656313368332814662e+02
6.758467780960638720e+02 6.159080734466891727e+02 5.559581661202803389e+02 4.996857845386476811e+02 4.767258444690470469e+02 4.602621339650603431e+02 4.405709765493015766e+02 4.109316807279178079e+02 3.716344422554007565e+02 3.250606772159382558e+02 3.279793538395218206e+02 3.308984068823936582e+02 3.338182168162566654e+02 3.518363033730836378e+02 3.702812343304706815e+02 3.891887876073390657e+02 4.087064067363401705e+02 4.291504785332560914e+02 4.506860127729524379e+02 4.739076892287048395e+02 4.993551991004024444e+02 5.627076186241973801e+02 6.324172891892543475e+02 6.980415383303555927e+02 7.454922864322480791e+02 7.708031923039176263e+02 7.646357932182554578e+02 7.319385026671106971e+02 7.949895720874025073e+02 8.558918036692685973e+02 9.124561553516073218e+02 9.600101266600388499e+02 9.904476390960007848e+02 9.910317761514490940e+02 9.608802979128474817e+02 9.123635989064015348e+02 8.539826965383056177e+02
6.549727057319940968e+02 5.906834789397961458e+02 5.209735163600367969e+02 4.576209823252638671e+02 4.218700994333809149e+02 4.159134843891602600e+02 4.091945696111592383e+02 3.893094956161800155e+02 3.567487268462334669e+02 3.221964078618402709e+02 3.628159300212633411e+02 3.870001331038946546e+02 4.004574752266346991e+02 4.171051957498168008e+02 4.349602804107904603e+02 4.516660265669007117e+02 4.672972822091229546e+02 4.872889674323657232e+02 5.054061045060890933e+02 5.220230174370943814e+02 5.322953370631374810e+02 5.915486726689454144e+02 6.549009912051125184e+02 7.112604532918433051e+02 7.502246283275360383e+02 7.617554278883776533e+02 7.403679281389197513e+02 6.969647379062040500e+02 7.603180117945515804e+02 8.251341485090067636e+02 8.854138785160376983e+02 9.365542606077481196e+02 9.706956471952388483e+02 9.755303546993999362e+02 9.479789800898117846e+02 9.008179397461071858e+02 8.428629636669231786e+02
6.372703480644315732e+02 5.784416524556028207e+02 5.146019688588285135e+02 4.510243779961785435e+02 3.882962187333341717e+02 3.580188403753712123e+02 3.687252503308841938e+02 3.517814723305727966e+02 3.164691135290606780e+02 3.193324935073840152e+02 3.868658724042980452e+02 4.322347286979613159e+02 4.583206097469375209e+02 4.789028477601150939e+02 4.982374047947874942e+02 5.147255875768240685e+02 5.301778944167986083e+02 5.470297887461398432e+02 5.615351069598206095e+02 5.721349539815972776e+02 5.688841097593558516e+02 6.109485643922397458e+02 6.772799219995639532e+02 7.268804201659722821e+02 7.543743637017944366e+02 7.501244932601764503e+02 7.172922287693332919e+02 6.666876208417431826e+02 7.300407182672411182e+02 7.964214392752193135e+02 8.589382729133747034e+02 9.127916161832873740e+02 9.502941551822793826e+02 9.596831426640688960e+02 9.355796112131777136e+02 8.903687485753283681e+02 8.330168943230318064e+02
6.165897941736837993e+02 5.643345100610684995e+02 5.048444557389584588e+02 4.432199684125680506e+02 3.828554523826467175e+02 3.290334545847204595e+02 3.340669270096660739e+02 3.107437807610116351e+02 3.136060900769498971e+02 3.670984154068141265e+02 4.227542032507278122e+02 4.712482183262944204e+02 5.073310644616971672e+02 5.340937630209219833e+02 5.572271210859169059e+02 5.754295658434024290e+02 5.913808023807152949e+02 6.071085374068360352e+02 6.200832443365983409e+02 6.309409351625791942e+02 6.385937047328570770e+02 6.601928440227941337e+02 7.106740363176463688e+02 7.466095835320852530e+02 7.575180417441164309e+02 7.365902424418067085e+02 6.944751334538177616e+02 6.395021272217909427e+02 7.028550733357749323e+02 7.698808211277658984e+02 8.336237306420833875e+02 8.892784737581747549e+02 9.294029273621714538e+02 9.430661376729231051e+02 9.242693814224563766e+02 8.820602631567119261e+02 8.268045898637950586e+02
5.879368722933270419e+02 5.438156463315823430e+02 4.893004698976708369e+02 4.293670467233301338e+02 3.655185680015911203e+02 3.021643413515809016e+02 3.050227288333784372e+02 3.078820077425258432e+02 3.514161240178902972e+02 4.008599631510022050e+02 4.504988693476717572e+02 4.982942078868621820e+02 5.414791180127748476e+02 5.773876549075641833e+02 6.072872041575327557e+02 6.300142943119759593e+02 6.484449957014791153e+02 6.650029752536444221e+02 6.780558869158412563e+02 6.904034368242759001e+02 7.038515759772740239e+02 7.232168379954506463e+02 7.512275973250593779e+02 7.669243012947600846e+02 7.567891481045184037e+02 7.227740438749741543e+02 6.733598959790510889e+02 6.147960529407250760e+02 6.781488854199648131e+02 7.452593519267798001e+02 8.094765904078163885e+02 8.659839809522568430e+02 9.073980107830969928e+02 9.228370779623934368e+02 9.096124324377026369e+02 8.713211549945822298e+02 8.187383566275087787e+02
5.517342580879187608e+02 5.178681610958858528e+02 4.704263012383611908e+02 4.164270222781067332e+02 3.589469056797575490e+02 2.993135583684324388e+02 3.303857434985509940e+02 3.533420396500366110e+02 3.849118210719563535e+02 4.237600272454491801e+02 4.662489887214994724e+02 5.111331349010654321e+02 5.565424464067068584e+02 6.003713508716460865e+02 6.407139081144343891e+02 6.731125745226637491e+02 6.972413340574835274e+02 7.166829172334061013e+02 7.306720095052166926e+02 7.434902945307228492e+02 7.569851536688581746e+02 7.703056141424729049e+02 7.819186003711571402e+02 7.770675676717519309e+02 7.499315287325442796e+02 7.062835777374266399e+02 6.520097798696422160e+02 5.919469742679069668e+02 6.552997305323409591e+02 7.222110191901904273e+02 7.863426579208241947e+02 8.428422938584540134e+02 8.843030568298946719e+02 8.999270879347154732e+02 8.917351115113575588e+02 8.582101742246652520e+02 8.092638801163858489e+02
5.069546764768583671e+02 4.807349127904769261e+02 4.420703810162671630e+02 3.970255598947011322e+02 3.493446828803703283e+02 2.964638354244120819e+02 3.328091844944842137e+02 3.647491112783058611e+02 3.965666535503576711e+02 4.305142413132371075e+02 4.673972395777466886e+02 5.101750406675243994e+02 5.571493031936050784e+02 6.061915019678017416e+02 6.546258266821207599e+02 6.980842854845791408e+02 7.323521071599355992e+02 7.567591888798052651e+02 7.721174069027325686e+02 7.837946018992936388e+02 7.938835804930943141e+02 7.999521878444331833e+02 7.976890826046014809e+02 7.765889887772010525e+02 7.388476351212192412e+02 6.889113035399813043e+02 6.314978599037253844e+02 5.707024968448031359e+02 6.340552089233416382e+02 7.005215604456552683e+02 7.641036976424551312e+02 8.197955699842449349e+02 8.600065977804350723e+02 8.738661245637031243e+02 8.689937341186406456e+02 8.422154606540270834e+02 7.993578036269592531e+02
