_codes/_modelcodes/_input/topographic_elevation_4.asc
nrows 200
cellsize 50.0
xllcorner 0.0
ncols 200
yllcorner 0.0
[rows 34 to 50 of 200, columns 74 to 110 of 200]
8.439751538695034014e+02 7.831647113732835805e+02 7.212904289640490560e+02 7.847105703379436363e+02 8.467581729214298321e+02 9.044208036870925298e+02 9.529842562666573258e+02 9.852582769836903935e+02 9.984473532657410715e+02 9.995685692688265362e+02 9.987089917409099371e+02 9.976369722192308700e+02 9.820413105934843543e+02 9.470543683071620080e+02 1.009245580904250460e+03 1.070352743986294172e+03 1.127144744257485172e+03 1.173443323675350712e+03 1.199846969057584602e+03 1.193706745157031037e+03 1.159829666909064144e+03 1.110991165954399776e+03 1.055353172227093410e+03 9.978715969501369045e+02 9.414820352506013705e+02 8.879977338275080001e+02 8.384558135631716596e+02 7.938783271872018759e+02 7.562635329796117958e+02 8.150781571879556395e+02 8.716286659799129666e+02 9.238044230667039756e+02 9.671068308340138628e+02 9.945018007483754445e+02 9.972370666559344272e+02 9.829889047671824756e+02 9.936662204379182413e+02
8.362936513046173559e+02 7.760641729826008941e+02 7.142742418076682043e+02 7.774756391639438107e+02 8.376750382554349699e+02 8.907630252116759948e+02 9.307666649853655372e+02 9.497376537940988328e+02 9.527658230987481147e+02 9.476244563488190806e+02 9.488924549917808235e+02 9.520315977686658471e+02 9.433845457319484922e+02 9.286068216646490328e+02 9.903263204347564397e+02 1.051265815224438484e+03 1.110366029995044983e+03 1.160866701984381052e+03 1.192378027444171266e+03 1.191910944431165944e+03 1.161137550477672448e+03 1.113828141009563069e+03 1.058809023173081869e+03 1.001443616855089431e+03 9.448157065106340724e+02 8.905615153713400787e+02 8.393654209048999064e+02 7.912469202972351923e+02 7.453724705125903256e+02 8.067639112990573267e+02 8.652812039868952070e+02 9.175734712886926445e+02 9.578978430894586609e+02 9.771101518176457148e+02 9.679085467640626348e+02 9.384703368679370215e+02 9.643089770859924101e+02
8.294592833184266283e+02 7.696439243038159930e+02 7.072931934495143196e+02 7.699156854333568845e+02 8.270793946040010951e+02 8.737343002720557479e+02 9.019850949222159215e+02 9.083537150214332314e+02 9.019921159072262071e+02 8.874595268281758536e+02 8.959479930898787643e+02 9.037075446242439511e+02 8.931944913664320893e+02 9.106681932729068194e+02 9.712608901987273384e+02 1.029494440347684304e+03 1.092989570437961220e+03 1.149592943109237467e+03 1.185698651706042710e+03 1.188850378042205193e+03 1.159677475554553666e+03 1.112945619332856040e+03 1.057925841881318775e+03 1.000183116189377415e+03 9.428321703903808384e+02 8.873900807730058204e+02 8.343676945045662023e+02 7.836535683097367837e+02 7.346918727436640211e+02 7.969553815016614635e+02 8.559565256255928034e+02 9.074395784896676105e+02 9.445539930994843871e+02 9.567156232729736303e+02 9.415160311964058337e+02 9.055777041933122291e+02 9.389409269763796146e+02
8.205432230875709365e+02 7.620064205966366444e+02 7.003398422511960462e+02 7.603744886321820786e+02 8.123422447604023091e+02 8.500407351677978340e+02 8.659305102361032596e+02 8.634144769641629864e+02 8.500709514979798769e+02 8.288614760443540490e+02 8.441468333816222867e+02 8.598805296227885719e+02 8.759387872217315589e+02 9.134400802703972886e+02 9.530091295417433912e+02 9.965507262033471534e+02 1.075427171604600062e+03 1.143841237982129996e+03 1.182689352559522149e+03 1.185886699378449748e+03 1.156227321462934924e+03 1.108942218691194284e+03 1.053301160588371658e+03 9.948688905217062484e+02 9.367416813842196461e+02 8.803277054914879045e+02 8.260330058151284902e+02 7.738253398617333687e+02 7.242081863284100791e+02 7.865429911366142051e+02 8.452480108883131606e+02 8.954512757130918317e+02 9.294600957735708562e+02 9.353998808569003813e+02 9.131265526842587406e+02 8.743565581706476451e+02 9.124224362152717731e+02
8.096754244612762932e+02 7.533848400922316841e+02 6.934138266426929249e+02 7.502078297117811871e+02 7.949235321056985413e+02 8.196575475851046804e+02 8.258532583608077857e+02 8.169374784060297543e+02 7.990200615328787990e+02 8.138969279299725486e+02 8.660640644522460434e+02 9.035164720293779510e+02 9.361413171429555860e+02 9.742681852244368201e+02 1.011767745645695186e+03 1.048357545975953599e+03 1.107295056216616558e+03 1.157643708958233219e+03 1.187156512796429524e+03 1.183779381162183881e+03 1.151125651301539619e+03 1.102211386870993920e+03 1.045388428035725155e+03 9.860490831891551124e+02 9.273497572743000319e+02 8.705127817570590878e+02 8.156739997264420481e+02 7.634990849212291550e+02 7.139094440926272682e+02 7.759525880011079835e+02 8.340007050593253553e+02 8.827837160474084612e+02 9.142151210990317622e+02 9.164661594963283733e+02 8.894876486936279889e+02 8.457015686353801129e+02 8.848306230412952118e+02
7.962483015502369881e+02 7.434450099878326910e+02 6.865114419727610766e+02 7.373301772673484038e+02 7.716947536507610721e+02 7.800638041501110820e+02 7.833281816605410768e+02 7.700114642344758522e+02 7.843961696288866960e+02 8.313337884296176981e+02 8.797473349713474136e+02 9.258519744443004811e+02 9.706487716210909866e+02 1.015756642229264457e+03 1.057493760182241886e+03 1.095093314329612213e+03 1.138519497165305438e+03 1.174559303252508244e+03 1.192519535026857966e+03 1.180210797383155068e+03 1.143765351350100673e+03 1.092903327794610050e+03 1.034409844791614887e+03 9.737322987023715086e+02 9.147835270212491423e+02 8.584331913987070948e+02 8.046625443365005594e+02 7.532920268421515857e+02 7.037852694829824713e+02 7.653995984978507749e+02 8.226399030460938775e+02 8.698964960684212429e+02 8.987013292352382905e+02 8.967925073318419891e+02 8.661588361925033723e+02 8.193297338031322852e+02 8.619244255228493330e+02
7.787168540809439037e+02 7.310258135404591258e+02 6.796324231652345134e+02 7.234694616171593680e+02 7.446247525213987046e+02 7.284742590122202728e+02 7.420816156385079694e+02 7.558533863816447820e+02 7.955063668967264903e+02 8.378780038239909800e+02 8.844618934066194242e+02 9.338373333753380621e+02 9.846720359527579376e+02 1.034993099641563276e+03 1.081984962285659321e+03 1.123767617151989725e+03 1.160027798579129012e+03 1.185073483847514126e+03 1.190879002658535001e+03 1.171594333433160728e+03 1.133203123204919621e+03 1.081577896957365056e+03 1.020757505618495884e+03 9.569947245389079171e+02 8.980381166893608906e+02 8.428512586638075845e+02 7.907320294917670935e+02 7.411813427811947577e+02 6.938267682215683863e+02 7.550108928112207423e+02 8.114180461480631266e+02 8.570963798709719867e+02 8.832232149516546542e+02 8.771866827028485432e+02 8.434256611533787691e+02 7.942905433527538435e+02 8.391502439490001279e+02
7.501094092647688285e+02 7.093769706702739768e+02 6.727699410813733039e+02 7.061950247469137594e+02 7.206161676256652981e+02 7.149624936245306799e+02 7.416803735150112971e+02 7.668773996884384587e+02 7.982561852470411168e+02 8.351927857742622336e+02 8.827812162320983589e+02 9.367872622667179030e+02 9.944408004160910650e+02 1.050067013753608762e+03 1.099580084195571089e+03 1.140001962106607152e+03 1.168409908781185322e+03 1.180913408555838942e+03 1.177690775299755160e+03 1.158665053679055973e+03 1.122845913523200807e+03 1.074664236580043962e+03 1.018466456898063143e+03 9.587727244882488549e+02 8.992823512461166047e+02 8.408070320429487765e+02 7.856474675808869961e+02 7.335570611325525761e+02 6.840368086441828837e+02 7.448883037164047209e+02 8.005097614011492624e+02 8.445554866805713345e+02 8.678720682394462074e+02 8.577283533248433969e+02 8.211714913321030735e+02 7.701254965383309354e+02 8.141183320703017898e+02
7.028443293915929644e+02 6.597421267051732912e+02 6.659140508666863525e+02 6.778030736137093299e+02 6.897543348337628686e+02 7.018117343980378564e+02 7.275248726457186876e+02 7.540893994173827650e+02 7.819511551728885479e+02 8.113485943184524558e+02 8.699462492096106416e+02 9.333086270494703740e+02 1.003032618871361137e+03 1.063932581380419606e+03 1.112344366392490201e+03 1.145952817080540171e+03 1.160290110203346330e+03 1.157727321456130312e+03 1.148270079725357164e+03 1.133138448376493898e+03 1.106049062390397467e+03 1.065029408766323513e+03 1.014331892951379814e+03 9.579957579532980390e+02 8.992370300092570687e+02 8.400042472043401176e+02 7.815894686081575173e+02 7.264579699937220312e+02 6.743970399857798839e+02 7.351971782674841052e+02 7.901446870117886192e+02 8.324186289411779853e+02 8.524405792126962069e+02 8.380014814775845480e+02 7.990118055621295525e+02 7.466083861160649349e+02 7.876726096299208848e+02
6.474121691610002927e+02 6.535748366260280591e+02 6.999212927869672285e+02 7.259327455748007196e+02 7.458611514254561143e+02 7.651133391797961849e+02 7.886602188514704039e+02 8.114260911955502706e+02 8.324764009719494879e+02 8.442921002818509351e+02 9.028908239440025909e+02 9.662545434734356604e+02 1.028419621770920230e+03 1.081999169593691931e+03 1.121364623654932757e+03 1.140970894318559203e+03 1.135216322958258161e+03 1.118517587376015626e+03 1.103993663699978470e+03 1.092224372664087468e+03 1.075856703223681734e+03 1.047413942449118395e+03 1.005180383536165209e+03 9.538288058301918682e+02 8.971878913314239981e+02 8.380908774525266836e+02 7.785639890479349106e+02 7.199889728929920238e+02 6.648908951908850895e+02 7.264595842471610467e+02 7.809371887458040646e+02 8.211930598583156780e+02 8.362312433564387675e+02 8.168670076890010705e+02 7.760952104533251941e+02 7.236323939182456115e+02 7.603161309056213213e+02
6.412564040834439538e+02 6.871369969352831504e+02 7.291802591314969959e+02 7.615062625641328395e+02 7.875476717812347260e+02 8.120795883626245768e+02 8.376432123581764699e+02 8.604779226554308025e+02 8.789076415248848662e+02 8.827800249852280103e+02 9.430827338489411886e+02 1.003300319854396889e+03 1.058518954667583102e+03 1.102406136929790364e+03 1.127337760429553100e+03 1.124981466286628120e+03 1.097484199744885245e+03 1.065129843156456673e+03 1.046816703332688348e+03 1.039311187429489792e+03 1.031659660609929460e+03 1.016741119109880060e+03 9.877937681825183063e+02 9.444611066531305141e+02 8.919776934018339034e+02 8.343119681042036291e+02 7.744071889501265105e+02 7.143225124322302690e+02 6.554939578962337237e+02 7.166162053385513673e+02 7.699080601926557392e+02 8.078319684994654608e+02 8.189773640708561970e+02 7.967908627952654115e+02 7.545332949811855769e+02 7.013033916994080528e+02 7.325099189298431384e+02
6.667160400042297397e+02 7.049348044398529964e+02 7.413485059293469703e+02 7.740182271010852446e+02 8.037942546889464666e+02 8.330587168151623700e+02 8.651475502567524245e+02 8.956728847636038608e+02 9.204935751442725405e+02 9.298579707347445265e+02 9.816622907585216353e+02 1.040465517241264934e+03 1.088898883529278010e+03 1.121127045575454304e+03 1.126700698430706780e+03 1.101380623603221920e+03 1.051781855262358931e+03 9.968810197366923376e+02 9.782020314874240512e+02 9.782752431898704799e+02 9.783227010632025440e+02 9.736167852766811848e+02 9.583718927453337528e+02 9.274081729496662092e+02 8.819751392486956547e+02 8.275954379811659010e+02 7.684648598171215781e+02 7.074013386643855483e+02 6.461931069545674973e+02 7.063003585215636804e+02 7.578444551326415421e+02 7.930814262907505281e+02 8.008164805326121041e+02 7.767689111308995962e+02 7.335009744138681071e+02 6.795452059252589834e+02 7.041088765307149515e+02
6.802279183044607862e+02 7.115598358318806049e+02 7.411400085489408411e+02 7.688063446309981828e+02 7.958301782115456717e+02 8.233624425371137932e+02 8.634239570092780696e+02 9.070647532129926276e+02 9.505801155230531094e+02 9.873337155180516902e+02 1.031310948659856649e+03 1.078713217865212755e+03 1.116952814128546379e+03 1.135743702015660347e+03 1.123230555859896867e+03 1.084028368942759244e+03 1.025849308198222616e+03 9.533095261005919383e+02 9.147959058815760045e+02 9.142986540673801983e+02 9.201096009315958781e+02 9.232875384935227885e+02 9.173780007488410320e+02 8.992044657389537861e+02 8.649323508825202680e+02 8.163798082933933529e+02 7.599016355666261688e+02 6.993094121769357798e+02 6.369763909045427681e+02 6.958313906540988683e+02 7.450025838907954494e+02 7.766036860064102711e+02 7.808504379244137681e+02 7.560500699634824286e+02 7.126185293422018958e+02 6.581435438882577955e+02 6.748358301359086227e+02
6.672048016957193113e+02 6.888918253947823587e+02 7.112186758698464928e+02 7.344417165448467131e+02 7.586932714991854709e+02 7.844069380409121095e+02 8.392576335090172961e+02 8.978559954715238973e+02 9.612184858357194344e+02 1.016494142554205382e+03 1.066950831161646647e+03 1.111123748463915945e+03 1.141106948234185438e+03 1.144898524960659870e+03 1.118497627641291274e+03 1.071415881691865707e+03 1.011401981078712879e+03 9.445999806347398362e+02 8.811964192768995190e+02 8.508945680937024463e+02 8.597100877892667086e+02 8.699937780445538920e+02 8.697043276878906681e+02 8.593687041076821060e+02 8.377147688184219305e+02 7.980426185006039077e+02 7.469304799906097969e+02 6.890965952479652969e+02 6.278329097686464593e+02 6.857451898525164324e+02 7.315820270173513791e+02 7.566958156308750176e+02 7.564701411861942688e+02 7.337775831633092594e+02 6.920893107418620502e+02 6.370789656960605498e+02 6.465408593292140722e+02
7.281697433052265751e+02 7.500482373720625446e+02 7.719966087252482794e+02 7.923245688499461039e+02 8.078806705820661591e+02 8.142346616139487878e+02 8.661967311094003890e+02 9.243713214109760656e+02 9.847280704221417409e+02 1.042958040530749486e+03 1.095455222752755162e+03 1.137228588162061897e+03 1.159750708730280621e+03 1.150986158887752936e+03 1.115264874416286148e+03 1.062997248012832642e+03 1.002227040961012449e+03 9.393429081782585399e+02 8.791267129813769543e+02 8.230099519322716333e+02 7.972740234136939534e+02 8.179658158338613703e+02 8.188170938800997192e+02 8.118455546133153575e+02 8.007304122835146245e+02 7.737307009425630895e+02 7.308261328481997907e+02 6.778993878419656767e+02 6.187526352583240623e+02 6.733942104078645343e+02 7.135431303664283860e+02 7.294178117153504672e+02 7.241211939755274898e+02 7.039354394890517597e+02 6.696830781980236225e+02 6.162269482027442109e+02 6.200734660194742673e+02
7.785053501556549236e+02 8.029793056818321020e+02 8.260673103213048307e+02 8.452609670238726949e+02 8.554871442268903365e+02 8.484880112543463611e+02 8.850813650701321649e+02 9.484436861748009733e+02 1.008684178027319490e+03 1.069221337858964716e+03 1.122272138334014699e+03 1.160939455173717988e+03 1.174676544787693047e+03 1.154697943942855545e+03 1.111757450997726437e+03 1.054722585949429913e+03 9.916612732264683245e+02 9.296460955840015004e+02 8.714472344073559498e+02 8.185246325263034350e+02 7.730013575515605453e+02 7.743078302060102942e+02 7.665679314249807703e+02 7.571204309885310977e+02 7.543974391653348448e+02 7.387916139650108107e+02 7.081574363007548527e+02 6.637425861275645502e+02 6.097261383878287688e+02 6.597689714576634969e+02 6.922419787960515123e+02 6.971022530625899662e+02 6.842500562583132933e+02 6.616386869184646002e+02 6.440777971345669357e+02 6.124123509753949293e+02 6.350140397523056208e+02
8.097748754483366156e+02 8.407729517695446475e+02 8.680235218836988906e+02 8.906622593073147982e+02 9.054676471146044605e+02 9.147606255616656199e+02 9.286205003361685613e+02 9.756991827642415274e+02 1.027503265147074217e+03 1.094521321919471575e+03 1.147015504626209577e+03 1.181429723254874034e+03 1.187123002055984671e+03 1.160268174509816163e+03 1.112161706525367208e+03 1.049047064938035874e+03 9.792699995784915927e+02 9.158615528742498100e+02 8.572208800625256799e+02 8.023271579653660410e+02 7.504853260740809446e+02 7.305049094633918685e+02 7.113843565684746864e+02 6.928333595144869150e+02 7.034933253298697764e+02 6.933250053786141507e+02 6.733231465544544108e+02 6.431242164492033453e+02 6.007442618124135834e+02 6.459000740562654528e+02 6.679315953277100562e+02 6.612942197277633340e+02 6.383935486079504926e+02 6.011188568064308129e+02 6.048583280895370535e+02 6.085985431672926325e+02 6.229788609058869042e+02
