_codes/_modelcodes/_input/topographic_elevation_4.asc
nrows 200
cellsize 50.0
xllcorner 0.0
ncols 200
yllcorner 0.0
[rows 51 to 67 of 200, columns 74 to 110 of 200]
8.171697387292535950e+02 8.538520726139898898e+02 8.877410812534709521e+02 9.183529511624527686e+02 9.431167332008272979e+02 9.656745649313036211e+02 9.929191116274790829e+02 1.033572672768975963e+03 1.077940835207464943e+03 1.128927247033141612e+03 1.173127049337415656e+03 1.200782006440386795e+03 1.199061740591560465e+03 1.168391130928577468e+03 1.120315970314256219e+03 1.062828003136487041e+03 1.002672216360613561e+03 9.453978004988107386e+02 8.922408363337166293e+02 8.435082028063164898e+02 7.997752696544224591e+02 7.719704548409324616e+02 7.341429535360231284e+02 6.747162119424881439e+02 6.576556667264627549e+02 6.409255474698520629e+02 6.244448619018533009e+02 6.080855939378196808e+02 5.917898772687279916e+02 6.295404109097967194e+02 6.398145659561496359e+02 6.240063801576341120e+02 5.936439514342933990e+02 5.973805797245405529e+02 6.445013633783471505e+02 6.661178156804593300e+02 6.830105927082374819e+02
8.111159619586883309e+02 8.490014511932504320e+02 8.852788706394069322e+02 9.205067418703017665e+02 9.544657274924862804e+02 9.884241974829928949e+02 1.025023027749326957e+03 1.066784199752791210e+03 1.111615700304698976e+03 1.156963044008931320e+03 1.195294979418614957e+03 1.216804585150968933e+03 1.208533233771095411e+03 1.175207513716971789e+03 1.127933422655926279e+03 1.074346419640845625e+03 1.019756484851884579e+03 9.674954097299937530e+02 9.188379588627543626e+02 8.741051134898930286e+02 8.333376149361063199e+02 7.965434687876993394e+02 7.580867338729335643e+02 7.182886497090362354e+02 6.975250775867825723e+02 6.745721149236221663e+02 6.493625819370143972e+02 6.194422834064878316e+02 5.836587315178098834e+02 6.121944473995987437e+02 6.101371042377487584e+02 5.861757263654883445e+02 5.899094265650513762e+02 6.501171301326619414e+02 6.946112460069956569e+02 7.220752661007511506e+02 7.419930483331241931e+02
8.079606201010949462e+02 8.399243853987460398e+02 8.754987010519422483e+02 9.134396249260641980e+02 9.530013193306265293e+02 9.942729985633176284e+02 1.037929420726725766e+03 1.084251685111308916e+03 1.131482918460209703e+03 1.175950306891361606e+03 1.210996528849025935e+03 1.227127566231612491e+03 1.212743647210858171e+03 1.176897921175077272e+03 1.129994738919870088e+03 1.078979686656747162e+03 1.028186406448653543e+03 9.798687378710865232e+02 9.348384843796989117e+02 8.929969797118559427e+02 8.537055634458865825e+02 8.161170824048845134e+02 7.790631832527980123e+02 7.434535808296218420e+02 7.120312607402198637e+02 6.803944756417171220e+02 6.473598410392733058e+02 6.122649258042814608e+02 5.755517134808218316e+02 5.931980672982010674e+02 5.787147472359346239e+02 5.824445955152693841e+02 6.416789285327129164e+02 6.984402194944135545e+02 7.439953019053850767e+02 7.749105906451459305e+02 7.974541451476159182e+02
7.965594149413171863e+02 8.165097745276095793e+02 8.544448275712345549e+02 8.964015205399183515e+02 9.412243411886967124e+02 9.887033572760826701e+02 1.038852397022984860e+03 1.090957655033408400e+03 1.142174201088064819e+03 1.187825808312168874e+03 1.220692201087021886e+03 1.229865146036318038e+03 1.209132921011840153e+03 1.170412510647672434e+03 1.123018362970601402e+03 1.073439908887165529e+03 1.025489517185765635e+03 9.805253822601609954e+02 9.390059399401999372e+02 9.005304734632189820e+02 8.637404086206923921e+02 8.274287127189505782e+02 7.908995940181797550e+02 7.542521393602751232e+02 7.176760618363995263e+02 6.807376836042792547e+02 6.433387411147660941e+02 6.050367629628617578e+02 5.675406575112915561e+02 5.712632093959767872e+02 5.749866170072849627e+02 6.242295220190368354e+02 6.822206424359115999e+02 7.365712190236523611e+02 7.839769167129783227e+02 8.195698849514236599e+02 8.448039810902337194e+02
7.605160053208211366e+02 7.726334713394388700e+02 8.210572048113895107e+02 8.696405138628354052e+02 9.202026445197673183e+02 9.736178345237559597e+02 1.030271603824812473e+03 1.089334350924665159e+03 1.145393395018060573e+03 1.192684956165447147e+03 1.223592080654096890e+03 1.226664344745351627e+03 1.200400595402339832e+03 1.157591022358084047e+03 1.107595469338249586e+03 1.057395938417056186e+03 1.011331339315526748e+03 9.688681884171236334e+02 9.307196225114079198e+02 8.971313275372846192e+02 8.649758755318798649e+02 8.320267106966612118e+02 7.971641840562069774e+02 7.603060418229422339e+02 7.203522902224591462e+02 6.796036616345761558e+02 6.400419348717582579e+02 6.015591157037853236e+02 5.640629930941870498e+02 5.996151817523557384e+02 6.284449600581536970e+02 6.683641868378666686e+02 7.167318395037924574e+02 7.657625213670119138e+02 8.109940597585947444e+02 8.487839776263041358e+02 8.770607958508904858e+02
7.138353464428653297e+02 7.376574258602237251e+02 7.869062625086481830e+02 8.387057482512570914e+02 8.935567240951750136e+02 9.521541091365187413e+02 1.015513740078078513e+03 1.085231600822708288e+03 1.146750653318682680e+03 1.194875943104443195e+03 1.223019233314531903e+03 1.219489876570294882e+03 1.187075618836570584e+03 1.138291311479036722e+03 1.082101062860786442e+03 1.027218372210160396e+03 9.834501834429108840e+02 9.416477704470354411e+02 9.047852215075282629e+02 8.793819549072551354e+02 8.559258003460962527e+02 8.301904650968677970e+02 7.998867265505521118e+02 7.676355740513786259e+02 7.332722122374943865e+02 6.947241052528983118e+02 6.525126971595320811e+02 6.075752139862582908e+02 5.605917939267523025e+02 6.054838735106338845e+02 6.483085760085401716e+02 6.928923174181840068e+02 7.392958795819079114e+02 7.846036133926498906e+02 8.254533363128708743e+02 8.590350599005610093e+02 8.849023409004394125e+02
7.575320895871442417e+02 7.734108671082508408e+02 8.109103675770899144e+02 8.627102217785352423e+02 9.170484543721419186e+02 9.741908801909202111e+02 1.034510068485676811e+03 1.096468254807180074e+03 1.153513399122572764e+03 1.198378572585892925e+03 1.221639081991534340e+03 1.210527589364862706e+03 1.171749322861667679e+03 1.115832914313466972e+03 1.047592945494539663e+03 9.778858345882335925e+02 9.308172236935346291e+02 8.872864004948522734e+02 8.465384032820199991e+02 8.341218117167188666e+02 8.199738035838204269e+02 8.014119310894034243e+02 7.782784897253936833e+02 7.550683248029033621e+02 7.334147811787992168e+02 7.011483049382854915e+02 6.592439689103179035e+02 6.105190836029826187e+02 5.571260081640803037e+02 6.086183405285330537e+02 6.584437735211500922e+02 7.068889039451404415e+02 7.531491031388836745e+02 7.948665033856252649e+02 8.287107725667167415e+02 8.513501567057745660e+02 8.657357166312307299e+02
7.858326173681688260e+02 8.115885837746532161e+02 8.441533306383996660e+02 8.874253440750840127e+02 9.373991518429659209e+02 9.921726471498180899e+02 1.050168339994594362e+03 1.108645531251266675e+03 1.162303010616806887e+03 1.203304401651851322e+03 1.219983439403581542e+03 1.201141927119932916e+03 1.158371856020876749e+03 1.100870878513996786e+03 1.035671553458811559e+03 9.723207865979597955e+02 9.146918564714076183e+02 8.598491734383363791e+02 8.080567546311294791e+02 7.762741879979646455e+02 7.704085231867810535e+02 7.528442696381082442e+02 7.316649407008220578e+02 7.138390880986549973e+02 7.134705619163163419e+02 6.956581453833148316e+02 6.584976804522369775e+02 6.096344154080641147e+02 5.536639276888030281e+02 6.091042389943605713e+02 6.622237146785557798e+02 7.118296465127152715e+02 7.559708095349544692e+02 7.913587593305970813e+02 8.131111010459715089e+02 8.205855373166978097e+02 8.223069897365875249e+02
7.802464288333181912e+02 8.147330058950849434e+02 8.533798925711831771e+02 8.977941849205094513e+02 9.476806676781377519e+02 1.002090512581279881e+03 1.059304632929412719e+03 1.116202892679605156e+03 1.167567037018634210e+03 1.205324548153020487e+03 1.217121698921190045e+03 1.194523792501106755e+03 1.149797977935466406e+03 1.091309242139212301e+03 1.023814409577610377e+03 9.604647680237364966e+02 9.018766233401869385e+02 8.470338968029385569e+02 7.952414354469012778e+02 7.459983320765838926e+02 7.194364919334490196e+02 6.939897751122285854e+02 6.692843291452315952e+02 6.452527076263623940e+02 6.805442063608905983e+02 6.807879069007367434e+02 6.511308278572028030e+02 6.052094647690383908e+02 5.502048689585544707e+02 6.074552549902266492e+02 6.608528282134518577e+02 7.083791353716030699e+02 7.470379881167369831e+02 7.720481278679193338e+02 7.810101373551664210e+02 7.754996940830139920e+02 7.601010658504457069e+02
7.593156558513596792e+02 8.026571127545935269e+02 8.475691039874008084e+02 8.958222199015876868e+02 9.481105324179308127e+02 1.004147409155817741e+03 1.062294934451359268e+03 1.119077953629081321e+03 1.169229353917775143e+03 1.204798321912544907e+03 1.213700967715034949e+03 1.189800689318516788e+03 1.145550108665869629e+03 1.089614953652260738e+03 1.028368880774306035e+03 9.678753961053914736e+02 9.104060609698988173e+02 8.567318721024004162e+02 8.072900426683428350e+02 7.630096898246573573e+02 7.262791531109870675e+02 6.918509968931317644e+02 6.576772357209802067e+02 6.222201401334559705e+02 6.579243546849837685e+02 6.640045529260536341e+02 6.403502624204464837e+02 5.987381857010649355e+02 5.467484888512932457e+02 6.032259202929977846e+02 6.534092195771135039e+02 6.948532277206539902e+02 7.236247113813054739e+02 7.385734703329784452e+02 7.409420556795937500e+02 7.262625631952663525e+02 6.812464196152351406e+02
7.378400541836225557e+02 7.847318544489925216e+02 8.336640828429650583e+02 8.855241647990653746e+02 9.409589548905682932e+02 9.999739887575664170e+02 1.060684319389346228e+03 1.118312274949964831e+03 1.167722400528057960e+03 1.201556572555991352e+03 1.208724799053207562e+03 1.184973583429336486e+03 1.142302036305935644e+03 1.088900196135496572e+03 1.030580610286965566e+03 9.715904387623609182e+02 9.143911825194721814e+02 8.605969618622086728e+02 8.105926949776034007e+02 7.645337574407178636e+02 7.221857293299472076e+02 6.816971095801081901e+02 6.417530494913660277e+02 6.015206777815396890e+02 6.356601752310168649e+02 6.424949818775037329e+02 6.258190495363178343e+02 5.900069429145125923e+02 5.432944468685909669e+02 5.948834416746241232e+02 6.369672697712668423e+02 6.669640757318347823e+02 6.856444849237543622e+02 6.962941888274688154e+02 6.996983996183213321e+02 6.941751813930529806e+02 6.634701829626699237e+02
7.138302956073149517e+02 7.630785178408675620e+02 8.148771018606524876e+02 8.697267159790884534e+02 9.283222093194655145e+02 9.916795080809512228e+02 1.057540820347300041e+03 1.115905487937153794e+03 1.163705799186102922e+03 1.194892148332893839e+03 1.200238855053490852e+03 1.177870672741514682e+03 1.137844585215400912e+03 1.087233380291793083e+03 1.031027683977383276e+03 9.726808408044064436e+02 9.142992274627666802e+02 8.594564660760439665e+02 8.076634528472054626e+02 7.587802729632198862e+02 7.125346738753169120e+02 6.680765401554580194e+02 6.245804946688690507e+02 5.825160393602818658e+02 6.107932335642489079e+02 6.127140269625538167e+02 6.011583638471163340e+02 5.728962165860658615e+02 5.398420716790910774e+02 5.789638415288483202e+02 6.058324161793240137e+02 6.239587835798366768e+02 6.371798360684377940e+02 6.471619173904148283e+02 6.543556236312590499e+02 6.581825335225452136e+02 6.459990556589565358e+02
7.212626995805060233e+02 7.698848790393820991e+02 8.216842545794203261e+02 8.765337667971008386e+02 9.351292111267136988e+02 9.984865428236672642e+02 1.059923603800290493e+03 1.114563276228991072e+03 1.157486536958366742e+03 1.182876462809122813e+03 1.184405522559394967e+03 1.165958229720313284e+03 1.130621429430865419e+03 1.084158732713035761e+03 1.030811171676494723e+03 9.736711642892461214e+02 9.149535433093481060e+02 8.564068542056518254e+02 8.015639677337275089e+02 7.497713002552685566e+02 7.005278819557645420e+02 6.534582004948429130e+02 6.082720137339346138e+02 5.647394218878013135e+02 5.807038430895593137e+02 5.735268365597357842e+02 5.643355339061172344e+02 5.330318443641424437e+02 5.363903622788965322e+02 5.474752500331397869e+02 5.586258534069695543e+02 5.698775146781696321e+02 5.812688009625402401e+02 5.928242957899026351e+02 6.045916496480994056e+02 6.166056000413256015e+02 6.288162511140651532e+02
7.222250136305442538e+02 7.730639792463183539e+02 8.278156729199436086e+02 8.861758624840008451e+02 9.465788474152477647e+02 1.007478042395168018e+03 1.064861450699978150e+03 1.113602423222728248e+03 1.147712059279012010e+03 1.161039402768858281e+03 1.156120542964582455e+03 1.141478695917446203e+03 1.115094059033255007e+03 1.076001228706715892e+03 1.027889991130610952e+03 9.736493793034768487e+02 9.154042471716276168e+02 8.546210945232588756e+02 7.960326520144700453e+02 7.411895062141217068e+02 6.893964636268373170e+02 6.401525380792746773e+02 5.930822811063646895e+02 5.478955921797947894e+02 5.478270855393341208e+02 5.229626630650941479e+02 5.263178439740904651e+02 5.296739338782410869e+02 5.786840253001890915e+02 6.034660387780808151e+02 6.184420773517186944e+02 6.301311915259724401e+02 6.410636969871059136e+02 6.503970275853985186e+02 6.584677647727213525e+02 6.611567949785621749e+02 6.447075499428983676e+02
7.168298627761779471e+02 7.716788670867922519e+02 8.302744757638779447e+02 8.936323599359706122e+02 9.558863651938117982e+02 1.015468277682471239e+03 1.068462584006577572e+03 1.108882529602625027e+03 1.128766655502175809e+03 1.127323784510208270e+03 1.115409480096203652e+03 1.101236002207311913e+03 1.084330313537615666e+03 1.058187479278311002e+03 1.019575174390111670e+03 9.717223517461968640e+02 9.169576012785095145e+02 8.566740238545287411e+02 7.933239877404163281e+02 7.347352486788499846e+02 6.798916764877639025e+02 6.280980809572050703e+02 5.788535687532277052e+02 5.317828432031357124e+02 5.162553276680400813e+02 5.196086929571072233e+02 5.657845754884700682e+02 5.940488567496796577e+02 6.311197435585905851e+02 6.586316279605994168e+02 6.764668436208456797e+02 6.894077375780626653e+02 7.004784311028602133e+02 7.086131528021001031e+02 7.148742085697123230e+02 7.161880178242076909e+02 7.080584832151199635e+02
7.391569368556962445e+02 7.866485859646491008e+02 8.423112549596536383e+02 9.029147104873002263e+02 9.640612082183401981e+02 1.021142518396800483e+03 1.068164510918671795e+03 1.097252636581809838e+03 1.099271173204172555e+03 1.083448148524395492e+03 1.064001134251040412e+03 1.047549001648815874e+03 1.037725719988867922e+03 1.024717957475640105e+03 1.001708909548820770e+03 9.654445024303812488e+02 9.191904442212583035e+02 8.659573793780657525e+02 8.091733911951143909e+02 7.526400078084692495e+02 6.977774585220366816e+02 6.453424879624521964e+02 5.960398201052711329e+02 5.510385354375533780e+02 5.129425533181582750e+02 5.531435156586823041e+02 5.980341869163753472e+02 6.379943620609928985e+02 6.763901450669100086e+02 7.079567591165842941e+02 7.297210799954908680e+02 7.451823526208042949e+02 7.575431394273383603e+02 7.658231508258916165e+02 7.723237784349672665e+02 7.759675258066499737e+02 7.777663193515326157e+02
7.629792252120234934e+02 7.886928704927508988e+02 8.476348124210412607e+02 9.101146889964621778e+02 9.719066937667568027e+02 1.026741662338793958e+03 1.066616945275457510e+03 1.080637189890829632e+03 1.063223164819109343e+03 1.030852979285946958e+03 1.004393240316309061e+03 9.814185106859407597e+02 9.799241429638301497e+02 9.766954708379636259e+02 9.680429954978847036e+02 9.496313193826067618e+02 9.163780769048986485e+02 8.721048592729728171e+02 8.209406929946774198e+02 7.666244698770162813e+02 7.116865989252540885e+02 6.577573645903946726e+02 6.058666112536233186e+02 5.565634249631704051e+02 5.096335461838875176e+02 5.597483873619627275e+02 6.094957955511345062e+02 6.574519610304145090e+02 7.029126689376757895e+02 7.430073356271489047e+02 7.729098033945426778e+02 7.932847405355638557e+02 8.085647660138317860e+02 8.183459460540869941e+02 8.262982031425981404e+02 8.324917150649117730e+02 8.385296163223168833e+02
