_codes/_modelcodes/_input/topographic_elevation_4.asc
nrows 200
cellsize 50.0
xllcorner 0.0
ncols 200
yllcorner 0.0
[rows 17 to 33 of 200, columns 37 to 73 of 200]
9.302270815058966491e+02 9.205640426477199298e+02 9.101016597246298261e+02 8.955839461015852976e+02 8.780719703144085315e+02 8.535191899966478104e+02 8.210247737014012728e+02 7.791428126774417251e+02 7.287878369429503209e+02 7.829587314218870233e+02 8.366563078812737331e+02 8.893650813350212729e+02 9.403542485833427236e+02 9.883069304880438040e+02 1.030922701094759532e+03 1.065054072332432497e+03 1.090514025571943193e+03 1.106635913051017269e+03 1.116974620260884421e+03 1.121473163331855631e+03 1.117053653278310321e+03 1.105801789954324704e+03 1.094504233832315094e+03 1.113659422476613372e+03 1.148743751579332866e+03 1.186877812332776330e+03 1.225418288031502016e+03 1.261597148063631721e+03 1.291073142137140621e+03 1.306020555400565854e+03 1.300549555533288185e+03 1.271825023577112461e+03 1.227558923703426672e+03 1.174739081072226099e+03 1.118309260638302931e+03 1.061291547537653059e+03 1.005253217321057036e+03
9.845255168444888341e+02 9.720484921616158545e+02 9.571729584452808695e+02 9.355036634974459275e+02 9.070651017598112276e+02 8.697652629698588953e+02 8.259819189466245462e+02 7.765394904149412696e+02 7.226157538311946382e+02 7.744140821550214469e+02 8.279454326909282145e+02 8.823383498995541458e+02 9.371276162012551367e+02 9.904326004730489785e+02 1.040177519395111631e+03 1.083751232163318036e+03 1.118358111358541919e+03 1.139184144479377437e+03 1.146124139783675446e+03 1.138647405933224718e+03 1.115195614504936884e+03 1.079608541599730870e+03 1.032381705805271395e+03 1.074449147260211930e+03 1.126786554028476985e+03 1.175662312711276854e+03 1.222111541938528717e+03 1.264418335930890180e+03 1.298364725239367772e+03 1.316533715868001764e+03 1.307814475074575967e+03 1.275279994225159271e+03 1.228052870420125146e+03 1.172871913143358142e+03 1.114338474027438906e+03 1.055308831236232209e+03 9.973780995616490372e+02
1.026015608752920116e+03 1.008765280918534927e+03 9.861213904294201029e+02 9.545628249866975921e+02 9.162661724855666989e+02 8.718263251826816713e+02 8.226509123475071874e+02 7.701949096793116496e+02 7.164734738526829005e+02 7.657218825879489259e+02 8.175206494251254981e+02 8.723702599891045111e+02 9.305420030967050025e+02 9.875446378436370196e+02 1.041805165228055557e+03 1.090642260437562300e+03 1.130231615255021325e+03 1.154995899284044526e+03 1.157628934096427884e+03 1.137248707204824086e+03 1.100856385714620956e+03 1.053102901752936987e+03 9.966283175437030195e+02 1.049780253403246661e+03 1.104470132219501693e+03 1.158561604062360402e+03 1.210568475158170941e+03 1.257922663449190622e+03 1.295961007133067142e+03 1.316853670224147891e+03 1.308252485718878688e+03 1.274338586191139484e+03 1.225431108033543751e+03 1.168587695099437724e+03 1.108438818012321462e+03 1.047818660811242125e+03 9.892117840614266697e+02
1.045291795474419132e+03 1.021967112236452749e+03 9.929822642297774564e+02 9.570733659208194695e+02 9.150691347618225109e+02 8.677804037987847323e+02 8.164068350591558101e+02 7.621653599116640407e+02 7.103672228101947894e+02 7.596155390103016316e+02 8.114142396435626097e+02 8.662638440750085920e+02 9.248577612421502181e+02 9.838266957305903588e+02 1.040803439508428710e+03 1.092523063658080673e+03 1.134249314904812763e+03 1.158957722275036986e+03 1.156146546912417307e+03 1.127618292418763986e+03 1.083063719751484996e+03 1.028463178344539074e+03 9.676412211351982933e+02 1.022490598132705031e+03 1.080394583865577033e+03 1.138305441149411763e+03 1.194402819928374356e+03 1.245726590039694884e+03 1.287273779370058264e+03 1.310899512551416592e+03 1.303934540755733906e+03 1.270067791020857385e+03 1.220493304348989568e+03 1.162690602463569576e+03 1.101477531441807287e+03 1.039772128019260435e+03 9.811658364691282941e+02
1.035617200268022316e+03 1.012801193169623616e+03 9.855621426626894390e+02 9.507236369328353476e+02 9.098753363846763023e+02 8.634003778872453267e+02 8.126137280301393275e+02 7.589130332353685162e+02 7.043006741859265958e+02 7.535488972179080065e+02 8.053475284325133998e+02 8.601971196957475740e+02 9.187923098381734235e+02 9.796500569516575752e+02 1.038471936264473925e+03 1.091611285137550340e+03 1.133637960040554162e+03 1.156434737551738863e+03 1.148057283928026436e+03 1.113698703886692556e+03 1.063969806676608414e+03 1.005486877733019583e+03 9.424466989481617247e+02 9.972965088657468868e+02 1.055891506911244051e+03 1.116812457502960569e+03 1.175952366370850541e+03 1.230319086719103325e+03 1.274772111956840490e+03 1.301041681340102969e+03 1.296434356053221563e+03 1.263483843976808430e+03 1.214000400626631745e+03 1.155842703698666810e+03 1.094079763668684109e+03 1.031834937569413114e+03 9.732292059494564000e+02
9.995770146216527792e+02 9.782700934937215607e+02 9.560872909403503854e+02 9.283275239562703973e+02 8.948313072556857151e+02 8.533827590241504595e+02 8.062657858379524214e+02 7.541655230374329903e+02 6.982687064507625792e+02 7.475168350133798185e+02 7.993153938774388507e+02 8.541649654116564534e+02 9.127601959576601303e+02 9.761168683656654821e+02 1.036215588214607351e+03 1.089738521568128590e+03 1.130752469124786103e+03 1.150216982938455885e+03 1.136072528780104221e+03 1.097206979054769363e+03 1.044186493229106418e+03 9.836623905949702475e+02 9.197743143506954766e+02 9.746244856769939133e+02 1.033219800287772159e+03 1.095740834145065719e+03 1.156834267212413124e+03 1.213360316804710237e+03 1.260088043084282390e+03 1.288755599831931477e+03 1.286819495590753377e+03 1.255371124253642847e+03 1.206571495143970651e+03 1.148525795095905778e+03 1.086534704433508750e+03 1.023997175084030118e+03 9.653919791650799880e+02
9.474178111395585802e+02 9.272439487707797525e+02 9.077465529414008643e+02 8.852569683118911144e+02 8.607153677826136118e+02 8.299107611265105788e+02 7.922992460905149983e+02 7.460535279756904856e+02 6.922664670923495578e+02 7.439546801075691747e+02 7.978758952435883884e+02 8.547088227935364557e+02 9.143896916123690062e+02 9.759667417991815910e+02 1.035592627653467389e+03 1.088483963331674659e+03 1.127419799256908391e+03 1.141175526045126389e+03 1.120746716448660891e+03 1.078407344685851058e+03 1.023456391529124062e+03 9.622403078567193688e+02 8.989406850492266585e+02 9.537911229255780654e+02 1.012386753146189335e+03 1.075626167579828916e+03 1.137868131170187553e+03 1.195800223703933170e+03 1.244152117720333536e+03 1.274815009633327463e+03 1.275636399385676668e+03 1.246238691210353409e+03 1.198724292661666141e+03 1.141199044569868192e+03 1.079069292953824061e+03 1.016254807550170426e+03 9.576501237030888660e+02
8.865438854841271450e+02 8.669592901077074885e+02 8.486014860987211250e+02 8.291212892889423074e+02 8.094822348188820342e+02 7.868445686683415943e+02 7.617648606143616234e+02 7.293772977658042009e+02 6.862872504373473248e+02 7.380849897219025024e+02 7.929341977702358690e+02 8.513507061250942343e+02 9.120779827419411276e+02 9.736117402731968014e+02 1.032821700848527598e+03 1.084665117662970033e+03 1.121234084973186782e+03 1.130348855676378207e+03 1.105965151496605358e+03 1.061036926764543523e+03 1.004633011071707870e+03 9.428546145750195819e+02 8.796317309542005205e+02 9.344823365011322949e+02 9.930782490661910060e+02 1.056435580726542184e+03 1.119394748595567989e+03 1.178107856324055774e+03 1.227336287152033492e+03 1.259307989027388658e+03 1.262725292659843944e+03 1.236266891644878797e+03 1.190970457233499701e+03 1.134593961011358715e+03 1.071975167417626835e+03 1.008604072219119303e+03 9.499998774897907197e+02
8.220893604069764251e+02 8.026763577968353047e+02 7.840496252369284775e+02 7.659478555899739831e+02 7.483247827811345587e+02 7.309984477762953929e+02 7.139528278497027713e+02 6.971081152400664678e+02 6.803287126505904325e+02 7.321263454512454700e+02 7.869754730377522947e+02 8.455709101114765645e+02 9.074965465183568085e+02 9.693954967530099793e+02 1.028326391981317556e+03 1.079126704769034177e+03 1.113523831147758074e+03 1.118881291016375599e+03 1.091586925162673879e+03 1.044684156551361639e+03 9.871261513250923372e+02 9.248307149807769747e+02 8.615294783546298731e+02 9.163801618185466396e+02 9.749763071949228106e+02 1.038333858248373190e+03 1.101721595151693236e+03 1.160567336574790943e+03 1.209606347253246213e+03 1.241494240773929278e+03 1.246468186958123397e+03 1.225145215033590148e+03 1.183808991135227188e+03 1.130589577873686267e+03 1.070959599692429265e+03 1.009384168200041813e+03 9.492114910969972925e+02
8.887755160261026504e+02 8.680344823854056813e+02 8.479103279472610666e+02 8.260002075795239307e+02 8.038913700551393049e+02 7.783969508294981097e+02 7.502669453578716912e+02 7.167487984084731352e+02 6.746009496680363782e+02 7.263984759922395824e+02 7.812475228605459279e+02 8.398429257398331629e+02 9.021432502241187876e+02 9.641524935704854897e+02 1.022735717862145066e+03 1.072531285207412793e+03 1.104999180299162845e+03 1.107219542872426700e+03 1.077588461148854549e+03 1.029093083701059868e+03 9.705674710636799318e+02 9.077733424633536288e+02 8.444144068305773771e+02 8.992650914225118868e+02 9.578614132271382005e+02 1.021219180445707252e+03 1.085365893048391854e+03 1.143565177581240732e+03 1.190771185471955960e+03 1.219695352004875531e+03 1.222273877994377926e+03 1.206933426156695077e+03 1.172148730119133234e+03 1.124108029227993256e+03 1.067726051605638986e+03 1.006987751217686196e+03 9.442904834941920171e+02
9.507448821164939545e+02 9.266070563505452355e+02 9.017702931038895713e+02 8.728367143497357574e+02 8.410432846102395388e+02 8.036808559090364952e+02 7.629847937287445347e+02 7.183674948231223425e+02 6.688911187982171214e+02 7.206885347244445938e+02 7.755374977926342126e+02 8.341328615135511200e+02 8.964903252120649313e+02 9.583980841857045334e+02 1.016538252924823041e+03 1.065351568636308002e+03 1.096075984766088368e+03 1.095571466408868446e+03 1.063953276673458276e+03 1.014109387369469459e+03 9.547463879915649159e+02 8.914861465660054591e+02 8.281272550349774519e+02 8.865077981388799344e+02 9.474144899218254068e+02 1.010228944433387937e+03 1.072110724595524061e+03 1.127965360946988312e+03 1.171115560586860056e+03 1.192113630460885133e+03 1.189782141327268846e+03 1.178484958085889275e+03 1.155019418482565925e+03 1.115484277487858662e+03 1.064235668123483720e+03 1.006162061312258743e+03 9.452928201441765168e+02
1.002770971217930310e+03 9.718145634210388835e+02 9.372923003198732204e+02 8.975395034973572592e+02 8.551439162324237486e+02 8.101783570689501630e+02 7.631799631837678817e+02 7.141764355009985366e+02 6.632043185347048393e+02 7.150016201549118477e+02 7.698504963287924738e+02 8.284458161609582021e+02 8.907280552693506479e+02 9.524210730648055687e+02 1.010058012300563973e+03 1.057904448941731289e+03 1.087007410787098479e+03 1.084037851635820516e+03 1.050653269385802332e+03 9.996274018228984914e+02 9.395323887008690917e+02 8.758559600638916436e+02 8.124971710406992997e+02 8.710937309207031376e+02 9.337013794482679714e+02 9.966573246402263067e+02 1.057081989349314654e+03 1.109850865692190382e+03 1.147220998183105849e+03 1.157931384374278423e+03 1.148174829628637326e+03 1.135686267171122608e+03 1.126181511837470453e+03 1.101306231094279156e+03 1.057921541168835574e+03 1.003594820484347338e+03 9.439183757883575936e+02
1.036682924198689534e+03 9.949896308400825546e+02 9.503636205995486534e+02 9.035701767537223077e+02 8.555497179418780433e+02 8.066447252073519394e+02 7.571483573705463641e+02 7.073093672735764130e+02 6.575437095129246927e+02 7.093408930971917243e+02 7.641896792527948037e+02 8.227849506701521705e+02 8.849542940342568045e+02 9.463981894936586059e+02 1.003513633781290537e+03 1.050404478294997489e+03 1.077948407219851788e+03 1.072652147595931183e+03 1.037635049194454041e+03 9.855502023826422828e+02 9.248241690387416156e+02 8.608020264432162776e+02 7.974433865605299161e+02 8.560397948163209776e+02 9.192182553126776838e+02 9.821698053748513075e+02 1.041202712656138829e+03 1.090550904976744505e+03 1.121345881046195700e+03 1.120502463020463438e+03 1.098632041097218917e+03 1.076224011746380256e+03 1.085415704675012194e+03 1.079335714420271188e+03 1.046658098615126846e+03 9.975149973138566111e+02 9.396470561546238969e+02
1.049784231547294212e+03 1.000826953740110412e+03 9.502915327575390165e+02 8.993391076350399089e+02 8.485487678650911221e+02 7.981293268096418387e+02 7.482150196560775157e+02 6.989852703298852248e+02 6.519123018638409803e+02 7.037093640656795515e+02 7.585580570765993116e+02 8.171532757393271140e+02 8.792427104498774497e+02 9.404720070715293332e+02 9.970846297376714347e+02 1.043017570341950659e+03 1.068993456417663083e+03 1.061386387236964083e+03 1.024797707890263382e+03 9.717531338016948439e+02 9.105143188495460436e+02 8.462591325950378405e+02 7.829006775560417282e+02 8.414969019673062576e+02 9.048555821172316200e+02 9.681515538017442850e+02 1.025830611527917654e+03 1.071688735022553828e+03 1.095783705052737105e+03 1.083532726552312170e+03 1.044432393575472588e+03 9.973536647199733807e+02 1.040009737023368871e+03 1.053425003460538619e+03 1.033637915928859456e+03 9.904053237629360638e+02 9.348957450880401439e+02
1.052233202727806656e+03 9.981500362648647524e+02 9.435556319635516047e+02 8.901785849516819553e+02 8.383091663181201056e+02 7.878238529720675842e+02 7.385753241690564437e+02 6.915017115709985092e+02 6.463129429319562860e+02 6.981098809884019829e+02 7.529584777717675479e+02 8.115536395121637270e+02 8.736837033109703725e+02 9.348188179120270433e+02 9.909799566496892567e+02 1.035912576565706331e+03 1.060196509634982704e+03 1.050133794900531484e+03 1.011955228487982595e+03 9.580350298054861469e+02 8.964428902315978576e+02 8.321736938701199051e+02 7.688154495727346784e+02 8.309087146615892152e+02 8.943348902533638238e+02 9.564675190864132901e+02 1.012435408074266434e+03 1.054867821404721326e+03 1.072328875888688572e+03 1.056753250675368236e+03 1.015232877970526943e+03 9.598512108600002648e+02 1.006361060092484081e+03 1.027346529312932489e+03 1.017696118915695138e+03 9.802009208143597334e+02 9.274874826720468945e+02
1.049012106016123425e+03 9.910355033934290532e+02 9.324410694819886203e+02 8.775920709056387068e+02 8.257934835005482910e+02 7.765447033260152239e+02 7.294706137281294787e+02 6.842812198996849702e+02 6.407466708736417331e+02 6.925434827494934780e+02 7.473919802982449028e+02 8.059870810941724812e+02 8.684346392872536171e+02 9.297467853282817032e+02 9.855269076574126075e+02 1.029317334779178964e+03 1.051563714539320017e+03 1.038659965074133197e+03 9.987798368172489063e+02 9.440425756785575686e+02 8.822779912039183046e+02 8.183699788245949094e+02 7.551101434508722150e+02 8.182865801371141288e+02 8.819101501500567792e+02 9.432670924635208394e+02 9.974060957969160199e+02 1.036346681174881269e+03 1.047816867692913320e+03 1.028906909043590758e+03 9.845150063306398351e+02 9.255961580789130494e+02 9.731825008723169503e+02 1.001949027393711845e+03 1.000995557351512730e+03 9.686042690428242850e+02 9.186762056485050607e+02
1.045065040355062138e+03 9.855030488327922740e+02 9.269085662441070781e+02 8.720595306590295195e+02 8.202609423445535413e+02 7.710122028762623358e+02 7.239381857844383603e+02 6.787488858185182607e+02 6.352144476069381653e+02 6.870111321453118762e+02 7.418595275985901480e+02 8.004545635674444384e+02 8.638119235507359690e+02 9.259064127378518378e+02 9.812993032598972150e+02 1.023593808248726873e+03 1.042964563949216199e+03 1.026492015410431122e+03 9.847459432166486977e+02 9.292134942543424359e+02 8.673013620269940702e+02 8.038572039303886640e+02 7.417526234579171387e+02 8.051103984315249136e+02 8.686500779379261985e+02 9.292254349410508212e+02 9.815961384419980504e+02 1.017265456382998877e+03 1.023259137492463992e+03 1.000613344836774559e+03 9.544337203120674076e+02 8.953149699605912701e+02 9.470639909081836549e+02 9.809628708540310527e+02 9.850656706670245057e+02 9.566892933680651367e+02 9.093135920939445214e+02
