_codes/_figurecodes/_data/lowRvar/steadystate/20m_HalfMtrThresh_Diffusion_Tc5/topographic_elevation_depth20m_tc5.asc
ncols 200
nrows 200
xllcorner 0.0
yllcorner 0.0
cellsize 50.0
[rows 136 to 152 of 200, columns 148 to 184 of 200]
5.675219094889231428e+02 5.620847866116107525e+02 5.548952931555224950e+02 5.428228683143952367e+02 5.482794778689054738e+02 5.507106124535828258e+02 5.486222897384965336e+02 5.388794699503140464e+02 5.113852772184678201e+02 4.644764585742085501e+02 4.695328877548786295e+02 4.745916972209087703e+02 4.796552773004892174e+02 4.847248414138002204e+02 4.898016173042919945e+02 4.948868501082671401e+02 4.999818055429643096e+02 5.050890017168554778e+02 5.102184803854926258e+02 5.153542062887823931e+02 5.253811829040558905e+02 5.354551042252022626e+02 5.456008378098373441e+02 5.558201179440674196e+02 5.661274923737689733e+02 5.765255438806937036e+02 5.870169871008454265e+02 6.276729627539122021e+02 6.489591993348816459e+02 6.626074215094123474e+02 6.743235260603814822e+02 6.861224740885223810e+02 6.991861776031972795e+02 7.311167754876857998e+02 7.680605239861089331e+02 8.072671310144239669e+02 8.464012386990212917e+02
5.155150418562268442e+02 5.107016557416063165e+02 5.024776273443867467e+02 4.842319381412140729e+02 4.905469953413378335e+02 4.950281406797403179e+02 4.975001285347985913e+02 4.967692938665973088e+02 4.867689582006631213e+02 4.597057577021081443e+02 4.877755517352468360e+02 5.027463006449119689e+02 5.119515540990103659e+02 5.196893587254583053e+02 5.281089355732735839e+02 5.392777621616153283e+02 5.493572478701454429e+02 5.595472103473484822e+02 5.681753797737786726e+02 5.775746110566644802e+02 5.882056043126070790e+02 5.975854001102629809e+02 6.069242906571118965e+02 6.145699244007836342e+02 6.206020764132381373e+02 6.201187818027873391e+02 5.975630670794909065e+02 6.081929157462866442e+02 6.189087943964921124e+02 6.297280418806000171e+02 6.406696030585183053e+02 6.517544447412229829e+02 6.630060782001752386e+02 7.119471120961923134e+02 7.535669969745928256e+02 7.931473186783614437e+02 8.304017026938369099e+02
4.637683109577976666e+02 4.621653845999592818e+02 4.562476822951368263e+02 4.293867220872118082e+02 4.336296128188985790e+02 4.378771504818766971e+02 4.421320240871630176e+02 4.463942760147385798e+02 4.506625967807399320e+02 4.549370151771515225e+02 4.871672393902524618e+02 5.045043622933883967e+02 5.152706973583306080e+02 5.246158771349885228e+02 5.356731440572618794e+02 5.590517923951648527e+02 5.805810898410376240e+02 5.998440418931463682e+02 6.156736686073218152e+02 6.309272118881033293e+02 6.449746400362801069e+02 6.558584667136929056e+02 6.656764815788794749e+02 6.723342164912390899e+02 6.765911653936257153e+02 6.745680005493072713e+02 6.609157143895417903e+02 6.706849450089688389e+02 6.791867656492239576e+02 6.858818025080636289e+02 6.906174875677770615e+02 6.905295517748892280e+02 6.744693771385317405e+02 6.861004571325220240e+02 7.196743139243005771e+02 7.539244517647109660e+02 7.888984828277924635e+02
4.124795591018939263e+02 4.166942763104125902e+02 4.209174446045839204e+02 4.251491211259728402e+02 4.702770709797423478e+02 4.876960491596451561e+02 4.943585521543835171e+02 4.961239119907157828e+02 4.900666792285217639e+02 4.630435549263235089e+02 4.711905632615988679e+02 4.793846555159663012e+02 4.876328166733026137e+02 4.959424721957984161e+02 5.043215698540104199e+02 5.463309290937937703e+02 5.830659197098265167e+02 6.161873532960597686e+02 6.447557600132388416e+02 6.691608930285607357e+02 6.901094315450143313e+02 7.056185565992094553e+02 7.183020750953605784e+02 7.263041754864184441e+02 7.317436243758464798e+02 7.327191249461573079e+02 7.291181259562204104e+02 7.339471717441296050e+02 7.395680824891478551e+02 7.425157750746591319e+02 7.422199200676575401e+02 7.363569737676638169e+02 7.206778407248756366e+02 6.982006068575781228e+02 7.105023429961601096e+02 7.465561721322332005e+02 7.834583138758041514e+02
4.624300109764124613e+02 4.751412560586844620e+02 4.855834828890933181e+02 4.991804066355361442e+02 5.243066086039925722e+02 5.406211340825118441e+02 5.476080130465408047e+02 5.482882411483179794e+02 5.403854682847980939e+02 5.216345016874980729e+02 5.260358158648441531e+02 5.320184453545276710e+02 5.347915776091251701e+02 5.321639964304040404e+02 5.127393701875197394e+02 5.212230211567188007e+02 5.651670544024359515e+02 6.068668923849505745e+02 6.461641968747243254e+02 6.826635666442583670e+02 7.151285743569119404e+02 7.402348266286020362e+02 7.589927133630405933e+02 7.711448473810327187e+02 7.802845306415991899e+02 7.858675911876349574e+02 7.879929441129461338e+02 7.931286005820917353e+02 7.978566746300614341e+02 7.986108867337302399e+02 7.951277538214119431e+02 7.860856632867264580e+02 7.699074207348778600e+02 7.480724392349867458e+02 7.232175747474341279e+02 7.361714438831111238e+02 7.744657608449423378e+02
4.963748783645216349e+02 5.218091236200806406e+02 5.405896086114927357e+02 5.593847910716351635e+02 5.789699827591816756e+02 5.941210541542952797e+02 6.014144180850669272e+02 6.026901645825685137e+02 5.964731870399598392e+02 5.849872185543189289e+02 5.846267384096412343e+02 5.864484648989148354e+02 5.841775185990314867e+02 5.757834157201062908e+02 5.568174983123045649e+02 5.297470162430789742e+02 5.383120016006307651e+02 5.848021939452338529e+02 6.310647729631748462e+02 6.760776384131448822e+02 7.170305600705256666e+02 7.515773485859973562e+02 7.790250438198436314e+02 7.987785672237577046e+02 8.139009012652392130e+02 8.260906152435744616e+02 8.345731296012729672e+02 8.436127136896816410e+02 8.506063435019150347e+02 8.518784287106196871e+02 8.476621139036312798e+02 8.375210117706137680e+02 8.211482016417714931e+02 7.996599218744136124e+02 7.750128888989538609e+02 7.495892376497866962e+02 7.632937316777372416e+02
5.128253044134972924e+02 5.501676184663656386e+02 5.799409803950208016e+02 6.054777370600697850e+02 6.267145488564466405e+02 6.436074108233027573e+02 6.529198347763762058e+02 6.566349877944912805e+02 6.537162739177956610e+02 6.481751359352916779e+02 6.448859379884249847e+02 6.424703441647855016e+02 6.361410115475665634e+02 6.243030382749403771e+02 6.053385103906834956e+02 5.809546892697566136e+02 5.469256498288797275e+02 5.555604357567702891e+02 6.072771406722584970e+02 6.602905516172528451e+02 7.068568783320382636e+02 7.448248390444937286e+02 7.740656091107751990e+02 7.984620736960501972e+02 8.203693449404199782e+02 8.425680218366329655e+02 8.611830185913640889e+02 8.785402633289844516e+02 8.925152788813043117e+02 8.986164910514550002e+02 8.971308529226895416e+02 8.883948245643683777e+02 8.730212746658984315e+02 8.523042221308443231e+02 8.279486972381679379e+02 8.013847579911672483e+02 7.775251950059779347e+02
5.159820019757503360e+02 5.576028633541404815e+02 5.958091360140599591e+02 6.306830023916180608e+02 6.599180744097996012e+02 6.826505641496610224e+02 6.970971352875983484e+02 7.055655747108498872e+02 7.071099358157703136e+02 7.057657484263338574e+02 7.025065523205624913e+02 6.982961834396991208e+02 6.895762616786470289e+02 6.758325342452413906e+02 6.569803686748157361e+02 6.350436298956974497e+02 6.051266814888564340e+02 5.642308403561903560e+02 5.729156276164799237e+02 6.387943535247216005e+02 6.858794383726199158e+02 7.184742433466336706e+02 7.428817038088694744e+02 7.688882216727831747e+02 7.960837390283957120e+02 8.276140565032076211e+02 8.560895889955586426e+02 8.873270107658637471e+02 9.155009013811217073e+02 9.336265933854906507e+02 9.399167483371888920e+02 9.360053540782516848e+02 9.237028856912149877e+02 9.049735186017801425e+02 8.818618432597986612e+02 8.562309910554952239e+02 8.346170745704786214e+02
5.093926368136401948e+02 5.503937112954295117e+02 5.917068221777991539e+02 6.320159583397440883e+02 6.694442591925708257e+02 7.020870757193800955e+02 7.267239291778957977e+02 7.431461965798755500e+02 7.514145264560971782e+02 7.554206079943841132e+02 7.548079736832216895e+02 7.514494312273366177e+02 7.424108934064506684e+02 7.281658490870994456e+02 7.095684866316977377e+02 6.889658123451137044e+02 6.603418147040268877e+02 6.203004303100733523e+02 5.816221405754685065e+02 6.250205319270739892e+02 6.546299205673348069e+02 6.744090438407938564e+02 6.924392914648054784e+02 7.198849990442000717e+02 7.511143004500257803e+02 7.880796986299262699e+02 8.246179904551948994e+02 8.723948866394840707e+02 9.162411583956350114e+02 9.509900600538121580e+02 9.717523178149206160e+02 9.771212897500627150e+02 9.708054236105976997e+02 9.559566674797531505e+02 9.354607716220912152e+02 9.123764572286582961e+02 8.913746284958547221e+02
4.896560964332289245e+02 5.297310042405536024e+02 5.732613726789548991e+02 6.174658296089846772e+02 6.600573448545419524e+02 6.990897742765959038e+02 7.328887782194266265e+02 7.603982370882188206e+02 7.795136251828190552e+02 7.917488982955333086e+02 7.973316041688185578e+02 7.982398548330623953e+02 7.916264111165394297e+02 7.785857365803847188e+02 7.604321540201657399e+02 7.392068570378347658e+02 7.051445126292758232e+02 6.537758551644720910e+02 5.903432368273329303e+02 5.992934199119899858e+02 6.083163442199524980e+02 6.174224535595424186e+02 6.265625594980975848e+02 6.589072843725260782e+02 6.938808330513483043e+02 7.334436496372763941e+02 7.769770455209338706e+02 8.466885851588949663e+02 9.054290508940574682e+02 9.527690218623338296e+02 9.882286883319186472e+02 1.007978655757466981e+03 1.011293244818254493e+03 1.002748006468150265e+03 9.861213685208990682e+02 9.648563428731902150e+02 9.422656538879855361e+02
4.476003164797061231e+02 4.958374842603196271e+02 5.447452789739439822e+02 5.933847557435032058e+02 6.396322338965994732e+02 6.818680631678594182e+02 7.198391834984059869e+02 7.534370149188922596e+02 7.821402966966278427e+02 8.057414292479120377e+02 8.232262962046031589e+02 8.333002649531642874e+02 8.332071858574876160e+02 8.239674345771376238e+02 8.071461826643749191e+02 7.846205161561883870e+02 7.440746621889303469e+02 6.873125450663276297e+02 6.210957672997244572e+02 6.380764594690027707e+02 6.477703286023975124e+02 6.519878294805182577e+02 6.359531464948479424e+02 6.664273233322441001e+02 7.019172532016151536e+02 7.420875057444934555e+02 7.876222306376525921e+02 8.419506775743278695e+02 8.966597091552475831e+02 9.473945569355491898e+02 9.911151069420502608e+02 1.024104931122265725e+03 1.041397268057575729e+03 1.042312264645213872e+03 1.031403453169892146e+03 1.012388968097087513e+03 9.880823109439352265e+02
4.540424021680983628e+02 4.604925018928358895e+02 5.144041472571793747e+02 5.675186166207804490e+02 6.154196846966029852e+02 6.564295926880397474e+02 6.937492961595169163e+02 7.288118251461773980e+02 7.616923375433041201e+02 7.915257393138257385e+02 8.232275817816778272e+02 8.490264217083654330e+02 8.622117018300876907e+02 8.608861472552968053e+02 8.472288311031420562e+02 8.227003025285715694e+02 7.779056301256457573e+02 7.195437704467782396e+02 6.534405067750145690e+02 6.751471782154167158e+02 6.839533039405512227e+02 6.777938580885760302e+02 6.454389120696573627e+02 6.550838977988910301e+02 6.937453856101748215e+02 7.356580766459799179e+02 7.814617538308405074e+02 8.317159979762817557e+02 8.840533075696356491e+02 9.357451536403318642e+02 9.840198306131981099e+02 1.025619531387063034e+03 1.056382272616075397e+03 1.071012343812572908e+03 1.068695282332437955e+03 1.053339544070131979e+03 1.027001437199476186e+03
4.849516943976209973e+02 4.669533375543340412e+02 4.734249684921866219e+02 5.304881318799716610e+02 5.736941194595325442e+02 6.097970472873037124e+02 6.455571378912529781e+02 6.816079793058145242e+02 7.181720109415266506e+02 7.547663064771697918e+02 8.025795145336659289e+02 8.440171748612938245e+02 8.737454084790122124e+02 8.861567084460705246e+02 8.792483702468656475e+02 8.554211862824221271e+02 8.111122540249024269e+02 7.536691051080753141e+02 6.884140539747421599e+02 7.132416545644581447e+02 7.225168694865101315e+02 7.158643943225009707e+02 6.929239685247896432e+02 6.648330496526336901e+02 6.746682955683552336e+02 7.184484803877658123e+02 7.649217647775695923e+02 8.142971349852550702e+02 8.658273604528507121e+02 9.180621167812345220e+02 9.690558743654648879e+02 1.016257887271460277e+03 1.056265911830840423e+03 1.084553305161688741e+03 1.095229573667929344e+03 1.086810340805630631e+03 1.061566410736948910e+03
5.129458521406500040e+02 5.047946785889300259e+02 4.799020201144184625e+02 4.863926875928610229e+02 5.176467809496374457e+02 5.499915913611409906e+02 5.842413804128813126e+02 6.208302754504454697e+02 6.603928655269855881e+02 7.039259075353038497e+02 7.736370255647201475e+02 8.289320675194353498e+02 8.709280849601346972e+02 8.971373940795367616e+02 9.017160882353111901e+02 8.827465145656002505e+02 8.429133501621092819e+02 7.893986373453559509e+02 7.268975552093180568e+02 7.539888774823486983e+02 7.643271631718398567e+02 7.589631642009251209e+02 7.407949592956855440e+02 7.148071327027196276e+02 6.846148138563468137e+02 6.946534434566999607e+02 7.418223832735621954e+02 7.911733111417054261e+02 8.425931282375136107e+02 8.952968008609092294e+02 9.480498698357852163e+02 9.989942204055126922e+02 1.045396494935166629e+03 1.083419055925558496e+03 1.107791250813553916e+03 1.111374320589638955e+03 1.091958318718431428e+03
5.357791240575285201e+02 5.395322321596323718e+02 5.222258762759753381e+02 4.929585624293662818e+02 4.995386865315946920e+02 5.361398250501196117e+02 5.744038116518900097e+02 6.149619146519254400e+02 6.586306502422628455e+02 7.067421263287836837e+02 7.625047765256011871e+02 8.161280883642150457e+02 8.623764880387702760e+02 8.965515549727678035e+02 9.128034575330812004e+02 9.032813415581817935e+02 8.721411275240814120e+02 8.266100177659653809e+02 7.704309063544045557e+02 7.983054638713946360e+02 8.092306814428058033e+02 8.051744872541539735e+02 7.899035206902998425e+02 7.658594796879344813e+02 7.366317748903705933e+02 7.048113162653402242e+02 7.150680682817729803e+02 7.643136503948510381e+02 8.158636427772387378e+02 8.689050358381755359e+02 9.228329403427313764e+02 9.764123420295916276e+02 1.027396733190053510e+03 1.072499923843035504e+03 1.107140296503616355e+03 1.124950181988718214e+03 1.116849702556964303e+03
5.541239513761091757e+02 5.703109794987447003e+02 5.619413929880814749e+02 5.389038339723061881e+02 5.061505247988477549e+02 5.127769479333391018e+02 5.542593742286055658e+02 5.981933695807778122e+02 6.451252548563029450e+02 6.955276442316329621e+02 7.492063591271038376e+02 8.022816823296433313e+02 8.502842037007403633e+02 8.885170754945321505e+02 9.118088033050080412e+02 9.142535085775020889e+02 8.959180798314262120e+02 8.639583703918003721e+02 8.222263447048813987e+02 8.460822516805877740e+02 8.558794562262582986e+02 8.526694897966206099e+02 8.396348990650922133e+02 8.174962962991006634e+02 7.894246036760576999e+02 7.579899650819683075e+02 7.254530550834057294e+02 7.359581513683335743e+02 7.874562123909898901e+02 8.404509247938112821e+02 8.951234677393132415e+02 9.508686434052979166e+02 1.005419333382644936e+03 1.055831687229735508e+03 1.098182823742352866e+03 1.127399505119978812e+03 1.136950310353221084e+03
5.669912547537876435e+02 5.944314104101362091e+02 5.972260483394578614e+02 5.820673980799570018e+02 5.546825986842651446e+02 5.194328654185600271e+02 5.261036947925913410e+02 5.729700411361172883e+02 6.229635910487291994e+02 6.760136194027074907e+02 7.310097193928106662e+02 7.847924480072720144e+02 8.332525346606882977e+02 8.720572243094645728e+02 8.970855133490445041e+02 9.091968215699710072e+02 9.098257911806174434e+02 8.983703976445177659e+02 8.845725763894804459e+02 8.932113526242294483e+02 9.001759835855785923e+02 8.981841285527972332e+02 8.879601412882026352e+02 8.683929755837344828e+02 8.420588767268208130e+02 8.111887814879768257e+02 7.772483911688528906e+02 7.465881168683149554e+02 7.573480405886891731e+02 8.091436260444146455e+02 8.639898809169570768e+02 9.222525074876243707e+02 9.797126397256172368e+02 1.033802395216471268e+03 1.081037356406086019e+03 1.117564635713433745e+03 1.140036991420251979e+03
