_codes/_figurecodes/_data/lowRvar/steadystate/20m_HalfMtrThresh_Diffusion_Tc5/topographic_elevation_depth20m_tc5.asc
ncols 200
nrows 200
xllcorner 0.0
yllcorner 0.0
cellsize 50.0
[rows 34 to 50 of 200, columns 0 to 36 of 200]
7.068840006392761383e-04 1.630109541441027204e+03 1.612341563432561543e+03 1.579985741708366959e+03 1.538171463240032836e+03 1.490771066659879352e+03 1.440131567692413682e+03 1.387444828183006621e+03 1.332479419749570297e+03 1.367861665327595119e+03 1.377907428426909064e+03 1.356373245813465701e+03 1.314902439446880635e+03 1.261969715456481936e+03 1.203363682984656180e+03 1.142773164973711346e+03 1.084180177674855486e+03 1.029333480954256174e+03 9.775376730402571184e+02 9.282915205322949532e+02 8.812192982589139092e+02 8.360306238094606215e+02 7.924955283957198162e+02 7.504282059974855201e+02 7.996760813845268103e+02 8.514731906627805529e+02 9.063202958805939033e+02 9.649127036171441887e+02 1.027442207275202236e+03 1.089186608837758513e+03 1.146791201554097825e+03 1.195050966258606877e+03 1.226073042049225705e+03 1.228177109338344053e+03 1.200396042374490207e+03 1.154982152123834339e+03 1.100026424210597952e+03
2.948720396378323825e-05 1.631888215557827380e+03 1.607992057586726332e+03 1.568764817914594232e+03 1.520221906777040658e+03 1.466379202365299079e+03 1.409699700177954583e+03 1.351579610165669465e+03 1.296720356450623967e+03 1.340590749901083427e+03 1.361789784145925296e+03 1.349625994460171341e+03 1.312328063145189617e+03 1.261124697589116067e+03 1.203248896207678854e+03 1.143357600397905344e+03 1.084580754041260434e+03 1.028427605894100680e+03 9.751318383076712735e+02 9.244530808411361704e+02 8.760810466756607866e+02 8.296985956895551908e+02 7.849637663883869436e+02 7.414534394217943145e+02 7.907013319304609240e+02 8.424985339074700050e+02 8.973457528600645219e+02 9.559382400988462223e+02 1.018772357409778124e+03 1.081159103934281120e+03 1.139833180975499545e+03 1.189521733328100026e+03 1.222079260396360951e+03 1.225402901631390932e+03 1.197698136672509236e+03 1.151703772720191637e+03 1.095929707585889901e+03
2.948587745006904168e-04 1.623270322008708263e+03 1.596087513161035758e+03 1.552422754379888829e+03 1.499267039486893736e+03 1.441043346026544668e+03 1.380354622489184976e+03 1.321746895750845169e+03 1.266890250514119998e+03 1.315452146909314251e+03 1.343607351196228365e+03 1.339406785353542773e+03 1.306406640154749311e+03 1.257237291005528050e+03 1.200125567133692357e+03 1.140285645233370815e+03 1.080904264018888171e+03 1.023682021115159046e+03 9.693620336131666591e+02 9.176943057035676929e+02 8.684476982714350015e+02 8.213748229502934919e+02 7.761855285574771415e+02 7.326501041964410206e+02 7.818979955808996465e+02 8.336952757919871146e+02 8.885426038069563219e+02 9.471351753396711501e+02 1.010239679689941454e+03 1.073101833153699999e+03 1.132509059378108532e+03 1.183162383761277169e+03 1.216794402121841131e+03 1.221101115599046352e+03 1.193642599014687903e+03 1.147436202656748492e+03 1.091251682065318164e+03
4.092153786402921256e-04 1.609016262256140863e+03 1.579926098639303063e+03 1.533497020235686932e+03 1.477446592314950294e+03 1.416656601634098934e+03 1.354078369285761482e+03 1.295472708681953918e+03 1.240618348840791896e+03 1.292337212528436112e+03 1.325421077454667511e+03 1.327641362084620823e+03 1.298456068213115259e+03 1.251178118065808576e+03 1.194656634929449410e+03 1.134534778525540787e+03 1.074243540037914272e+03 1.015694652406942055e+03 9.608481590024387060e+02 9.090521624050276159e+02 8.598054602052108066e+02 8.127324942321504295e+02 7.675431536816964808e+02 7.240077536379128560e+02 7.732556269656945460e+02 8.250529707298387621e+02 8.799004016814349143e+02 9.384930607186071256e+02 1.001787597928694595e+03 1.065003402928220339e+03 1.124941960858168613e+03 1.176297214046773888e+03 1.210751081049625782e+03 1.215907508526443280e+03 1.188785729885344381e+03 1.142579779062186844e+03 1.086228150540885963e+03
9.496209009317403216e-04 1.591868341201449311e+03 1.561649404524520151e+03 1.513552151520740836e+03 1.455783046604567062e+03 1.393589493539167506e+03 1.330251706928404701e+03 1.271648072514921523e+03 1.216795604034985217e+03 1.270887821720947159e+03 1.307797180011969658e+03 1.315362162833964021e+03 1.289539524270848688e+03 1.243959838301741684e+03 1.187862671015070646e+03 1.127244388777686936e+03 1.065796590612574391e+03 1.007204133915299394e+03 9.523576205905768575e+02 9.005615561678420136e+02 8.513147608499546095e+02 8.042417134931704368e+02 7.590523410098747945e+02 7.155169792744576398e+02 7.647648188151587192e+02 8.165622114869379402e+02 8.714097380526488905e+02 9.300024863147043561e+02 9.933568081677193504e+02 1.056869034070825364e+03 1.117217567470548147e+03 1.169120501883960742e+03 1.204255250569813370e+03 1.210192716234160116e+03 1.183463736335008889e+03 1.137384159193239611e+03 1.081009770280939620e+03
3.002152049459052424e-04 1.573441564624668445e+03 1.542560763677438672e+03 1.493479495646375199e+03 1.434692789370113815e+03 1.371618144256549158e+03 1.308248733840067189e+03 1.249646968477829660e+03 1.194795998684340475e+03 1.250696603561927532e+03 1.290748175702075287e+03 1.303109116217847713e+03 1.280540071475704053e+03 1.236648675061025870e+03 1.180925029902022516e+03 1.119709047768457822e+03 1.057449086719555453e+03 9.988566531338777850e+02 9.440101123255111588e+02 8.922139763669359809e+02 8.429670908516387726e+02 7.958939720154670567e+02 7.507045813816739610e+02 7.071692709337305587e+02 7.564170620136551406e+02 8.082144891600534038e+02 8.630621030588456506e+02 9.216549408831463097e+02 9.850093096726662907e+02 1.048737360003248341e+03 1.109395460966998826e+03 1.161743291395902133e+03 1.197480892895937131e+03 1.204176690890429427e+03 1.177884830979702429e+03 1.132009692522208752e+03 1.075696052081365451e+03
3.991245704341699475e-04 1.554680298376496921e+03 1.523429190960126789e+03 1.473806963944609834e+03 1.414491733610353094e+03 1.351042186538343913e+03 1.287674393905394481e+03 1.229074282202525183e+03 1.174224447435590264e+03 1.231216246765192409e+03 1.273839845936402071e+03 1.290971157041217566e+03 1.272237160235669535e+03 1.230376081350978211e+03 1.175127516735680501e+03 1.112591608578999057e+03 1.049236897782576762e+03 9.906444795794510583e+02 9.357979045061472334e+02 8.840016944721636492e+02 8.347547227923737410e+02 7.876815428072051191e+02 7.424921472904565007e+02 6.989569002397663553e+02 7.482046291097250332e+02 8.000020766248326254e+02 8.548497688305569682e+02 9.134426952888239839e+02 9.767971167228125751e+02 1.040624897815102258e+03 1.101488997600300991e+03 1.154205436237985623e+03 1.190513410906485433e+03 1.197991634381665563e+03 1.172187348736390504e+03 1.126570296602631288e+03 1.070360981194161241e+03
4.502691839069142689e-04 1.536112109495430104e+03 1.504669907459925525e+03 1.454778016740457815e+03 1.395219793668483362e+03 1.331626247496212045e+03 1.268260033654922154e+03 1.209661336281709055e+03 1.154812306832837976e+03 1.211469979224827966e+03 1.255884487478570691e+03 1.278114249570253151e+03 1.265440945258765169e+03 1.226431339259006336e+03 1.172900640829577924e+03 1.112592165621719232e+03 1.051028901284593758e+03 9.916308876095479263e+02 9.352232019537480028e+02 8.817861030850178850e+02 8.310196265927796730e+02 7.825662865003272373e+02 7.360157573432742311e+02 6.908728228804518494e+02 7.401204766331111387e+02 7.919179308078887516e+02 8.467656917346830596e+02 9.053587047555556637e+02 9.687131835231095920e+02 1.032476382190586264e+03 1.093434345964561089e+03 1.146468637305155653e+03 1.183367070923242181e+03 1.191719919653556644e+03 1.166481466511455665e+03 1.121168552738123481e+03 1.065076101810341925e+03
6.641393745084689468e-04 1.518009071217769815e+03 1.486483203624260113e+03 1.436483621966740657e+03 1.376852672418388238e+03 1.313265776037061187e+03 1.249901040856524787e+03 1.191303507390760615e+03 1.136454978935894133e+03 1.193643638254010511e+03 1.239693710279742845e+03 1.265191935431233333e+03 1.257058841653861691e+03 1.220791280254534740e+03 1.168915534181066505e+03 1.109699190748362753e+03 1.048463973371551219e+03 9.883273754099333246e+02 9.307862092161071814e+02 8.762121049708142664e+02 8.244153257441338383e+02 7.751678150811897012e+02 7.280943828240276616e+02 6.829051906118872921e+02 7.321527571119122513e+02 7.839502046729123776e+02 8.387980243725114633e+02 8.973911209214536484e+02 9.605919024079151995e+02 1.024100894613979108e+03 1.085052414293065112e+03 1.138400904978046356e+03 1.175990441065308687e+03 1.185421900836199256e+03 1.160888008499976422e+03 1.115934374822410973e+03 1.059938961648970462e+03
6.216438552850729734e-04 1.500490340465554027e+03 1.468941807749972213e+03 1.418924277770290018e+03 1.359308828032790416e+03 1.295791011846924675e+03 1.232427623316871632e+03 1.173831010163651626e+03 1.118982699812084093e+03 1.176924441108393466e+03 1.224433343632572587e+03 1.252395825428808394e+03 1.247781872611899416e+03 1.213777002018445273e+03 1.163180523209442526e+03 1.104482171601582877e+03 1.043004571040341489e+03 9.817949870908474850e+02 9.232025050897045730e+02 8.683554947221643943e+02 8.165586424678307367e+02 7.673110967941621539e+02 7.202376928454625613e+02 6.750485969354449480e+02 7.242960649279052632e+02 7.760934930506768978e+02 8.309413612821226707e+02 8.895345374141768389e+02 9.520534569960040017e+02 1.015120783723079171e+03 1.076019291932338092e+03 1.129764010928462994e+03 1.168266651634330856e+03 1.179159745917808777e+03 1.155585480929240475e+03 1.111082384860971388e+03 1.055121527924417933e+03
7.901065035535563292e-04 1.483588328032183881e+03 1.452049343335633239e+03 1.402059474585380713e+03 1.342500393534911382e+03 1.279073922134093664e+03 1.215711729148891891e+03 1.157115800352382394e+03 1.102267434684068576e+03 1.160971340131966372e+03 1.209768269101186206e+03 1.239740400050015523e+03 1.237964968106705101e+03 1.205800516028056109e+03 1.156206423150196088e+03 1.097828262872221785e+03 1.036076173377571195e+03 9.740445029446622129e+02 9.154519755112551138e+02 8.606048919769098120e+02 8.088079730978017778e+02 7.595604030569056704e+02 7.124870388909801022e+02 6.672980485273528757e+02 7.165454077836873239e+02 7.683428041358833980e+02 8.231907104775390280e+02 8.814450689230469607e+02 9.424842362245005916e+02 1.004918940584769189e+03 1.065860068132218657e+03 1.120215573737113800e+03 1.160002215221862571e+03 1.173006170194436891e+03 1.150873275957034366e+03 1.107011708251901837e+03 1.050977714478567577e+03
7.703246704596925041e-04 1.467289670917941294e+03 1.435775551259179338e+03 1.385833746730589382e+03 1.326346560265235212e+03 1.263015045753585810e+03 1.199653885801251590e+03 1.141058410688580125e+03 1.086209716485248236e+03 1.145625770066128553e+03 1.195563333541255133e+03 1.227248031160818073e+03 1.227859506234628725e+03 1.197249198149038875e+03 1.148520441616948801e+03 1.090475437945082831e+03 1.028675467815820411e+03 9.663954064835727422e+02 9.078028299392461804e+02 8.529556745604235175e+02 8.011586959823109737e+02 7.519111121423263739e+02 7.048377986401919770e+02 6.596489218897736464e+02 7.088320556737727429e+02 7.599167344152247097e+02 8.136028971550645110e+02 8.703574085778136578e+02 9.302286524488890791e+02 9.924920306754987678e+02 1.054026747169311875e+03 1.109350793226725500e+03 1.150864882054682539e+03 1.166975279768466862e+03 1.147251375488850272e+03 1.104473115132726662e+03 1.048356712025019760e+03
4.466319299107735061e-04 1.451559264445205827e+03 1.420075933741186873e+03 1.370189012751889550e+03 1.310776450418557260e+03 1.247535245537941591e+03 1.184174948851548379e+03 1.125579698505387796e+03 1.070730397246471739e+03 1.130800924890376791e+03 1.181761966358508062e+03 1.214956357266027680e+03 1.217657528731955608e+03 1.188420560020477751e+03 1.140493108631876112e+03 1.082829830106239569e+03 1.021139940379286031e+03 9.588434066592133149e+02 9.002507780648717244e+02 8.454035529418417809e+02 7.936065220107374216e+02 7.443589347911356526e+02 6.972856821688229729e+02 6.520969256992507326e+02 6.991697522031014387e+02 7.484172981014486368e+02 8.002145997203082288e+02 8.550622303773427575e+02 9.136551877377710298e+02 9.770096978050239613e+02 1.040456692608304138e+03 1.096868084673981912e+03 1.140171045878278392e+03 1.160656023833020754e+03 1.145497789934695220e+03 1.104640411175949112e+03 1.049763685859303223e+03
9.351507066994857312e-05 1.436353617798795995e+03 1.404902048477995550e+03 1.355069949086968336e+03 1.295728823662618197e+03 1.232570297819358984e+03 1.169210689206556253e+03 1.110615433130401925e+03 1.055765239760187114e+03 1.116440494763331799e+03 1.168337235136633581e+03 1.202903388293319040e+03 1.207500858515245682e+03 1.179522363214460938e+03 1.132358341900321420e+03 1.075105897438313605e+03 1.013605244157021275e+03 9.513888514203263185e+02 8.927961685904497244e+02 8.379488765678698883e+02 7.861518009824487763e+02 7.369042205795730069e+02 6.898310382526395870e+02 6.446424070426573962e+02 6.917151054734008540e+02 7.409625833281423866e+02 7.927598843888570173e+02 8.476075657844763782e+02 9.062005906709568990e+02 9.688428742339972359e+02 1.030672940329212224e+03 1.087006877644368160e+03 1.131356365955064348e+03 1.154211447729647944e+03 1.142233110413199256e+03 1.103202830805513941e+03 1.049425998471410367e+03
6.961172245835520623e-04 1.421627891470375971e+03 1.390206528586786362e+03 1.340425873593146889e+03 1.281150683670727403e+03 1.218067208629582183e+03 1.154708107941627077e+03 1.096112611846828031e+03 1.041261237899428579e+03 1.102501283894911239e+03 1.155270392356698494e+03 1.191118693421604121e+03 1.197493497637120981e+03 1.170700834209207869e+03 1.124268450232843861e+03 1.067426749244188159e+03 1.006136356231459899e+03 9.440276713035902958e+02 8.854349327525620765e+02 8.305875773011096044e+02 7.787904649858587618e+02 7.295429012881716062e+02 6.824697977880488224e+02 6.372812950165680377e+02 6.843538618538199216e+02 7.336012626601180955e+02 7.853985530781419584e+02 8.402462776876371890e+02 8.988393675805543808e+02 9.610729285897207319e+02 1.022353792511845541e+03 1.078637809458534548e+03 1.123626392317317595e+03 1.147915974012253400e+03 1.138072655695260664e+03 1.100371482525563806e+03 1.047269567431968881e+03
1.327757454498357183e-05 1.407339484952402927e+03 1.375945355437135504e+03 1.326210854036323781e+03 1.266994965774433240e+03 1.203981626347225983e+03 1.140622848349793003e+03 1.082026873667240807e+03 1.027174034458547112e+03 1.088943464699462311e+03 1.142538529725504077e+03 1.179618861376141467e+03 1.187717155880914106e+03 1.162074236933725615e+03 1.116343629169767837e+03 1.059883309432265150e+03 9.987764906183228959e+02 9.367560776159276656e+02 8.781632825277706615e+02 8.233158676724116276e+02 7.715187266974402291e+02 7.222711892118887818e+02 6.751981720702467555e+02 6.300097990022376280e+02 6.770822326795853314e+02 7.263295484237609116e+02 7.781268184460351449e+02 8.329745785200589125e+02 8.915677302899262031e+02 9.536152579966409348e+02 1.014713891861842285e+03 1.071047230120566383e+03 1.116483468625901651e+03 1.141715085610692995e+03 1.133306881942226937e+03 1.096502911433580039e+03 1.043784969102511241e+03
2.057199824095978924e-05 1.393450042320166176e+03 1.362079203734183011e+03 1.312383458166549417e+03 1.253215370238703372e+03 1.190253092670236811e+03 1.126917330149002737e+03 1.068320635594629721e+03 1.013466060823074031e+03 1.075720513939039392e+03 1.130099919891836180e+03 1.168398814236292310e+03 1.178244679586106486e+03 1.153766785881530723e+03 1.108717529885401063e+03 1.052577643190096524e+03 9.915722969785078931e+02 9.295705358487102785e+02 8.709776840434545875e+02 8.161302142939083524e+02 7.643330527988501899e+02 7.150855505731219637e+02 6.680126262099620362e+02 6.228243821615013758e+02 6.698966831059103697e+02 7.191439068793281422e+02 7.709411471653379522e+02 8.257889348085137726e+02 8.843821447809406209e+02 9.463634830449694846e+02 1.007426484508854855e+03 1.063860880877437921e+03 1.109640905928115444e+03 1.135533493523006200e+03 1.128122614245791056e+03 1.091940654925921081e+03 1.039478041319094700e+03
