_codes/_figurecodes/_data/lowRvar/steadystate/20m_HalfMtrThresh_Diffusion_Tc5/topographic_elevation_depth20m_tc5.asc
ncols 200
nrows 200
xllcorner 0.0
yllcorner 0.0
cellsize 50.0
[rows 51 to 67 of 200, columns 0 to 36 of 200]
6.951154798689588611e-04 1.379926814389997162e+03 1.348575511434534747e+03 1.298911839185211193e+03 1.239782351493671058e+03 1.176859785930288808e+03 1.113559373676352152e+03 1.054961718949427450e+03 1.000105165704665183e+03 1.062761387535970698e+03 1.117864579894702956e+03 1.157405473021136004e+03 1.169143964479825399e+03 1.145946359474701921e+03 1.101593899524133803e+03 1.045675786825068599e+03 9.845963301678260677e+02 9.224677422556248985e+02 8.638748341530081234e+02 8.090273144364937252e+02 7.572301405570459565e+02 7.079826820989580938e+02 6.609098557258870414e+02 6.157217381169298278e+02 6.627939086998543416e+02 7.120410347983819292e+02 7.638382365034959776e+02 8.186860437503605681e+02 8.772793077698046318e+02 9.392505123828399292e+02 1.000336210360744303e+03 1.056885537478185825e+03 1.102940608288542080e+03 1.129325227841119840e+03 1.122650265977160416e+03 1.086938355239829662e+03 1.034692145445121241e+03
6.598606475424297936e-04 1.366742374052039850e+03 1.335407618460901176e+03 1.285771057013742393e+03 1.226674316730166993e+03 1.163786491047370646e+03 1.100521165364409171e+03 1.041922316820920059e+03 9.870635837173737173e+02 1.049932403655888038e+03 1.105630391925953063e+03 1.146467808446995832e+03 1.160452746465189875e+03 1.138871970279447396e+03 1.095338888265901460e+03 1.039512427968284101e+03 9.779712669971274863e+02 9.154446031447743053e+02 8.568516397259464838e+02 8.020040753218984264e+02 7.502068971179152186e+02 7.009594903147797140e+02 6.538867658639334195e+02 6.086987703577461843e+02 6.557708147585401548e+02 7.050178387574574117e+02 7.568149936160775724e+02 8.116628125053141503e+02 8.702561259975931307e+02 9.322379017734290301e+02 9.933626414103298430e+02 1.050017389724778923e+03 1.096292613868157559e+03 1.123061118453720383e+03 1.116969697970710058e+03 1.081653680656512734e+03 1.029626793330036890e+03
4.723788038439203106e-06 1.353873507734374471e+03 1.322553023453949663e+03 1.272939819540675671e+03 1.213871279778746839e+03 1.151013418162955304e+03 1.087778466391922848e+03 1.029178204317019208e+03 9.743171452932905368e+02 1.036950223569444006e+03 1.092954150242666628e+03 1.135129886125888788e+03 1.152059840105133617e+03 1.132957326820692288e+03 1.090635244771533507e+03 1.034881712846713299e+03 9.718528248174842474e+02 9.084982165091491879e+02 8.499051992769476556e+02 7.950575957534888403e+02 7.432604211382349604e+02 6.940130731798573152e+02 6.469404532665384977e+02 6.017525739858617726e+02 6.488244979771098997e+02 6.980714167732872966e+02 7.498685171785709827e+02 8.047163398259019687e+02 8.633096978596394138e+02 9.253029912012461864e+02 9.864597456218158413e+02 1.043193329950379621e+03 1.089634699161794742e+03 1.116708073777126401e+03 1.111111092627635799e+03 1.076165759839722568e+03 1.024388342767935228e+03
1.466612096202132203e-04 1.341300191406490057e+03 1.309992332576793842e+03 1.260399746323077579e+03 1.201355856258733866e+03 1.138523171788925083e+03 1.075309998078025274e+03 1.016708124995884532e+03 9.618446612865695897e+02 1.023188207804789727e+03 1.078968284013902576e+03 1.122325003397597584e+03 1.143282954821307385e+03 1.128860556865374747e+03 1.088552796634024389e+03 1.034062472707786355e+03 9.730799831123289323e+02 9.111412246973694664e+02 8.515106342398216839e+02 7.949517946897105958e+02 7.413883328373725590e+02 6.905262922795359373e+02 6.418864371984452646e+02 5.948804194772574192e+02 6.419522301485989146e+02 6.911990419650099966e+02 7.429960810412019327e+02 7.978438997108452213e+02 8.564372970579677258e+02 9.184316182887507694e+02 9.795973831982377078e+02 1.036364632882491378e+03 1.082904641979848293e+03 1.110208018071744618e+03 1.105049927853262261e+03 1.070484771525179212e+03 1.019005450304807141e+03
1.417396414411666950e-04 1.329004689698562288e+03 1.297708416725320603e+03 1.248134903384227300e+03 1.189114276871475340e+03 1.126306665821639626e+03 1.063119353568192309e+03 1.004515706151639279e+03 9.496498394797180254e+02 1.010671794323941526e+03 1.066600320950940613e+03 1.111000219323271722e+03 1.134331318972506097e+03 1.123227564835399789e+03 1.084859418815528443e+03 1.031523401012026852e+03 9.713105364584653216e+02 9.094149744907964532e+02 8.488355225447461407e+02 7.910397318696592492e+02 7.361919247010138179e+02 6.843949530690067604e+02 6.351482487687752609e+02 5.880765433763235706e+02 6.351482487687752609e+02 6.843949530690067604e+02 7.361919247010138179e+02 7.910397318696592492e+02 8.496331630809197577e+02 9.116163653940966469e+02 9.727555775502788720e+02 1.029482782492292927e+03 1.076016445328841883e+03 1.103450443626494916e+03 1.098691859600630551e+03 1.064559876313936456e+03 1.013468464393987915e+03
4.456428750290661865e-04 1.316970692681239825e+03 1.285685284043285264e+03 1.236129787895526988e+03 1.177131446460156894e+03 1.114348376104678891e+03 1.051186850169545323e+03 9.925813046338192862e+02 9.377131165470494807e+02 9.987911119019615853e+02 1.055060433720467017e+03 1.100352461694481690e+03 1.125341633373463537e+03 1.116652819591389516e+03 1.079799293530521936e+03 1.027251466996422550e+03 9.672248571263514805e+02 9.048245888264366386e+02 8.428950870803843145e+02 7.843016276409548482e+02 7.294538392222943912e+02 6.776569403166026859e+02 6.284103428479185141e+02 5.813387340118193833e+02 6.284103428479185141e+02 6.776569403166026859e+02 7.294538392222943912e+02 7.843016276409548482e+02 8.428950870803843145e+02 9.048665238230644263e+02 9.659339473930316444e+02 1.022494453788251349e+03 1.068830179830419183e+03 1.096221068399038359e+03 1.091827460562372607e+03 1.058262999749521214e+03 1.007738417115587822e+03
4.981930987996034460e-04 1.305182864328869528e+03 1.273907690439241833e+03 1.224369216229940548e+03 1.165392010159150686e+03 1.102632260566158038e+03 1.039495065583720134e+03 9.808875442089723720e+02 9.260171948903281418e+02 9.872892650868712963e+02 1.043963579017145321e+03 1.090030059434272971e+03 1.116297863050692513e+03 1.109445412949822867e+03 1.073750120526813134e+03 1.021759140532370907e+03 9.617764169890131143e+02 8.989580745952090410e+02 8.362209790861800229e+02 7.776274971834869802e+02 7.227797344260861792e+02 6.709829126634508611e+02 6.217364202239780298e+02 5.746648988674653538e+02 6.217364202239780298e+02 6.709829126634508611e+02 7.227797344260861792e+02 7.776274971834869802e+02 8.362209790861800229e+02 8.982356310148728653e+02 9.591899356804283343e+02 1.015349216005153608e+03 1.061099831940656941e+03 1.088089981265733286e+03 1.084021697656771494e+03 1.051340812088459643e+03 1.001761620017749806e+03
9.669315979775707556e-04 1.293626712930135000e+03 1.262361146040912899e+03 1.212838642923158886e+03 1.153881233718424710e+03 1.091143225860485018e+03 1.028028490798789790e+03 9.694189665651610994e+02 9.145466887027188250e+02 9.760547554516787159e+02 1.033137738910938197e+03 1.079886246374634538e+03 1.107203468635335639e+03 1.101826393747552856e+03 1.067066047044754896e+03 1.015538442518423494e+03 9.556441027674554789e+02 8.926465768226959199e+02 8.296088591661173268e+02 7.710153606372908826e+02 7.161676300568753959e+02 6.643708889747440480e+02 6.151244987751973667e+02 5.680530557707907064e+02 6.151244987751973667e+02 6.643708889747440480e+02 7.161676300568753959e+02 7.710153606372908826e+02 8.296088591661173268e+02 8.919038960585744462e+02 9.527526457149713224e+02 1.008034132797136749e+03 1.052370863884366372e+03 1.078151336844089883e+03 1.074350132251250216e+03 1.043305883004084535e+03 9.955112038930475364e+02
6.028414841639845225e-04 1.282288589285094076e+03 1.251031999748696762e+03 1.201524389937066644e+03 1.142585369518400285e+03 1.079867431089254751e+03 1.016773248971779140e+03 9.581617478448513339e+02 9.032878359913753457e+02 9.650361242596198963e+02 1.022508487927479564e+03 1.069866813578750680e+03 1.098086990834509152e+03 1.093963882739102701e+03 1.060012232808336648e+03 1.008921884679036566e+03 9.491883132720773801e+02 8.861766782792674348e+02 8.230568494164194817e+02 7.644633401155729189e+02 7.096156477813958645e+02 6.578189900430214720e+02 6.085726984573168465e+02 5.615013248911668597e+02 6.085726984573168465e+02 6.578189900430214720e+02 7.096156477813958645e+02 7.644633401155729189e+02 8.230568494164194817e+02 8.864119922295568585e+02 9.473392464622680791e+02 1.000653143187493924e+03 1.041781772675544971e+03 1.064386428030429215e+03 1.060754434917620983e+03 1.033200027257151760e+03 9.890797695374996010e+02
9.156320038832680471e-04 1.271155689838254602e+03 1.239907478407604458e+03 1.190413728281270551e+03 1.131491739758843551e+03 1.068792271148697637e+03 1.005716865365152103e+03 9.471034659794507888e+02 8.922282622661962250e+02 9.542077035760752324e+02 1.012044613529944058e+03 1.059957435356937822e+03 1.088984239871156205e+03 1.085978502726299666e+03 1.052764761462728984e+03 1.002108494618322425e+03 9.425912530392313329e+02 8.796614484943189609e+02 8.165631666888746167e+02 7.579696524338644394e+02 7.031220039259189889e+02 6.513254313438286545e+02 6.020792340699445049e+02 5.550079214569528858e+02 6.042534642567558194e+02 6.560494067795585806e+02 7.108966978132630175e+02 7.685368605298368720e+02 8.280075817589976168e+02 8.881578468518760019e+02 9.449922849775296072e+02 9.934402776628486436e+02 1.027751471802759170e+03 1.042059515367156564e+03 1.038456394037285008e+03 1.019105742024815299e+03 9.826441017617490843e+02
6.429370537309569674e-04 1.260216013766244714e+03 1.228975655363887427e+03 1.179494852383084663e+03 1.120588689907486923e+03 1.057906269714199425e+03 9.948480772425867826e+02 9.362329079588841978e+02 8.813567853544460604e+02 9.435550159480275170e+02 1.001733063167592377e+03 1.050158544707239116e+03 1.079926792351837548e+03 1.077951246995541396e+03 1.045432974334763685e+03 9.952116457170495778e+02 9.359450814480868530e+02 8.731493609112291097e+02 8.101234564012164583e+02 7.515299429233684805e+02 6.966823433188413901e+02 6.448858569306146364e+02 5.956397491907627000e+02 5.485684896577711243e+02 6.002582850515076416e+02 6.541639188249615700e+02 7.109371722836528988e+02 7.701956077295933483e+02 8.301053873176217621e+02 8.883062652784024067e+02 9.407790825078524222e+02 9.818333193494912621e+02 1.003986532519944035e+03 1.007784199196501163e+03 1.002676492880791670e+03 9.932609544903295955e+02 9.704924836987199797e+02
5.221241022254239847e-04 1.249458258035294421e+03 1.218225351735577988e+03 1.168756784207478859e+03 1.109865483045998417e+03 1.047198949283913407e+03 9.841566753868600017e+02 9.255399089261907193e+02 8.706632534153380902e+02 9.330683740620977460e+02 9.915676619595813008e+02 1.040474102008203545e+03 1.070937947473252962e+03 1.069933530978317322e+03 1.038081995696936019e+03 9.882944842850758960e+02 9.292969659374800813e+02 8.666624119364121270e+02 8.037336607598984983e+02 7.451401536657027691e+02 6.902926075213271133e+02 6.384962076427968896e+02 5.892501843312221581e+02 5.421789707121880610e+02 5.939740830086344658e+02 6.488205314052751191e+02 7.074135496452845473e+02 7.689325320074061665e+02 8.288980700297925068e+02 8.846273101158486725e+02 9.312997026679479404e+02 9.620222153464668509e+02 9.690793235534910082e+02 9.624319440817116629e+02 9.531368779480995954e+02 9.532848549001383844e+02 9.472490152625616702e+02
2.725979706478885820e-04 1.238871641849522575e+03 1.207645972660751340e+03 1.158189224468530711e+03 1.099312161848326468e+03 1.036660697278887028e+03 9.736333709184673353e+02 9.150152169709547252e+02 8.601384100573266096e+02 9.227400828077011283e+02 9.815442651442094757e+02 1.030907193676887573e+03 1.062032743212500463e+03 1.061956301253584797e+03 1.030749314267716045e+03 9.813916090118276543e+02 9.226712738742378406e+02 8.602112751734970288e+02 7.973925136257032591e+02 7.387990183564161271e+02 6.839515296752380209e+02 6.321552159281195600e+02 5.829092717159584254e+02 5.358380975862947935e+02 5.904865402406547901e+02 6.476180983591802942e+02 7.073228037665676311e+02 7.681510672926708594e+02 8.268934603359991797e+02 8.791827205275421875e+02 9.183974396652846508e+02 9.347047783942047090e+02 9.265949484000299208e+02 9.081770099228033359e+02 8.878291077084394374e+02 9.021683594989796120e+02 9.128263923174965839e+02
6.033137843811641485e-04 1.228445643843276912e+03 1.197227268661029029e+03 1.147782349763277807e+03 1.088919382201852613e+03 1.026282630317540679e+03 9.632696825740896429e+02 9.046503789304531438e+02 8.497737817473265522e+02 9.125632517639683101e+02 9.716588486313476096e+02 1.021458728406894124e+03 1.053219441455301649e+03 1.054036917949104009e+03 1.023455527974295137e+03 9.745213386795162478e+02 9.160801079030137544e+02 8.538001100026197037e+02 7.910963353715530957e+02 7.325028571690941135e+02 6.776554294168992101e+02 6.258592008334503589e+02 5.766133303288927436e+02 5.295421900406059876e+02 5.843878205969240298e+02 6.429799559562637796e+02 7.040898729410702117e+02 7.649234875846805153e+02 8.220497897884719123e+02 8.700470588297007453e+02 9.005887684538043914e+02 9.015800843451644369e+02 8.793256881976993782e+02 8.499186655554418621e+02 8.181159967547099541e+02 8.447630259345497734e+02 8.729750459363904156e+02
4.870604640541853394e-05 1.218169617643083029e+03 1.186958994303909094e+03 1.137526536975643921e+03 1.078678207857485177e+03 1.016056450859685242e+03 9.530578407061913140e+02 8.944376435489982669e+02 8.395615836193065888e+02 9.025313125402498144e+02 9.619068625433255875e+02 1.012127347493741240e+03 1.044501159114189932e+03 1.046183828621559314e+03 1.016210908178188106e+03 9.676926517485824206e+02 9.095291408193363623e+02 8.474307355708314162e+02 7.848440808833844358e+02 7.262506247530430983e+02 6.714032608391602253e+02 6.196071159031134812e+02 5.703613137291496287e+02 5.232902023806893794e+02 5.781357930491691377e+02 6.367278447570280377e+02 6.998788275805623016e+02 7.608514863168256852e+02 8.162299035272866377e+02 8.596387164866017656e+02 8.810211049581238285e+02 8.667600922005246957e+02 8.290198249791125136e+02 7.913511216073402466e+02 7.547604638056594695e+02 7.821076194169341989e+02 8.310631612685780283e+02
3.570053964013645068e-04 1.208032224358374833e+03 1.176830411655098487e+03 1.127411976069025513e+03 1.068579841649754599e+03 1.005974284161113587e+03 9.429907050879464805e+02 8.843698791037865021e+02 8.294946404634335977e+02 8.926378198701130486e+02 9.522830526312053507e+02 1.002909654150106689e+03 1.035877105051255967e+03 1.038399437643672172e+03 1.009019124972786130e+03 9.609088030350728786e+02 9.030201591566130901e+02 8.411032227693233381e+02 7.786347456853812901e+02 7.200413163637672369e+02 6.651940186503499035e+02 6.133979553754940071e+02 5.641522162650362588e+02 5.170811296686956666e+02 5.751592473469568176e+02 6.356086421554117578e+02 6.976665157592357218e+02 7.578678759673227887e+02 8.113847257739706720e+02 8.503693205462948299e+02 8.618416183530335957e+02 8.353837594822184656e+02 7.779465173571265950e+02 7.327574443285247980e+02 6.961668449749836327e+02 7.369185561920658074e+02 8.015348273594897819e+02
1.873356355334703134e-04 1.198020580766218700e+03 1.166829550461682629e+03 1.117428104388772908e+03 1.058615250605910205e+03 9.960284755022831860e+02 9.330616942252452191e+02 8.744405031614365953e+02 8.195663201930726700e+02 8.828763386931052537e+02 9.427813768137434636e+02 9.938003579522496693e+02 1.027343253325289197e+03 1.030681606889144859e+03 1.001879142173463265e+03 9.541690950055560734e+02 8.965522009994914470e+02 8.348158531314717266e+02 7.724650578885482446e+02 7.138716598283675694e+02 6.590244301729230756e+02 6.072284462115864017e+02 5.579827651055700244e+02 5.109116997478847679e+02 5.695029806991516352e+02 6.312806378142759058e+02 6.934204161349820197e+02 7.529817935403802949e+02 8.048505396558651910e+02 8.407003871931874528e+02 8.475581114540941599e+02 8.203904075635240360e+02 7.733082721110926059e+02 7.223600977428595797e+02 6.698971198309770898e+02 7.259674067128506749e+02 7.829938989895427994e+02
