_codes/_figurecodes/_data/lowRvar/steadystate/20m_HalfMtrThresh_Diffusion_Tc5/topographic_elevation_depth20m_tc5.asc
ncols 200
nrows 200
xllcorner 0.0
yllcorner 0.0
cellsize 50.0
[rows 170 to 186 of 200, columns 37 to 73 of 200]
4.443128302453563379e+02 4.699131504992089390e+02 4.974942585506310024e+02 5.282378419104015848e+02 5.581447213145318074e+02 5.857211117963266815e+02 6.037024588940769263e+02 6.064274997068000630e+02 5.950463486862341824e+02 5.777951221226666121e+02 5.685943486308033243e+02 5.725578079028074399e+02 5.873768896140444440e+02 6.073779485500976989e+02 6.281984035858920379e+02 6.464703406109208572e+02 6.642179591865196926e+02 6.797310026259382312e+02 6.913363069270908454e+02 7.020153565575385528e+02 7.106911076065080124e+02 7.218156795287728755e+02 7.336568415158602647e+02 7.459004404151710332e+02 7.589360660183726850e+02 7.739763805857187435e+02 7.878047064861134459e+02 8.022806303137277837e+02 8.157301664035290969e+02 8.304237096932272379e+02 8.469798139239002239e+02 8.635834087858962675e+02 8.779184583504282955e+02 8.875534018365237898e+02 8.951599174647324162e+02 9.026709075065093657e+02 9.236259959812330180e+02
5.068936347894570531e+02 5.306549178877949089e+02 5.554489670168450175e+02 5.811817265087696569e+02 6.031738697370295768e+02 6.190968230659668734e+02 6.220190450755929987e+02 6.060760094027112928e+02 5.766764772256041169e+02 5.466912638887761204e+02 5.355149426013650782e+02 5.411525883637393690e+02 5.538316692378514290e+02 5.690456555576868141e+02 5.842077772622337761e+02 5.972129741233068216e+02 6.104619486352112290e+02 6.223730377605091917e+02 6.315134473622705400e+02 6.404349698877244919e+02 6.471077107618275477e+02 6.591148270461146694e+02 6.714325399576744076e+02 6.842082762384050056e+02 6.978833272016980800e+02 7.152009437651076951e+02 7.313999339902759402e+02 7.483721696359808675e+02 7.639454885259954153e+02 7.793521390516638121e+02 7.949410198222594772e+02 8.098964318061140375e+02 8.226015443943167611e+02 8.306495962455406925e+02 8.342691522966550792e+02 8.301699235951573428e+02 8.618472732921984516e+02
5.648336712108243773e+02 5.857661451312910685e+02 6.063741029499946080e+02 6.257211346801885838e+02 6.380227310740217490e+02 6.397258200191936339e+02 6.224273926714997742e+02 5.873672075487237407e+02 5.388401945710621703e+02 4.842939773795091014e+02 4.731581469813066860e+02 4.868155589999899462e+02 5.011348732963177781e+02 5.148194669691831677e+02 5.275285843605369109e+02 5.383881441050764352e+02 5.496884063373101981e+02 5.601475027692655431e+02 5.684578671633215663e+02 5.775925396814773194e+02 5.836975019563391243e+02 5.959456681743981790e+02 6.084758703246930054e+02 6.213107816778212964e+02 6.344764536635741479e+02 6.534607282694890955e+02 6.699419797607187093e+02 6.875490254396022465e+02 7.037071051576397167e+02 7.193605943442006492e+02 7.348477862740554656e+02 7.497823177378459150e+02 7.630296217632993603e+02 7.722788982174402008e+02 7.754579721663184273e+02 7.604242372081600934e+02 7.954211679873542380e+02
6.129901907163352917e+02 6.301086251647662948e+02 6.453459712802448394e+02 6.570136865355790405e+02 6.584389242572815419e+02 6.437005468446735676e+02 6.110814829603946237e+02 5.637010010140268150e+02 5.043788052674972278e+02 4.350505004068646713e+02 3.943107244387187507e+02 4.243070535338462150e+02 4.406144210601702866e+02 4.534933578056111969e+02 4.651497729190443238e+02 4.755677710648889729e+02 4.864435071490402720e+02 4.968184271005683854e+02 5.050455082883270848e+02 5.165047933794901382e+02 5.250404440821811249e+02 5.372875599487249474e+02 5.498177319012536373e+02 5.626535574023962454e+02 5.758208731636111679e+02 5.927391507727011231e+02 6.070236349298712639e+02 6.246751729920338221e+02 6.405822431356941706e+02 6.561768155304440597e+02 6.718527761944644681e+02 6.875216106897362351e+02 7.026585244971734028e+02 7.159677001461644750e+02 7.266310092307783179e+02 7.286145858439099356e+02 7.801720812214293801e+02
6.435510881854901299e+02 6.559201410593709625e+02 6.648873343153185260e+02 6.674693774156957033e+02 6.591938819742471196e+02 6.350438362147812086e+02 5.954838341478912298e+02 5.429392308057349510e+02 4.796553281436750922e+02 4.163088163958190648e+02 3.577401978068673998e+02 3.684637259907272551e+02 3.792612021069513730e+02 3.901501158929729627e+02 4.011334914485107106e+02 4.122307272010287420e+02 4.234630182214505680e+02 4.348538479075642158e+02 4.464108846573407732e+02 4.581620745539764812e+02 4.701395429720999459e+02 4.823808587369828160e+02 4.949062454282721433e+02 5.077386821587672898e+02 5.209043660818151693e+02 5.344333140196581553e+02 5.483602480137519706e+02 5.627259274454002025e+02 5.775362587547532485e+02 5.928400707574141961e+02 6.086967161800776012e+02 6.251793233601699740e+02 6.423794016867110486e+02 6.604137723370874937e+02 6.795345821472903936e+02 6.999967038569600390e+02 7.586332724620525596e+02
6.449220601140375493e+02 6.517426355094722794e+02 6.545642041061030341e+02 6.510242271778090526e+02 6.416495620075642137e+02 6.190446627057632440e+02 5.804413356144405043e+02 5.295293307736193356e+02 4.705151835954579269e+02 4.087479921810598285e+02 3.473617052554197357e+02 3.860878981187867680e+02 4.149461186609131573e+02 4.371253534552197948e+02 4.542869680507516250e+02 4.698158417331819692e+02 4.828571995980360043e+02 4.960312993061912152e+02 5.086923096960825887e+02 5.201977652278895903e+02 5.326857475631073839e+02 5.456578477162341869e+02 5.589013870721458943e+02 5.722518729695428874e+02 5.854289941143215401e+02 5.978680379126253683e+02 6.114859082216505612e+02 6.256741566608757239e+02 6.402729752955598315e+02 6.552100862537499779e+02 6.704127904748806941e+02 6.857311958535785834e+02 7.008180747204115733e+02 7.148680981451096841e+02 7.259506604868631712e+02 7.290066196323813301e+02 7.876379620637736707e+02
6.167316679682435279e+02 6.204874227898271783e+02 6.206335165057377026e+02 6.156224189157720730e+02 6.074872760960769256e+02 5.910038340736745113e+02 5.602902978196893855e+02 5.150363323276573055e+02 4.600700448965071701e+02 3.997101535448372260e+02 3.370728240673149116e+02 3.860752354799449790e+02 4.284222813462997692e+02 4.644681795118468699e+02 4.927739889058389053e+02 5.155744260294034120e+02 5.331625995470797079e+02 5.496288090901263104e+02 5.645658013751956332e+02 5.772871695952590017e+02 5.910668102189990805e+02 6.053568170152043422e+02 6.198523912356644132e+02 6.342655795306200162e+02 6.480431670424572985e+02 6.603472430194007075e+02 6.738545304911691574e+02 6.879283976861822794e+02 7.022718574867840289e+02 7.167140470339318199e+02 7.310533717372002229e+02 7.449111825451996083e+02 7.575107119434037486e+02 7.672456081724277510e+02 7.707780358442457782e+02 7.613775618293724392e+02 8.200003836950660343e+02
5.711930775172598942e+02 5.736055129225009068e+02 5.729979420690965526e+02 5.682734032044461401e+02 5.618529023385652863e+02 5.500768077188662346e+02 5.292099605552238017e+02 4.946370853444565228e+02 4.464872443240182065e+02 3.893515422181063173e+02 3.268830610859413355e+02 3.786852950453639437e+02 4.270050217951854279e+02 4.706993493736446226e+02 5.088535357158109491e+02 5.413614453732166112e+02 5.669732414899247033e+02 5.886084968909983672e+02 6.075010161818952383e+02 6.231678556535076723e+02 6.394383444354640460e+02 6.559931836113354393e+02 6.726404089864169009e+02 6.891823763090076227e+02 7.047077450215457475e+02 7.178968418920939030e+02 7.318954252740328457e+02 7.460863182640481455e+02 7.602077558648443301e+02 7.740961099838650625e+02 7.874985038170019607e+02 7.999049129870851402e+02 8.103035292359663799e+02 8.167290009317143813e+02 8.153670694373242895e+02 7.988982432111947674e+02 8.548803326087941059e+02
5.163690547013914056e+02 5.185987895875633740e+02 5.182380466267882184e+02 5.143461407555007554e+02 5.092364096308427293e+02 5.003092767179901443e+02 4.857272677461128865e+02 4.634256949765381250e+02 4.272195111149955551e+02 3.768313375049867204e+02 3.168010181025703105e+02 3.683458929288818240e+02 4.190752275853539572e+02 4.657600502280329806e+02 5.075155432557764357e+02 5.438322386960860513e+02 5.750264528839552440e+02 6.025609097955879179e+02 6.273689292212006876e+02 6.487778630646663487e+02 6.690266474063181477e+02 6.890699989420147631e+02 7.090399847699874272e+02 7.295619992275096592e+02 7.489369584961353894e+02 7.647543901013317509e+02 7.801119646026799046e+02 7.947204721872915343e+02 8.086624068832727517e+02 8.219714708654682909e+02 8.344837234035308029e+02 8.457333766633975074e+02 8.548004700893304744e+02 8.600577755786185890e+02 8.587316747132712180e+02 8.459879354157261560e+02 8.903660756892149948e+02
4.574568208609969133e+02 4.602993546713846627e+02 4.607290521401080809e+02 4.577800149941022028e+02 4.532958082766594430e+02 4.451330103560022167e+02 4.332494354181893641e+02 4.200100501669247706e+02 3.985528175408092579e+02 3.605869266186625168e+02 3.068457768301526585e+02 3.616422761802938339e+02 4.126048364055066031e+02 4.585203708385193977e+02 4.990946447311002316e+02 5.332673973548867252e+02 5.631138616301136608e+02 5.907399304407427962e+02 6.170317962285528210e+02 6.422907790115211810e+02 6.672523023508717870e+02 6.921094420956087561e+02 7.161698145971457734e+02 7.439105046226352442e+02 7.709818548917942280e+02 7.928986016563173962e+02 8.105206860259037285e+02 8.256197320587427839e+02 8.392432045862417453e+02 8.518582265580168951e+02 8.635302563464380228e+02 8.740057961452829431e+02 8.827480643911695779e+02 8.890629430230104617e+02 8.927624500000060834e+02 8.970669963842607331e+02 9.206385875490426542e+02
3.977517736197146405e+02 4.017342455996611079e+02 4.032970943948770355e+02 4.013886484363471254e+02 3.970403224386504917e+02 3.874600425429015900e+02 3.733643384428481227e+02 3.679267760010062602e+02 3.588775501136761363e+02 3.378443009126829111e+02 2.969571223632923989e+02 3.511747194256357147e+02 3.982135834241147450e+02 4.372508162851413545e+02 4.701588011686948789e+02 4.980493029880083213e+02 5.253861149825506800e+02 5.524187548971002570e+02 5.795280634573657608e+02 6.070145296897812841e+02 6.352076764613794921e+02 6.640001330024073241e+02 6.920513995748042362e+02 7.306558726229981175e+02 7.656508329904972925e+02 7.931571581674871823e+02 8.121442090215095959e+02 8.268471371892741217e+02 8.395225085513380918e+02 8.510682089915271717e+02 8.617865474739571710e+02 8.716866273107480083e+02 8.806525333528965120e+02 8.886611235413473651e+02 8.962578735330235986e+02 9.055168828057843484e+02 9.206987945431943672e+02
3.392980070762180276e+02 3.446702260702553531e+02 3.476056181898455861e+02 3.470676382603164711e+02 3.431622543546695283e+02 3.306301836688160734e+02 3.043339194211574750e+02 3.098290183185619640e+02 3.119894650832922594e+02 3.080439211527833550e+02 2.871119053864114221e+02 3.321176935639752514e+02 3.671897655544336203e+02 3.955454305133851562e+02 4.220618901479932674e+02 4.465062475896286855e+02 4.719851931296590237e+02 4.983620918884023467e+02 5.258483489524209062e+02 5.546699043334903081e+02 5.851978590010998005e+02 6.177197665649960072e+02 6.495495521544340818e+02 7.018739126981693062e+02 7.431912295285435448e+02 7.695251718735980830e+02 7.852765857487223684e+02 7.980743736877772108e+02 8.094255670877626017e+02 8.199872426423551133e+02 8.300144111158841724e+02 8.395823739429115449e+02 8.487193317977570359e+02 8.575412715831890864e+02 8.664370970323518577e+02 8.762265001284679329e+02 8.877734074755961728e+02
2.844521806566316968e+02 2.899510173900343943e+02 2.943686462196821481e+02 2.957564094284531393e+02 2.941336280435000390e+02 2.816856989195347865e+02 2.409880402727612534e+02 2.500028799021729355e+02 2.590588562069662544e+02 2.681565573191974750e+02 2.772880108681456477e+02 2.978557010499470721e+02 3.188135296454315153e+02 3.403301548296005308e+02 3.626183998086835345e+02 3.857738832169818011e+02 4.101409598613951175e+02 4.359631305265668857e+02 4.635875439307156398e+02 4.930974284077096854e+02 5.250439851665839797e+02 5.620181334825916792e+02 6.034035888872782607e+02 6.679753900355178757e+02 7.091076585457733472e+02 7.292863511499551805e+02 7.410061315667918507e+02 7.514528775631201825e+02 7.614198312485559654e+02 7.711157637165445067e+02 7.806075527851276092e+02 7.899229257005380305e+02 7.990953443918374433e+02 8.082082665333466593e+02 8.174333399713419794e+02 8.269925490501543663e+02 8.368828904444394539e+02
2.326569248326326260e+02 2.381557473110455589e+02 2.435265196683543820e+02 2.470427381898135764e+02 2.504001537491419072e+02 2.516003173926602017e+02 2.320773498223992419e+02 2.738431945859908865e+02 3.012379743743491076e+02 3.187185924288937144e+02 3.342482651513059295e+02 3.527656829115400114e+02 3.720757202359669122e+02 3.918853557470083615e+02 4.122901709637645240e+02 4.334160343400694728e+02 4.554572929532372427e+02 4.786377365801730548e+02 5.035893571416128793e+02 5.283586306739381371e+02 5.533337041801846681e+02 5.820838347743721215e+02 6.133430542114339232e+02 6.463014568921961427e+02 6.693589400858176077e+02 6.796812938960531483e+02 6.866087929857698100e+02 6.949385702078050144e+02 7.038200756584789133e+02 7.128804172085035589e+02 7.219883996344095749e+02 7.311082646445993305e+02 7.402465512272060550e+02 7.494386558974129002e+02 7.587350703538313610e+02 7.681403664601112951e+02 7.774478722165090403e+02
1.834114462903570768e+02 1.889102569249507155e+02 1.944312255790803192e+02 1.999714249942400386e+02 2.055310798158420198e+02 2.143490970904925632e+02 2.231823354839129934e+02 2.856858165445692066e+02 3.268814086600120845e+02 3.537279175531479609e+02 3.735232772466983420e+02 3.913458577016950244e+02 4.085984597493457500e+02 4.258765932700434860e+02 4.434639116480818757e+02 4.614859803315179079e+02 4.799524565869554635e+02 4.986315744126633263e+02 5.166335290938635580e+02 5.344873421133357851e+02 5.527772071518936627e+02 5.720326902750894078e+02 5.910649189690609546e+02 6.070938140044743250e+02 6.189567061011773603e+02 6.231280416705932339e+02 6.260775303126039262e+02 6.335877749250022362e+02 6.419974840726761158e+02 6.507235975707450280e+02 6.596006523210772912e+02 6.685861069393679372e+02 6.776775731577280339e+02 6.868877643248736149e+02 6.962274522495788460e+02 7.056667835463537131e+02 7.150371656312981941e+02
2.348502381705587538e+02 2.416013042278430305e+02 2.438577793704535281e+02 2.364718045486829681e+02 2.122079400762058583e+02 2.453556562896372952e+02 2.680962964730096019e+02 3.063444434162166772e+02 3.398772039910645049e+02 3.663273786609246940e+02 3.869295986095502258e+02 4.024047416446943544e+02 4.162218405629812992e+02 4.296979601055534772e+02 4.432143560517681067e+02 4.568381688319346949e+02 4.704159939105773560e+02 4.834492769008923005e+02 4.948026086028172585e+02 5.074662672295222023e+02 5.207264565383561603e+02 5.340590446275920158e+02 5.462777496754539470e+02 5.551838159631695362e+02 5.617504915946152551e+02 5.629073086099200509e+02 5.625870916990371597e+02 5.709117574225568887e+02 5.793998993909608544e+02 5.880182046239783631e+02 5.967734758037588563e+02 6.056732573932067680e+02 6.147258284410643228e+02 6.239403069875904748e+02 6.333267756874581664e+02 6.428964330075252747e+02 6.526617764581119445e+02
2.849801341422641485e+02 2.899315915875251903e+02 2.849663815372946942e+02 2.614350258664238709e+02 2.188908136799027773e+02 2.571356346473237409e+02 2.866152095006447098e+02 3.145234302315084847e+02 3.373486909050718054e+02 3.554231357680151859e+02 3.697320384539644351e+02 3.801773911851227581e+02 3.907187064897528330e+02 4.012838785369837069e+02 4.118908769711712807e+02 4.224995229275122028e+02 4.329270760026019502e+02 4.427207202618561155e+02 4.509839218254179514e+02 4.606169196196825624e+02 4.707912319008772783e+02 4.808609035406042835e+02 4.898998249146657713e+02 4.963568282655937765e+02 5.014608720076743111e+02 5.024832617042890774e+02 5.039299952433084968e+02 5.122888886777600419e+02 5.207772248535642348e+02 5.293955801714749896e+02 5.381508412208095251e+02 5.470505493379748714e+02 5.561029812769531873e+02 5.653172523228828368e+02 5.747034398847060856e+02 5.842727329956032918e+02 5.940376145609742480e+02
