_codes/_figurecodes/_data/highRvar/nonsteady/20m_HalfMtrThresh_Diffusion_Tc5/topographic_elevation_depth20m_tc5.asc
nrows 200
cellsize 50.0
xllcorner 0.0
ncols 200
yllcorner 0.0
[rows 85 to 101 of 200, columns 37 to 73 of 200]
4.125867950704323448e+02 4.077908368479094747e+02 3.880675646849693976e+02 3.471429303849171788e+02 3.427410867137810442e+02 3.178579763554657802e+02 3.210587853080518812e+02 3.802296414289845643e+02 4.338313623750613033e+02 4.709987057474824041e+02 4.923973960991876311e+02 5.018479051272180413e+02 5.022896201339059985e+02 4.963952249079733861e+02 4.831807601819422189e+02 4.642898688972134096e+02 4.421681718945309854e+02 4.549875758045095040e+02 4.678601775879754427e+02 5.375711132852220544e+02 6.088216108558341375e+02 6.637046335696200003e+02 7.044966633026820091e+02 7.302322860926930161e+02 7.457435570213996243e+02 7.559587187071392691e+02 7.659291405725547293e+02 7.779416551399617674e+02 7.883285612381246210e+02 8.260293350042916245e+02 8.713472111793383874e+02 9.223927463548269543e+02 9.772275355527950751e+02 1.032775607576764060e+03 1.084909535846492645e+03 1.128037901035530240e+03 1.154579404899277961e+03
3.686897917002308418e+02 3.647652966477956511e+02 3.536834403749102762e+02 3.260385432785365651e+02 3.114620413503971008e+02 3.146594932508512557e+02 3.692308826859672877e+02 4.249272662842361683e+02 4.770628963698544567e+02 5.171014046022324919e+02 5.411391723809718997e+02 5.520059204941517237e+02 5.520972989958402195e+02 5.452751142284158732e+02 5.318642474478878057e+02 5.132678516385794865e+02 4.914133928328858474e+02 4.961012179171150933e+02 4.810391181356590664e+02 5.404200152645470325e+02 5.948955181014996469e+02 6.394943337977053943e+02 6.709570838179065504e+02 6.918144472073447560e+02 7.084246514848848619e+02 7.222891737423612994e+02 7.344460259856431321e+02 7.431758175834888789e+02 7.402364371560638574e+02 7.930205653507529178e+02 8.468613190419484908e+02 9.040306218452792564e+02 9.638730279636955629e+02 1.022311642538964406e+03 1.074845888573884849e+03 1.115723461738404922e+03 1.137271447738164397e+03
3.201670197370877986e+02 3.151304477140855624e+02 3.100997344319418403e+02 3.050712415260649664e+02 3.082658837527017113e+02 3.545023536689264461e+02 4.050888424811338950e+02 4.579110013413246065e+02 5.094085955215186345e+02 5.540231992021124370e+02 5.846473091067695123e+02 5.993735302305983623e+02 6.010425563065299457e+02 5.947822566325618254e+02 5.817277745106435987e+02 5.635818557808319156e+02 5.432083748917691537e+02 5.303619819211833146e+02 4.943356473361163808e+02 5.391621933549702135e+02 5.750215323089576032e+02 6.027386929978815715e+02 6.233895745037351617e+02 6.404123379481120537e+02 6.567710725157430716e+02 6.724390661963672073e+02 6.872814996789874158e+02 6.995056200065323537e+02 7.027381423486906442e+02 7.575863592321957185e+02 8.161805893298618457e+02 8.795364707163608955e+02 9.468683190727657575e+02 1.008308540148832662e+03 1.059777822499791682e+03 1.095534122731754678e+03 1.109058917358501276e+03
3.741907537228977390e+02 3.601422914831242110e+02 3.375382032161768393e+02 3.022706783611020569e+02 3.371150914197218640e+02 3.802724695607568037e+02 4.286471870790611547e+02 4.799748534257744268e+02 5.314706230557844719e+02 5.792002773883697273e+02 6.178814776599651850e+02 6.407904780293989688e+02 6.469197623402428690e+02 6.431514253406496664e+02 6.313406334389169388e+02 6.131917375205175631e+02 5.898634708169747682e+02 5.592469672669664078e+02 5.077227038583982903e+02 5.215954427185766917e+02 5.357525424391039905e+02 5.502941133579787447e+02 5.652573281640843561e+02 5.807849246926435853e+02 5.970123641271289898e+02 6.139894127284926526e+02 6.318455321724236455e+02 6.507534485162059354e+02 6.709528452796844249e+02 7.295466398110634145e+02 7.929028427069392819e+02 8.626169221039890544e+02 9.344810846363384371e+02 9.962253818460220600e+02 1.043223190057400643e+03 1.068410766746656009e+03 1.071741397622682825e+03
4.164356502994868379e+02 3.882589354084431079e+02 3.486878473017181932e+02 2.994716103198163637e+02 3.443782504439425907e+02 3.911848541195570306e+02 4.406411018552771566e+02 4.922173397577953438e+02 5.443914570454846853e+02 5.945635661903799019e+02 6.388878699859089920e+02 6.720208253809363441e+02 6.868742106304115396e+02 6.882707472476101884e+02 6.794226302289159776e+02 6.624794103414299116e+02 6.385285216679518498e+02 6.066931183926991480e+02 5.625683602369299479e+02 5.764187586805637693e+02 5.875477796034784888e+02 6.020894883759031018e+02 6.145031720107018600e+02 6.300309669656145388e+02 6.488083668295996631e+02 6.657856977933373628e+02 6.824404883329686982e+02 6.955050528225877997e+02 6.969391690694279760e+02 7.255335811760070328e+02 7.888899135899707744e+02 8.586040643312761631e+02 9.290404745155108230e+02 9.862197348033889739e+02 1.023619359785135771e+03 1.033619105685600744e+03 1.026095219046124384e+03
4.415095733596746186e+02 4.001370112398909669e+02 3.513945275306134022e+02 2.966743660522709547e+02 3.449950042888777375e+02 3.941807967823580725e+02 4.449020462933730187e+02 4.971357039213073676e+02 5.501087873694498285e+02 6.021772838851926508e+02 6.506278389035688861e+02 6.913184143729466768e+02 7.177898550085096758e+02 7.274530712496534761e+02 7.241466098297115650e+02 7.107118720305269335e+02 6.889672922558713708e+02 6.596708259432848536e+02 6.211602087762245219e+02 6.339452399218088203e+02 6.423942460616798371e+02 6.561362583211540596e+02 6.662993762724358930e+02 6.818274146985298785e+02 7.026603648792167860e+02 7.204078946395002276e+02 7.357979455022557431e+02 7.471560743651700705e+02 7.517873920619034607e+02 7.567895053410800301e+02 7.925425234900177429e+02 8.668792001192024372e+02 9.329769378511699642e+02 9.813030993479349036e+02 1.002907231195695999e+03 9.938395031964948885e+02 9.730933905846666221e+02
4.491018545240003732e+02 4.010093192898121401e+02 3.488556091020086569e+02 2.938791069570645504e+02 3.423874605851341357e+02 3.919810840755914114e+02 4.428601058051039558e+02 4.950092686481805799e+02 5.480029663917150629e+02 6.008189200781918089e+02 6.516301765367670669e+02 6.975526122597794938e+02 7.343674612900849752e+02 7.567313251213724925e+02 7.626097326038236588e+02 7.558854162389282010e+02 7.395616079955505029e+02 7.159907771828287650e+02 6.845150110453922707e+02 6.951808800305325349e+02 7.009873615465627381e+02 7.132603431376761591e+02 7.211469721572160552e+02 7.366752045364762580e+02 7.589705288388439612e+02 7.772305908695491325e+02 7.922296858957478207e+02 8.034713999159408786e+02 8.103816494944212536e+02 8.153838359571053616e+02 8.321074206806335951e+02 8.813549537635930164e+02 9.438407673239805717e+02 9.787237133789249128e+02 9.788293098937803052e+02 9.492891018445044438e+02 9.129097635900301384e+02
4.473908844169515078e+02 3.967193312583760871e+02 3.443992676558316361e+02 2.910863219526082730e+02 3.381589668722223223e+02 3.869954722004596306e+02 4.369846593805787052e+02 4.881188054282366693e+02 5.401947703330116610e+02 5.926296230117895902e+02 6.442700643577713890e+02 6.932034848952913535e+02 7.365979688723346044e+02 7.706482593905838030e+02 7.904533839598093437e+02 7.945059213113538590e+02 7.873292968035143531e+02 7.732952894691489973e+02 7.542285900814680417e+02 7.601121572470972296e+02 7.643430686008392740e+02 7.739014734054904920e+02 7.797408720504583926e+02 7.952691904446253375e+02 8.179559213695238213e+02 8.362486500622782160e+02 8.511169135957477465e+02 8.627451813757870696e+02 8.714658661289685142e+02 8.787397612028065623e+02 8.954631554625308354e+02 9.330237409579991663e+02 9.698601190267497714e+02 9.814208805546800249e+02 9.568840557982878181e+02 9.035639584428237185e+02 8.543192869373053782e+02
4.382569659102560991e+02 3.878184898177746618e+02 3.377512862138133301e+02 2.882963318421824397e+02 3.334849708870590916e+02 3.805566942091350597e+02 4.287340540480744835e+02 4.778892672865009672e+02 5.280626635699190956e+02 5.790283060731266005e+02 6.301379938930447224e+02 6.801865324761720331e+02 7.273055326854296254e+02 7.688982039676113800e+02 8.015863335647509302e+02 8.212114616561843832e+02 8.271279433497198852e+02 8.256379213430988102e+02 8.205065701759508556e+02 8.242860674256492075e+02 8.290938469322035189e+02 8.367657121352601735e+02 8.430968023141537060e+02 8.586250901599819372e+02 8.789091665118946821e+02 8.962660645812399025e+02 9.107451179579107929e+02 9.226453969163512738e+02 9.327293439949307867e+02 9.430044072378653937e+02 9.583719454311013806e+02 9.810755660987399551e+02 9.972896544287568759e+02 9.864090033898961565e+02 9.473677674932944228e+02 8.881989989666727752e+02 8.158365081146803277e+02
4.245538764955639408e+02 3.754452609249599959e+02 3.288867072443995312e+02 2.855096172345874379e+02 3.289999976277114797e+02 3.734889959120718572e+02 4.187384651736382466e+02 4.648400484801372272e+02 5.121128475267925069e+02 5.606284055848409480e+02 6.100828912205214465e+02 6.597418513309896753e+02 7.083988457520443944e+02 7.543342409415257634e+02 7.953067299227470812e+02 8.286804059885714651e+02 8.517333800717063923e+02 8.648776245623258774e+02 8.720449022556599630e+02 8.807358598279497528e+02 8.884088297071816669e+02 8.974961973138385929e+02 9.063767717387526091e+02 9.205151525004974928e+02 9.383210039784601122e+02 9.541813219541824083e+02 9.677677073297445531e+02 9.793207471536089770e+02 9.894745690648238678e+02 9.993690611285981049e+02 1.010380156081929158e+03 1.020970925777214802e+03 1.019224895707363430e+03 9.916632219398966299e+02 9.442175333521585117e+02 8.831012326605696217e+02 8.139387524921681916e+02
4.076807980412147003e+02 3.585579253964780833e+02 3.140632925278521270e+02 2.827266526414348391e+02 3.234781312046656012e+02 3.651236018901152534e+02 4.065331512327986729e+02 4.483683214294859454e+02 4.918284592693795503e+02 5.371827459827256916e+02 5.842354839589312405e+02 6.324703878334992169e+02 6.810974117915247916e+02 7.289952484943353284e+02 7.746319412433581419e+02 8.162844692445527244e+02 8.524029769394861660e+02 8.822659141208478104e+02 9.048947612860306435e+02 9.232645233363947455e+02 9.372383573795549410e+02 9.500990023186656117e+02 9.610630348027898435e+02 9.747017070336338520e+02 9.907084378971783281e+02 1.004649816698000450e+03 1.016667680656919970e+03 1.027069767756094052e+03 1.036188400100205399e+03 1.044140447312987590e+03 1.050143332070702400e+03 1.050695831968586845e+03 1.034430938329272067e+03 9.977901546448587169e+02 9.465353612313044778e+02 8.856980871815600267e+02 8.192225817725051229e+02
3.852809811078820417e+02 3.320154514338373133e+02 2.771683567915566755e+02 2.799461271898357495e+02 3.184309725408638201e+02 3.566313669287737866e+02 3.921753328910814957e+02 4.276381057906871774e+02 4.669257499486557208e+02 5.092318170721819683e+02 5.539476136283844880e+02 6.004989221355518794e+02 6.483990077401034569e+02 6.970171213848393563e+02 7.450972606509305933e+02 7.913887356713343024e+02 8.349773830254644054e+02 8.753033277091408308e+02 9.116700400881012456e+02 9.436394232022998949e+02 9.687959504054002764e+02 9.879698946624670270e+02 1.001741833112528525e+03 1.014939632078102363e+03 1.028437028596924620e+03 1.039431762755973295e+03 1.048866066651039773e+03 1.057261663253323150e+03 1.064754354940211215e+03 1.070647947960449301e+03 1.072741930057495438e+03 1.065557269231162081e+03 1.041151096950083229e+03 1.001302805443981924e+03 9.501538336612759394e+02 8.922777878448906677e+02 8.321218508660265343e+02
3.615888227637363457e+02 3.141087726963642126e+02 2.743933321288753859e+02 2.986395916942981330e+02 3.247544246685314420e+02 3.493950659850523834e+02 3.732489621044495607e+02 3.975351825314234020e+02 4.355337221816454303e+02 4.766121118337547387e+02 5.200537292262416713e+02 5.652416394821716494e+02 6.123132019409315490e+02 6.615245743578900601e+02 7.108810185459104787e+02 7.593276604785891095e+02 8.067973667250234939e+02 8.535524570826123636e+02 8.986393652780906223e+02 9.401164259343047434e+02 9.754579325589082828e+02 1.002869534705640490e+03 1.020816236666879149e+03 1.032487900741676413e+03 1.040229637525769476e+03 1.046140654158169355e+03 1.051425251034344001e+03 1.056848102791117526e+03 1.062719073033666973e+03 1.067852876682652777e+03 1.069766919051013247e+03 1.063582855332505460e+03 1.040736452498081917e+03 1.003015433871784126e+03 9.543670656112739152e+02 8.993322796771727781e+02 8.421025922486207946e+02
3.172559841797565809e+02 2.688714634120652249e+02 2.716187917177051077e+02 2.855613941744124418e+02 2.996460283934526956e+02 3.139533168574783986e+02 3.285765228180057989e+02 3.579721291578547380e+02 3.987223555322261745e+02 4.407873911416268129e+02 4.843204268219927258e+02 5.295076092712266700e+02 5.765790311379612376e+02 6.258249868230390121e+02 6.758863936796341250e+02 7.240538914170062981e+02 7.724480319513354516e+02 8.238527955307338289e+02 8.760288173672075800e+02 9.245635503161593078e+02 9.652810559942885220e+02 9.944839401138012818e+02 1.009688604067455231e+03 1.016758103513447850e+03 1.018586424980171728e+03 1.020161811724459994e+03 1.022012762861256761e+03 1.025120769677012504e+03 1.030677505745288727e+03 1.037018105992130813e+03 1.042214443179005684e+03 1.043546953376649981e+03 1.031589082930599943e+03 1.001284168307160485e+03 9.573172478305006052e+02 9.051257629453650679e+02 8.493336008846703180e+02
2.633780662438928175e+02 2.661246070285166070e+02 3.136731992113307115e+02 3.356253016788873538e+02 3.472029523213500966e+02 3.519827214888623530e+02 3.447466805385181488e+02 3.785064161492834387e+02 4.173896115922890431e+02 4.564749791879279996e+02 4.949517321401679624e+02 5.333101507611313536e+02 5.716251468691640412e+02 6.074406706533927718e+02 6.414749035410641227e+02 6.841298658281599501e+02 7.288617577335322721e+02 7.865518142787030911e+02 8.478503618028775008e+02 9.023909646799174880e+02 9.444534109986988142e+02 9.681647262466754000e+02 9.764160094232337315e+02 9.781552434931082871e+02 9.759493508333481486e+02 9.742322636769449673e+02 9.730542650379134102e+02 9.737442364131790100e+02 9.802333408232614147e+02 9.887324238925245936e+02 9.980141966319450830e+02 1.007637637180394677e+03 1.009384812916112651e+03 9.926204654387786377e+02 9.559399281790198302e+02 9.072966291681603934e+02 8.526404144330811050e+02
2.606318406060323127e+02 3.121141621313100813e+02 3.570191649903151756e+02 3.824978146097661238e+02 3.924771449032280657e+02 3.892158993589016518e+02 3.613349851397414341e+02 3.783120320823031761e+02 4.214076766438741970e+02 4.561468965038615693e+02 4.860362195023197387e+02 5.140296411348048196e+02 5.411478841055434259e+02 5.645984118631122328e+02 5.791813983048082264e+02 6.227150550578789989e+02 6.697871235737831057e+02 7.394999401302346769e+02 8.183602316040895630e+02 8.769194707858835045e+02 9.152540858467966700e+02 9.293256839088908237e+02 9.301149346491812366e+02 9.264637409210297392e+02 9.214158081496642581e+02 9.174781174149441085e+02 9.133675501524668334e+02 9.097440526858054000e+02 9.194476886239755231e+02 9.302306728209638322e+02 9.425340520933823427e+02 9.604863941552006281e+02 9.756757323204767545e+02 9.750384076529957156e+02 9.481193997390743107e+02 9.041845032758225216e+02 8.510372850586144295e+02
2.979107039800583152e+02 3.477452692668881582e+02 3.941731496456995387e+02 4.256352635713186032e+02 4.379173466920246369e+02 4.357035410451109101e+02 4.179908127842764429e+02 3.954951872873891716e+02 4.131171141735838432e+02 4.313015999161555101e+02 4.501133928810410794e+02 4.698494774113518702e+02 4.908156725378309488e+02 5.134858488568249868e+02 5.384311414812624434e+02 6.017846880064095103e+02 6.714969035538367734e+02 7.445356016748652337e+02 8.093185125030516929e+02 8.575775929794805279e+02 8.822206880826068982e+02 8.838771228360395753e+02 8.764268148765344222e+02 8.671520381193876119e+02 8.609862397043981446e+02 8.564487351811272902e+02 8.499732977833155019e+02 8.400332382005849468e+02 8.549373199934103695e+02 8.669369201970295080e+02 8.784585502803211057e+02 9.051263245164959699e+02 9.354394048745924692e+02 9.509048695798264816e+02 9.366784100632255559e+02 8.981872985119370014e+02 8.466829103148940021e+02
