_codes/_figurecodes/_data/highRvar/nonsteady/20m_HalfMtrThresh_Diffusion_Tc5/topographic_elevation_depth20m_tc5.asc
nrows 200
cellsize 50.0
xllcorner 0.0
ncols 200
yllcorner 0.0
[rows 34 to 50 of 200, columns 0 to 36 of 200]
7.068840006392761383e-04 1.630118398770614476e+03 1.612346518686135369e+03 1.579984209637161484e+03 1.538165162224840515e+03 1.490761187298145160e+03 1.440118825011676563e+03 1.387429334933921382e+03 1.332462292963051141e+03 1.367862263426218533e+03 1.377915723805845801e+03 1.356371848103198317e+03 1.314894124333163973e+03 1.261956737879055026e+03 1.203347694552887560e+03 1.142756022960214750e+03 1.084163021333051347e+03 1.029316320863809779e+03 9.775205133884720681e+02 9.282743635454019113e+02 8.812021441882847057e+02 8.360134723807191222e+02 7.924783841678961380e+02 7.504109574966639684e+02 7.996589470806114832e+02 8.514560522473025230e+02 9.063031598607666410e+02 9.648955697510489244e+02 1.027425420187915961e+03 1.089172421490976603e+03 1.146781197986174220e+03 1.195047263598494283e+03 1.226078388233497435e+03 1.228183440587727773e+03 1.200393282891102444e+03 1.154973090232614140e+03 1.100013151093836768e+03
2.948720396378323825e-05 1.631895815640641104e+03 1.607991438337294539e+03 1.568758110137606081e+03 1.520210778494313445e+03 1.466364810601817680e+03 1.409682834875791286e+03 1.351562492238100049e+03 1.296703221101168083e+03 1.340588439321250689e+03 1.361798202597974296e+03 1.349629497231505638e+03 1.312323381673864787e+03 1.261114580343666375e+03 1.203235396115815774e+03 1.143342323351241930e+03 1.084564686539111335e+03 1.028411191360199382e+03 9.751152434943559228e+02 9.244363810154109160e+02 8.760642635813014749e+02 8.296816934047517407e+02 7.849466355019127377e+02 7.414361889153777838e+02 7.906841956898110766e+02 8.424813933321138393e+02 8.973286143704394817e+02 9.559211032519442597e+02 1.018755446322159742e+03 1.081144672273787137e+03 1.139822799677046078e+03 1.189517562808639923e+03 1.222084145696516998e+03 1.225409250534943567e+03 1.197695183167321602e+03 1.151694418775592339e+03 1.095916137159535310e+03
2.948587745006904168e-04 1.623276860386851013e+03 1.596085346442540185e+03 1.552414341845840681e+03 1.499254196895171617e+03 1.441027315067038899e+03 1.380337496494875722e+03 1.321729772639119574e+03 1.266873107535122699e+03 1.315448282642762251e+03 1.343613558698813677e+03 1.339411541652237020e+03 1.306402639427647500e+03 1.257227459297082760e+03 1.200112099611463464e+03 1.140270121943537561e+03 1.080887734836391473e+03 1.023665140878429611e+03 9.693449697973575212e+02 9.176771693559205687e+02 8.684305559394346119e+02 8.213576758244886378e+02 7.761683837003281496e+02 7.326328517325800931e+02 7.818808579717721159e+02 8.336781331294173469e+02 8.885254629879071899e+02 9.471180361083983144e+02 1.010222658733268077e+03 1.073087221303437445e+03 1.132498419990643924e+03 1.183157899364274044e+03 1.216798969503006902e+03 1.221107537357303727e+03 1.193639574455397224e+03 1.147426701467928524e+03 1.091237948696381864e+03
4.092153786402921256e-04 1.609022199159009688e+03 1.579923005544151920e+03 1.533487570518778512e+03 1.477432770514585854e+03 1.416639809576817925e+03 1.354061237947169047e+03 1.295455580537425703e+03 1.240601198199153032e+03 1.292332328834726468e+03 1.325425801717874720e+03 1.327647252402775393e+03 1.298452688567692803e+03 1.251168494301238752e+03 1.194643057254541191e+03 1.134518879605510620e+03 1.074226439755162801e+03 1.015677520939615988e+03 9.608310259130968234e+02 9.090350260340770774e+02 8.597883199140391071e+02 8.127153495139103825e+02 7.675260110389197052e+02 7.239904993050188295e+02 7.732384881917487292e+02 8.250358262141763817e+02 8.798832590261031328e+02 9.384759195253942607e+02 1.001770499955327978e+03 1.064988657414287218e+03 1.124931135127197876e+03 1.176292502596438226e+03 1.210755407853276665e+03 1.215914032867385004e+03 1.188782705430922078e+03 1.142570218315912371e+03 1.086214337194623340e+03
9.496209009317403216e-04 1.591873927844025047e+03 1.561645760026643529e+03 1.513542093066439520e+03 1.455768693309830724e+03 1.393572394214400447e+03 1.330234571304092242e+03 1.271630939927599456e+03 1.216778446019252669e+03 1.270882183403238969e+03 1.307800800276442715e+03 1.315369092302061063e+03 1.289536708490452838e+03 1.243950364816716274e+03 1.187848904227998673e+03 1.127228029065553983e+03 1.065779454493062758e+03 1.007186997429826874e+03 9.523404834934830205e+02 9.005444176744779270e+02 8.512976199945287590e+02 8.042245694983274689e+02 7.590351993001561368e+02 7.154997231731789498e+02 7.647476793547899661e+02 8.165450655589022517e+02 8.713925938939901243e+02 9.299853437244531733e+02 9.933396674945290670e+02 1.056854177344551772e+03 1.117206598171714404e+03 1.169115613635068485e+03 1.204259379767666815e+03 1.210199361847078762e+03 1.183460754014413624e+03 1.137374589963976405e+03 1.080995925836042943e+03
3.002152049459052424e-04 1.573446947750226173e+03 1.542556796529901931e+03 1.493469078844170326e+03 1.434678107352963934e+03 1.371601007271491653e+03 1.308231594850653210e+03 1.249629832059451928e+03 1.194778833793727927e+03 1.250690397294081322e+03 1.290750916822468980e+03 1.303117092929463752e+03 1.280537822529757932e+03 1.236639334568205413e+03 1.180911036942241026e+03 1.119692362989585718e+03 1.057431949106368393e+03 9.988395154123270459e+02 9.439929741237029930e+02 8.921968371108133624e+02 8.429499502879083366e+02 7.958768289239854994e+02 7.506874412233420344e+02 7.071520130889583697e+02 7.563999227708939088e+02 8.081973419531778973e+02 8.630449577568917903e+02 9.216377972184897089e+02 9.849921681585097986e+02 1.048722422961732264e+03 1.109384383915165017e+03 1.161738260276629489e+03 1.197484848536810659e+03 1.204183472702362451e+03 1.177881916544600926e+03 1.132000144512541056e+03 1.075682203959486742e+03
3.991245704341699475e-04 1.554685568219498009e+03 1.523425047197352797e+03 1.473796361455866645e+03 1.414476910392125774e+03 1.351025047733287238e+03 1.287657252830674679e+03 1.229057143508106947e+03 1.174207276093599148e+03 1.231209676799039016e+03 1.273841858796418364e+03 1.290980408889596220e+03 1.272235627852171319e+03 1.230366932335224874e+03 1.175113062629138540e+03 1.112574451988177316e+03 1.049219714930544342e+03 9.906272756589517030e+02 9.357807209799395878e+02 8.839845009342067215e+02 8.347375420438794436e+02 7.876643732187724254e+02 7.424749927758109607e+02 6.989396396958937885e+02 7.481874891532296488e+02 7.999849286429058566e+02 8.548326227361508245e+02 9.134255509736520935e+02 9.767799744953789514e+02 1.040609923481425767e+03 1.101477848797009301e+03 1.154200286953309160e+03 1.190517203332251029e+03 1.197998569298740449e+03 1.172184520241324435e+03 1.126560785252847609e+03 1.070347140752276573e+03
4.502691839069142689e-04 1.536117321003871439e+03 1.504665675718418015e+03 1.454767328845230850e+03 1.395204915626102775e+03 1.331609107389218707e+03 1.268242891050655317e+03 1.209644195658318949e+03 1.154795129992803368e+03 1.211460302675855246e+03 1.255882090176067095e+03 1.278122336891221494e+03 1.265443955026661570e+03 1.226425908182857029e+03 1.172889665730005845e+03 1.112578034721349013e+03 1.051013368619291441e+03 9.916147093862335851e+02 9.352067207200750545e+02 8.817694531210954665e+02 8.310028709641989053e+02 7.825493989309259177e+02 7.359986303776432806e+02 6.908555597133503170e+02 7.401033361597889098e+02 7.919007820982274097e+02 8.467485450943762544e+02 9.053415598922141498e+02 9.686960409737906730e+02 1.032461431006328212e+03 1.093423164681215667e+03 1.146463386645401215e+03 1.183370695668865892e+03 1.191727033584136734e+03 1.166478739375417945e+03 1.121159082391990523e+03 1.065062265508636528e+03
6.641393745084689468e-04 1.518014257156865142e+03 1.486478936670077928e+03 1.436472908145993642e+03 1.376837795402840584e+03 1.313248635055103705e+03 1.249883897185934529e+03 1.191286366642256326e+03 1.136437797046441801e+03 1.193633751434409760e+03 1.239690737638138671e+03 1.265198968306973484e+03 1.257062649093803884e+03 1.220786401639149517e+03 1.168904959613801111e+03 1.109685192457705625e+03 1.048448141254416441e+03 9.883107067708930344e+02 9.307692127517610743e+02 8.761949697518158473e+02 8.243981807052110753e+02 7.751506618863845688e+02 7.280772330574353646e+02 6.828879251847496334e+02 7.321356164779256233e+02 7.839330556317571563e+02 8.387808774094825139e+02 8.973739759451322016e+02 9.605748381763536372e+02 1.024086037223265976e+03 1.085041235252639581e+03 1.138395554145430879e+03 1.175993870636124257e+03 1.185429239491633325e+03 1.160885401667921769e+03 1.115924938671521204e+03 1.059925106400145069e+03
6.216438552850729734e-04 1.500495519378711151e+03 1.468937534748837152e+03 1.418913568935288140e+03 1.359293975499509543e+03 1.295773870425532550e+03 1.232410478943396129e+03 1.173813868651966231e+03 1.118965513338182745e+03 1.176914291128199238e+03 1.224429887769167863e+03 1.252402087769659374e+03 1.247786329833865921e+03 1.213772535581827242e+03 1.163170129225395840e+03 1.104468078228316017e+03 1.042988302553463654e+03 9.817778529492157986e+02 9.231853718133452276e+02 8.683383586530402454e+02 8.165415011796196723e+02 7.672939492004987869e+02 7.202205477259304871e+02 6.750313295545428218e+02 7.242789256675105207e+02 7.760763437136891980e+02 8.309242142221060021e+02 8.895173925183529491e+02 9.520366626373693180e+02 1.015106091375438382e+03 1.076008131546994946e+03 1.129758534397356925e+03 1.168269825384587421e+03 1.179167393891677648e+03 1.155583025038168444e+03 1.111072960318791274e+03 1.055107592726547182e+03
7.901065035535563292e-04 1.483593509685959816e+03 1.452045079073029228e+03 1.402048784937268238e+03 1.342485573893962055e+03 1.279056780425547913e+03 1.215694584437587309e+03 1.157098658831187549e+03 1.102250243976542833e+03 1.160960924979819310e+03 1.209764390373497690e+03 1.239746049014147275e+03 1.237969963476175508e+03 1.205796374692558402e+03 1.156196140965210589e+03 1.097814064645895542e+03 1.036059576998248076e+03 9.740273637659622636e+02 9.154348366348534682e+02 8.605877525028892023e+02 8.087908312711017516e+02 7.595432573070301032e+02 7.124698985691866255e+02 6.672807793699585091e+02 7.165282704069521742e+02 7.683256557650330478e+02 8.231735647686613220e+02 8.814280791989668842e+02 9.424680263917765615e+02 1.004904485440609164e+03 1.065848893235129935e+03 1.120209903435759543e+03 1.160005032321258113e+03 1.173014290384126070e+03 1.150871036205726796e+03 1.107002256319044591e+03 1.050963547720302586e+03
7.703246704596925041e-04 1.467294859937943329e+03 1.435771302332996811e+03 1.385823081826835278e+03 1.326331775105974657e+03 1.262997903933090356e+03 1.199636740864998274e+03 1.141041269211530789e+03 1.086192521636883839e+03 1.145615107246582738e+03 1.195559082453873543e+03 1.227253167058787994e+03 1.227864963362325398e+03 1.197245340029077624e+03 1.148510276643849465e+03 1.090461221196905854e+03 1.028658771092145798e+03 9.663782646152955067e+02 9.077856874244267829e+02 8.529385314727783225e+02 8.011415518730325402e+02 7.518939657702453587e+02 7.048206594720752491e+02 6.596316512517787487e+02 7.088149506959138080e+02 7.598999293803474302e+02 8.135862823091076734e+02 8.703410541282511304e+02 9.302129022116636179e+02 9.924776234472952865e+02 1.054015347407109857e+03 1.109344793605969016e+03 1.150867198457646509e+03 1.166984198810321686e+03 1.147249529633762677e+03 1.104463650673342954e+03 1.048341915317436587e+03
4.466319299107735061e-04 1.451564462603728771e+03 1.420071702356628521e+03 1.370178373489634168e+03 1.310761698124996428e+03 1.247518103664797309e+03 1.184157803867363782e+03 1.125562557179793657e+03 1.070713198509849690e+03 1.130790034599006958e+03 1.181757382750320176e+03 1.214961047783516733e+03 1.217663399879620329e+03 1.188416965364979660e+03 1.140483078984953636e+03 1.082815655363820269e+03 1.021123237123516105e+03 9.588262640331840885e+02 9.002336340370783319e+02 8.453864077606160663e+02 7.935893758881219355e+02 7.443417870421840234e+02 6.972685436387141635e+02 6.520796534617293219e+02 6.991526153207898915e+02 7.484001508301690819e+02 8.001974541526988105e+02 8.550450867348989732e+02 9.136380468242726920e+02 9.769925609242606015e+02 1.040441904824261201e+03 1.096858523674577782e+03 1.140169022466165416e+03 1.160664687650531278e+03 1.145500286636698092e+03 1.104634558328775711e+03 1.049752402702932159e+03
9.351507066994857312e-05 1.436358825365018902e+03 1.404897834619269133e+03 1.355059334434094808e+03 1.295714101508323211e+03 1.232553155943212005e+03 1.169193544165814956e+03 1.110598292355002513e+03 1.055748037299907082e+03 1.116429395007135099e+03 1.168332349268075632e+03 1.202907679422430647e+03 1.207507114324919030e+03 1.179519020656853172e+03 1.132348458401267862e+03 1.075091795096913984e+03 1.013588573299274572e+03 9.513717089271356144e+02 8.927790240499205083e+02 8.379317303819442486e+02 7.861346534571117672e+02 7.368870715456723701e+02 6.898138995458372165e+02 6.446251331840949206e+02 6.916979706643860482e+02 7.409454355168437587e+02 7.927427387911668575e+02 8.475904225406728756e+02 9.061834504031007782e+02 9.688260372441474146e+02 1.030658717629699595e+03 1.086997320929689295e+03 1.131353961607729843e+03 1.154219330241959597e+03 1.142236138218346468e+03 1.103197346696703107e+03 1.049415000087442877e+03
6.961172245835520623e-04 1.421633107950685826e+03 1.390202331129057256e+03 1.340415281619843881e+03 1.281135988906380589e+03 1.218050066749508687e+03 1.154690962958406999e+03 1.096095471246471334e+03 1.041244031871161724e+03 1.102489989820599021e+03 1.155265227039096317e+03 1.191122615675687484e+03 1.197500120789335597e+03 1.170697734134813800e+03 1.124258712958113165e+03 1.067412727265512785e+03 1.006119729116054486e+03 9.440105292182813628e+02 8.854177883364471882e+02 8.305704307813580272e+02 7.787733169174238128e+02 7.295257514657113234e+02 6.824526589501256240e+02 6.372640195481070577e+02 6.843367275475055749e+02 7.335841149554729554e+02 7.853814078673159429e+02 8.402291348915905473e+02 8.988222278180728608e+02 9.610562543175540213e+02 1.022339776420214889e+03 1.078628270458899578e+03 1.123623773271760456e+03 1.147923391062689916e+03 1.138076055093996274e+03 1.100366212570118023e+03 1.047258610366675612e+03
1.327757454498357183e-05 1.407344709429901059e+03 1.375941172699227536e+03 1.326200282477255769e+03 1.266980296634229944e+03 1.203964484501151674e+03 1.140605703384489289e+03 1.082009733556732499e+03 1.027156825112207798e+03 1.088931990153955667e+03 1.142533101487542581e+03 1.179622433093565178e+03 1.187724139965891709e+03 1.162071370317109995e+03 1.116334027346849325e+03 1.059869357537206270e+03 9.987598994095480975e+02 9.367389362059300311e+02 8.781461383954874691e+02 8.232987213450263653e+02 7.715015784064524951e+02 7.222540389562815335e+02 6.751810320522732809e+02 6.299925219850465510e+02 6.770650982156056443e+02 7.263124006961743362e+02 7.781096733599913478e+02 8.329574359355750630e+02 8.915505906325284968e+02 9.535986579262672649e+02 1.014699944374377992e+03 1.071037673869342143e+03 1.116480699892485745e+03 1.141722201627033201e+03 1.133310534355259279e+03 1.096497763548832836e+03 1.043773981675358527e+03
2.057199824095978924e-05 1.393455273596345933e+03 1.362075033307014337e+03 1.312372903052131733e+03 1.253200720099422597e+03 1.190235978195567213e+03 1.126900185276970660e+03 1.068303495253399660e+03 1.013448848388621059e+03 1.075708874238329599e+03 1.130094243397899845e+03 1.168402042897085039e+03 1.178252034508730503e+03 1.153764146946857181e+03 1.108708041844365653e+03 1.052563730117010209e+03 9.915557137714159808e+02 9.295533948952989931e+02 8.709605402759917752e+02 8.161130680854390675e+02 7.643159046181499434e+02 7.150684002262930790e+02 6.679954862154520470e+02 6.228071036174117125e+02 6.698795485420968134e+02 7.191267594461081671e+02 7.709240022845110616e+02 8.257717923908708144e+02 8.843650053025073703e+02 9.463469092838655570e+02 1.007412550621444211e+03 1.063851288789955106e+03 1.109638022488819615e+03 1.135540400304398645e+03 1.128126443164681405e+03 1.091935588068449761e+03 1.039467031911254026e+03
