_codes/_figurecodes/_data/highRvar/nonsteady/20m_HalfMtrThresh_Diffusion_Tc5/topographic_elevation_depth20m_tc5.asc
nrows 200
cellsize 50.0
xllcorner 0.0
ncols 200
yllcorner 0.0
[rows 153 to 169 of 200, columns 111 to 147 of 200]
5.205138001112027268e+02 5.826863179604730476e+02 6.362871527609802342e+02 6.732201542643889525e+02 6.810782083240350175e+02 6.551951164832989889e+02 6.091843560562710991e+02 5.523759129210749279e+02 4.908464896300184819e+02 5.538808125640933895e+02 6.095251794892432144e+02 6.502843511667815619e+02 6.651122275226525744e+02 6.510331247077309627e+02 6.117125194921362663e+02 5.580026898237617843e+02 4.970590789735060184e+02 5.460417550779493467e+02 5.970935944760128677e+02 6.511117884401000993e+02 7.084012968735687537e+02 7.681491300984215513e+02 8.271743037473834192e+02 8.817265588186140803e+02 9.264557302590598056e+02 9.534827770947279078e+02 9.511475731289593796e+02 9.204442734155527432e+02 8.723079521110652195e+02 8.142896790458622718e+02 7.516749736781221145e+02 6.886357644058128926e+02 6.300446624945875556e+02 5.751994130146730413e+02 5.234047484494690252e+02 4.741594918493267983e+02 5.290482772599925738e+02
5.470765812945227253e+02 6.074447263884494532e+02 6.594451208901951986e+02 6.948303277805667904e+02 7.009366991979670729e+02 6.738661668262986950e+02 6.270512465311203414e+02 5.697123051111929044e+02 5.078233182067097573e+02 5.714594440299058533e+02 6.279082541129388346e+02 6.696336641536930756e+02 6.854171501635095183e+02 6.678217400151718266e+02 6.257352196143939409e+02 5.702187049680510427e+02 5.089889986312139172e+02 5.551807212050973703e+02 6.042861344802408894e+02 6.571456984344165448e+02 7.136949687535709472e+02 7.729866611178472340e+02 8.325144105653560018e+02 8.882081035559660904e+02 9.342880530791613864e+02 9.622664557238209682e+02 9.596232456845385741e+02 9.277067893134493488e+02 8.784142400838526328e+02 8.198071815898521209e+02 7.572694245832320803e+02 6.943365228371355897e+02 6.357454036533451927e+02 5.809001497630592894e+02 5.291054910641191782e+02 4.798602362674437245e+02 5.320474471861944039e+02
5.760612626643878684e+02 6.320621029020600190e+02 6.822949007424575711e+02 7.163373328203359733e+02 7.211413797232474963e+02 6.930146995010787805e+02 6.454429207852790569e+02 5.876024993616287020e+02 5.253694337526894742e+02 5.892694507479204731e+02 6.460456257179654358e+02 6.880055549429654320e+02 7.031839767050895489e+02 6.823534478939636756e+02 6.378430180569714594e+02 5.800800850984854833e+02 5.211997622232551066e+02 5.592158682257700093e+02 6.058900627966903585e+02 6.582124816874091948e+02 7.150165008765186485e+02 7.753186706701600315e+02 8.364528592883863212e+02 8.934966410479786418e+02 9.406157632101580930e+02 9.692179312619534812e+02 9.665724638847445931e+02 9.342067898218324444e+02 8.844522690572262036e+02 8.255924610350166404e+02 7.630065324433750220e+02 7.000622878460087577e+02 6.414711508720752136e+02 5.866258924386855824e+02 5.348312377166329270e+02 4.855859848121443179e+02 5.318915286401964977e+02
6.084060651343825157e+02 6.519390206986322482e+02 7.037339290021128591e+02 7.372271136003521406e+02 7.419005900838914158e+02 7.126881725840776198e+02 6.643484474397818076e+02 6.060664145995702938e+02 5.435538915138376979e+02 6.073710304683953609e+02 6.641722039539474736e+02 7.063337211040352486e+02 7.213567367265611665e+02 7.002228194000407484e+02 6.534062868034684470e+02 5.855338922913298347e+02 5.337391498188487731e+02 5.465322359265301202e+02 5.983268835797945258e+02 6.531721396732774565e+02 7.117633376886768701e+02 7.751166355088090540e+02 8.400878653457467635e+02 8.985657953645803673e+02 9.463324857955642528e+02 9.752352643826900476e+02 9.726316895716735189e+02 9.401656738191516069e+02 8.903352434673347489e+02 8.314658557126105052e+02 7.688556748833602796e+02 7.058152552904122103e+02 6.472240992457836910e+02 5.923788347836805315e+02 5.405841833796777109e+02 4.913389333159285570e+02 5.272657957740609618e+02
6.872638214521177815e+02 7.139301479383004789e+02 7.462559455236852273e+02 7.669080920996447048e+02 7.647044124372002898e+02 7.329191211513151529e+02 6.836561994132867994e+02 6.250855966690797914e+02 5.624613171386348540e+02 6.256171966411652647e+02 6.821223046616033798e+02 7.250762065214030372e+02 7.434757968764484986e+02 7.283987149875040359e+02 6.888433461907328592e+02 6.379657509697897240e+02 5.934483259511049482e+02 5.595689494319632331e+02 6.113636579915331595e+02 6.662089338469543236e+02 7.248001704435785086e+02 7.862829967470006522e+02 8.477633588800895268e+02 9.049013673605923032e+02 9.520817080412076621e+02 9.807072131088880269e+02 9.779859516316681720e+02 9.455932191185846705e+02 8.960014541505319130e+02 8.374546037057781405e+02 7.749417023989907420e+02 7.115884479736114372e+02 6.529972714005007219e+02 5.981519997854926487e+02 5.463573512734941460e+02 4.971121047830400244e+02 5.035649044184002605e+02
7.470013211295304245e+02 7.625016961317147661e+02 7.830538333566954634e+02 7.947072001035378435e+02 7.862887897393412686e+02 7.524760936059548158e+02 7.028714728608359792e+02 6.445403714625186922e+02 5.821973726982588460e+02 6.433565117589132569e+02 6.987083666722348880e+02 7.419611583343037182e+02 7.639792312348818086e+02 7.533586300116274970e+02 7.182562505295511528e+02 6.716400530592975429e+02 6.225562532472126804e+02 5.728654578567183080e+02 6.246601643013411831e+02 6.795054790459037122e+02 7.371426191488496897e+02 7.964020616271287736e+02 8.555681492166537510e+02 9.110966681831889673e+02 9.572858911368601866e+02 9.853545396497222555e+02 9.824125740111751384e+02 9.502162953178292355e+02 9.012106524672618661e+02 8.437295369967447414e+02 7.830459007320907858e+02 7.224372637717656289e+02 6.640177279964846093e+02 6.091724381337885461e+02 5.573777929208418982e+02 5.081326287346805657e+02 5.277593509417017685e+02
7.713367502385576699e+02 7.875549325601035662e+02 8.047138841396259750e+02 8.139258523134359393e+02 8.032643186776592756e+02 7.698270943773395629e+02 7.212966173048258725e+02 6.642431335615658554e+02 6.030288319354652913e+02 6.625018241356124236e+02 7.163889152797607949e+02 7.591222001556700434e+02 7.820261817852446029e+02 7.732738313061342978e+02 7.398203687963870152e+02 6.936831494478398099e+02 6.417628847710519722e+02 5.865697737932771361e+02 6.383644925521242612e+02 6.918755697026209646e+02 7.472809158037257475e+02 8.043270297091852399e+02 8.615841717685920003e+02 9.157429704945263893e+02 9.610548456207608297e+02 9.885996010955078646e+02 9.854101117667161134e+02 9.533799125231845437e+02 9.049643982099008781e+02 8.485777789419496457e+02 7.895453514433827422e+02 7.309791470057764400e+02 6.744432462479899186e+02 6.203563925673612403e+02 5.685617497422847464e+02 5.193165917844263504e+02 5.493621800808921307e+02
7.558378936151327707e+02 7.779552536521869115e+02 7.990429178098133889e+02 8.165282923596998899e+02 8.127980698522362673e+02 7.837863777437357840e+02 7.381053705992716232e+02 6.837585975718110376e+02 6.251887603798360260e+02 6.819787534271581535e+02 7.335230344310399460e+02 7.749447445931986067e+02 7.970243890524526478e+02 7.876959339870760459e+02 7.544862480414860784e+02 7.088237678882329647e+02 6.567282514095497845e+02 6.007268179447239618e+02 6.507583928538292639e+02 7.014927117578467914e+02 7.538565179703603008e+02 8.084989002764519910e+02 8.642604060134316342e+02 9.176698845608323154e+02 9.626291010603993072e+02 9.899377110710618126e+02 9.864932298404842186e+02 9.543919127396658268e+02 9.062225317386173629e+02 8.505746900690170378e+02 7.928995855568043680e+02 7.362533242433364649e+02 6.819290537967543742e+02 6.299715882030648118e+02 5.797273886319983376e+02 5.306901347872184260e+02 5.693093008215932969e+02
7.131981845919377747e+02 7.407487700195666775e+02 7.693533095386262630e+02 8.030651379142750557e+02 8.155436337731619005e+02 7.946238662197083613e+02 7.521074670867053555e+02 7.017682764779335685e+02 6.490094194354072670e+02 7.000337011671061873e+02 7.479063294444432586e+02 7.883193974485363924e+02 8.083435469217831724e+02 7.957001164921264262e+02 7.618036489845929964e+02 7.178002789964905332e+02 6.685168376656910141e+02 6.153906289511568275e+02 6.612442876654430393e+02 7.068240107761781701e+02 7.543681313302633953e+02 8.066299768472063079e+02 8.620504490880474577e+02 9.161075028615117617e+02 9.617282373015624444e+02 9.892852208940953460e+02 9.855062953870003639e+02 9.528228229273561283e+02 9.041288703600509962e+02 8.483826694563579167e+02 7.914544055004018901e+02 7.366247294974295983e+02 6.851877176172361033e+02 6.368191665896011955e+02 5.895262647970797616e+02 5.422644062390414774e+02 5.881170954509045714e+02
6.553620727614392081e+02 6.866162161808276778e+02 7.223672866015015188e+02 7.809588468757067403e+02 8.162249099488534512e+02 8.058510721067470968e+02 7.605495236913701547e+02 7.134782035130899658e+02 6.749946808427498581e+02 7.115838270566358688e+02 7.551171069004033143e+02 7.998868492337583120e+02 8.162980237439497841e+02 7.949574145096561324e+02 7.586777172676646614e+02 7.180540012694866618e+02 6.755393814395188201e+02 6.306272160574002328e+02 6.679283018131329754e+02 7.041129669140893839e+02 7.433547675630809408e+02 7.952955132627756711e+02 8.537815014159550628e+02 9.113639159307668933e+02 9.590723646973189034e+02 9.873364009936171897e+02 9.829394210498479652e+02 9.488534383529064371e+02 8.983052977524988592e+02 8.407583662951050201e+02 7.830966393135028056e+02 7.292434480324976676e+02 6.811646065807842660e+02 6.395055743208640706e+02 5.978722002242606095e+02 5.540517220647043359e+02 6.047681641500945489e+02
7.199482556211651172e+02 7.480954215920914976e+02 7.741625271041871201e+02 8.196029427550945456e+02 8.457902752682477967e+02 8.414867554763440012e+02 8.129456441463598821e+02 7.757836419297901784e+02 7.383477484967370401e+02 7.730905350157013345e+02 8.061303372314205262e+02 8.309810001557387977e+02 8.268627106241425508e+02 7.849714944634976064e+02 7.414380494204770002e+02 7.056869104557741821e+02 6.744327449022417795e+02 6.465730402148841449e+02 6.656767448535110816e+02 6.858754909180826189e+02 7.075617153553436083e+02 7.709150700209022489e+02 8.406265435351447195e+02 9.066115241622590020e+02 9.570027017423609550e+02 9.857303300745556953e+02 9.801568094600282848e+02 9.437724644038297583e+02 8.895802918946512818e+02 8.270240856792662498e+02 7.655501485553661496e+02 7.096195283993121166e+02 6.620484551670509745e+02 6.349720478349853465e+02 6.043625211044679872e+02 5.660870797488589687e+02 6.223663069831395660e+02
7.808662478844746602e+02 8.074938917963345375e+02 8.342816350911314203e+02 8.646926883196990730e+02 8.834452926549899985e+02 8.827508981753808257e+02 8.649659030162832778e+02 8.377134771090351251e+02 8.080590534545884793e+02 8.352340196617885795e+02 8.583140809437244343e+02 8.717182895507287412e+02 8.645920686687640000e+02 8.356896774954161629e+02 7.994021349221400214e+02 7.642784269900309937e+02 7.292783164367165227e+02 6.983679060260849383e+02 7.125322397956525720e+02 7.242699195061966293e+02 7.302320135120842224e+02 7.915140241493658095e+02 8.533011598776512301e+02 9.115156105838199210e+02 9.589548485566243698e+02 9.863178278994271295e+02 9.792129426674293882e+02 9.405448341743585843e+02 8.817303348911543708e+02 8.079876239869712435e+02 7.382763164484686058e+02 6.749233530547977580e+02 6.163323546408503262e+02 6.035129840562486834e+02 5.907978327208629707e+02 5.782090701708649476e+02 6.424813718068892285e+02
8.329290945379743789e+02 8.577322258082882627e+02 8.820931526916093617e+02 9.052668817648104778e+02 9.203407771416474361e+02 9.228717016998259624e+02 9.138398434491499529e+02 8.980418216594736123e+02 8.867481979682651172e+02 8.976018764966349863e+02 9.109925810544168598e+02 9.173194384994237680e+02 9.089965059353215793e+02 8.866340696202751133e+02 8.557643602925036248e+02 8.228124693902386753e+02 7.878699118117822309e+02 7.532135651341307039e+02 7.600938779337708411e+02 7.619373806704739991e+02 7.540528783315090777e+02 8.104395300527478412e+02 8.654941010568011279e+02 9.176205648403119994e+02 9.620022187154710309e+02 9.886823428105406038e+02 9.817637123725251058e+02 9.435178448976691925e+02 8.864043460011675961e+02 8.195129840370253760e+02 7.514845469997570717e+02 6.881313762992737111e+02 6.295403318339965608e+02 6.408188702596333997e+02 6.342499303810084257e+02 6.157053950628859411e+02 6.722394629170552207e+02
8.681624800909551141e+02 8.907006187574231717e+02 9.122801891418848754e+02 9.317423936611230602e+02 9.457899601359878261e+02 9.521365448186678577e+02 9.511780289417707763e+02 9.452827164577099666e+02 9.430093677571819626e+02 9.498528932910326148e+02 9.584270307575731067e+02 9.616596870625311340e+02 9.538770317984563007e+02 9.362459654558138027e+02 9.102581779323717228e+02 8.806581270941325101e+02 8.473464057227507737e+02 8.118052704344112271e+02 8.097874553801951834e+02 8.008945425551437438e+02 7.792453880099714070e+02 8.267820206581254752e+02 8.729965185144944826e+02 9.188880575239107884e+02 9.623564577981497905e+02 9.916524939859226606e+02 9.874041841972656357e+02 9.506789939557822890e+02 8.954101944730466585e+02 8.313053389341474713e+02 7.649023403552140508e+02 7.015490788966910713e+02 6.429579649898524849e+02 6.726026470052239574e+02 6.757435764320073304e+02 6.564551936474222202e+02 7.035262225883747078e+02
8.747292837017149623e+02 8.942637388882945970e+02 9.130646059074256300e+02 9.305087067270465013e+02 9.453528231680621730e+02 9.567665562972699718e+02 9.648486466376621138e+02 9.697961012082569141e+02 9.751057861204581059e+02 9.835612125221591668e+02 9.922166516241054524e+02 9.966219689089153917e+02 9.922753828441171891e+02 9.803816855154251471e+02 9.604221912880448144e+02 9.361108705673157147e+02 9.068802732765872179e+02 8.751588675864803690e+02 8.630097420369436350e+02 8.436813453544101549e+02 8.061139417237048974e+02 8.355094108274390692e+02 8.684501431961911067e+02 9.069340433335397620e+02 9.561796807541639964e+02 9.963566820331370764e+02 9.966923776868993627e+02 9.609017601372598847e+02 9.064994475680215373e+02 8.437069352427367903e+02 7.785413516939100873e+02 7.151879911591713608e+02 6.565967966576426988e+02 7.003221077410490807e+02 7.216325093466789440e+02 7.291515450792672937e+02 7.534769793333377947e+02
8.490170845810600895e+02 8.661648067121624308e+02 8.834486140940811083e+02 9.003379662338411435e+02 9.163206017749090506e+02 9.312054956235565442e+02 9.453904714933109972e+02 9.600078289363038948e+02 9.733578053400351564e+02 9.870129252302499481e+02 1.000205611824880407e+03 1.010759111793301827e+03 1.014940225830142253e+03 1.012098337417429207e+03 1.001338957888874802e+03 9.855804894304461641e+02 9.636699682078826754e+02 9.394825268154975220e+02 9.201458820338218629e+02 8.968342960604380778e+02 8.647057698905900907e+02 8.941012485022359897e+02 9.270418961732464140e+02 9.623490668922224813e+02 9.982307801299893981e+02 1.022051569058044265e+03 1.013000942134431057e+03 9.738748611619359963e+02 9.186046152815198411e+02 8.561663582358117992e+02 7.920417074144460230e+02 7.290952748319501779e+02 6.705039824088206615e+02 7.245348288224299722e+02 7.616536180846463822e+02 7.820634022052798855e+02 7.988870702261034467e+02
8.029439586799595645e+02 8.188785741144206440e+02 8.354851866998001242e+02 8.523452132286851111e+02 8.692402125080968744e+02 8.862277428942712731e+02 9.037713428044904731e+02 9.228399287872663308e+02 9.407905236338327768e+02 9.586480438332727090e+02 9.764962008327842113e+02 9.937827853158879634e+02 1.009801102717796539e+03 1.020840436826423456e+03 1.025192159372066044e+03 1.023170266393038901e+03 1.012464804212241120e+03 9.961396237331922521e+02 9.777592014824502940e+02 9.554834061952833508e+02 9.280593598784341793e+02 9.574546943873024247e+02 9.867261914295237375e+02 1.015212345725008618e+03 1.039944500386219943e+03 1.051039383838225604e+03 1.031511675458277978e+03 9.875098296511291665e+02 9.303346692808656826e+02 8.674681633973692669e+02 8.041183856339816884e+02 7.430377822231147320e+02 6.846979763442878948e+02 7.434585778645142682e+02 7.909555639597015215e+02 8.220525349267142019e+02 8.373833745116671707e+02
