_codes/_figurecodes/_data/highRvar/nonsteady/20m_HalfMtrThresh_Diffusion_Tc5/topographic_elevation_depth20m_tc5.asc
nrows 200
cellsize 50.0
xllcorner 0.0
ncols 200
yllcorner 0.0
[rows 153 to 169 of 200, columns 0 to 36 of 200]
9.008157207852094187e-04 9.000654726875910683e+02 8.674743174887370287e+02 8.156791426045209619e+02 7.539658682629487885e+02 6.891623897849689229e+02 6.266367053836379455e+02 5.675587313556186473e+02 5.122099152339760622e+02 4.600228742134486879e+02 4.108691792512404390e+02 3.648005914442144899e+02 3.223075795863597364e+02 2.849542464557264339e+02 2.982105818679726212e+02 3.089620399068770098e+02 3.084967155836017696e+02 2.985448166201247204e+02 2.789262829300863586e+02 2.468058833948402366e+02 2.040315117502850910e+02 1.744438532547433169e+02 1.373062547577150951e+02 1.896743862879439178e+02 2.491910682344587826e+02 3.129252455968050413e+02 3.762989938505693317e+02 4.294363804257565107e+02 4.636411336074605174e+02 4.675369228983212793e+02 4.402819977024030891e+02 3.952798044314470189e+02 3.412209198445563061e+02 2.835234684583009539e+02 2.253630615063972300e+02 1.683539463144347792e+02 1.135079244345616871e+02
2.895578213304350525e-04 8.976078079657927447e+02 8.657159311192465339e+02 8.152194898118872288e+02 7.553467269470667134e+02 6.924233096927815723e+02 6.305630291969639529e+02 5.715690151074477399e+02 5.160042186614208504e+02 4.635913434437414367e+02 4.141607464970259684e+02 3.675481305110044445e+02 3.235849357423810488e+02 3.039565578290087160e+02 3.398404427591531771e+02 3.539352690435513864e+02 3.533203968982762149e+02 3.397067444688186129e+02 3.121655926685791655e+02 2.724212380173756856e+02 2.269388277898723345e+02 1.816694728085557813e+02 1.326501455384043027e+02 1.899508099823003420e+02 2.500893125581710592e+02 3.115066697723650577e+02 3.704716037631599193e+02 4.204097333181427985e+02 4.529350897383407641e+02 4.569220032458581500e+02 4.308677838273753196e+02 3.871692777418928699e+02 3.342226675304602281e+02 2.775585242876546204e+02 2.206578344405916141e+02 1.653914375758805875e+02 1.120517314204424082e+02
2.863708807269124993e-04 8.958705775244728784e+02 8.645533371379273149e+02 8.149035317066928883e+02 7.558075883764093987e+02 6.932593636057183630e+02 6.313451946080102744e+02 5.722607693713486015e+02 5.166212380426337631e+02 4.639300553411391661e+02 4.139985939062849525e+02 3.664866999813905863e+02 3.446713776185274014e+02 3.651352166401897534e+02 3.880696608354656405e+02 3.972150460070283202e+02 3.908660757467970939e+02 3.676932650289455182e+02 3.300012895053548618e+02 2.838717771273958874e+02 2.336029923348949069e+02 1.817179261549092644e+02 1.280039883808291563e+02 1.865997018230011406e+02 2.479108399999302321e+02 3.082893409002743965e+02 3.644560430602152223e+02 4.109437705231275686e+02 4.402087934665242415e+02 4.430511088286481822e+02 4.183820843603409685e+02 3.761357780308870815e+02 3.241873052787576626e+02 2.682049988587589269e+02 2.123118020160650019e+02 1.595274351652503810e+02 1.106036623820709082e+02
1.473626413520173685e-04 8.940112307638224820e+02 8.632683229187191500e+02 8.142934839061989578e+02 7.553449789982639686e+02 6.918610572144722255e+02 6.288062663200114457e+02 5.693099622243886415e+02 5.144158994443193933e+02 4.652380986514364167e+02 4.152085598388687231e+02 3.902702338401263660e+02 4.069515461926595776e+02 4.221153551794263308e+02 4.351672330525698840e+02 4.348634011212334372e+02 4.166760352622554819e+02 3.817864088615994547e+02 3.366904713787643004e+02 2.859505114018147083e+02 2.325510109172323894e+02 1.781581673706988340e+02 1.233685789298402256e+02 1.842925545511733958e+02 2.454895032969579631e+02 3.044666244983793604e+02 3.575121081625907209e+02 3.992425070794129169e+02 4.219840440300374098e+02 4.227888783767676273e+02 4.020393826166663303e+02 3.621047681537835956e+02 3.110423999171933360e+02 2.545402961828345667e+02 1.973142618204996097e+02 1.459695823485614881e+02 1.091557409514926320e+02
6.466323689949797114e-04 8.912724085426538068e+02 8.614653493182424882e+02 8.137597786386476173e+02 7.553029540861529085e+02 6.886989233184743853e+02 6.221180413683880488e+02 5.608317947232837923e+02 5.040447683763318878e+02 4.725732427543798053e+02 4.430801552884898342e+02 4.551237114289319265e+02 4.664433313189691148e+02 4.738608235311623389e+02 4.759770418205378633e+02 4.617342024469908779e+02 4.296693602187843908e+02 3.860825276929321035e+02 3.358184367242880626e+02 2.822430916236727967e+02 2.274715147058409457e+02 1.727114620715691728e+02 1.187438181971338054e+02 1.803661044752852263e+02 2.409452950271459883e+02 2.973925262533327896e+02 3.454470033513580915e+02 3.796526797818966088e+02 3.934654449945410875e+02 3.925508993960617659e+02 3.773156581974843675e+02 3.418840764996501775e+02 2.929493199202854044e+02 2.351613112520950608e+02 1.696136698085232410e+02 1.062601293249970098e+02 1.077078883724724392e+02
3.372312115285745066e-04 8.865269272256388149e+02 8.584004024421143413e+02 8.139089966554306557e+02 7.606919581118461338e+02 7.030688200243755546e+02 6.430538498210594298e+02 5.810833127141655723e+02 5.409300857191445857e+02 5.328185671695737256e+02 5.182168380015235698e+02 5.176604324782852018e+02 5.201374398086279598e+02 5.172297841061243844e+02 5.054869930869310792e+02 4.757786038622240881e+02 4.336202846861518765e+02 3.837842306512259825e+02 3.300797242791496160e+02 2.750906589265177900e+02 2.201988618810753167e+02 1.659269956229707645e+02 1.141304920846208404e+02 1.764849520733420718e+02 2.358228526116524790e+02 2.882429797294948344e+02 3.284911935986556841e+02 3.506764779120272237e+02 3.559677118464995260e+02 3.536162501517619035e+02 3.435090515884787123e+02 3.168282872615224619e+02 2.738994605117002266e+02 2.213206478794829479e+02 1.640167496575132304e+02 1.048126070491458677e+02 1.387060573102740761e+02
4.254008096115563303e-04 8.777608396406996007e+02 8.514617146442118383e+02 8.105512885219175132e+02 7.635864718148242218e+02 7.166611788106143877e+02 6.737937154563265949e+02 6.319742365666484147e+02 6.057087082005640468e+02 5.903101229652559141e+02 5.768332103467693059e+02 5.689647497870536199e+02 5.623080734072209452e+02 5.478810132367701726e+02 5.213195031189674182e+02 4.812117762098530989e+02 4.320337498082672028e+02 3.775086900600327908e+02 3.213641614925022623e+02 2.660135284256106729e+02 2.121958337534130976e+02 1.600583679186414656e+02 1.095285033664198124e+02 1.718603302123381980e+02 2.285815999577320099e+02 2.745163133527909736e+02 3.022018518345058737e+02 3.109855117476935220e+02 3.102100488363302020e+02 3.069859120532612451e+02 3.000872996909739641e+02 2.816676748219177284e+02 2.478218269316951137e+02 2.021845658902224727e+02 1.549269455181724879e+02 1.033652734447079524e+02 1.455730405090674822e+02
3.654192581130596452e-04 8.628622596352447545e+02 8.377982932378631631e+02 7.985528077418342718e+02 7.545677485273417915e+02 7.140931214114099248e+02 6.922150681394090270e+02 6.672229977029770680e+02 6.473378216730455961e+02 6.305762928813330745e+02 6.151451023103959415e+02 6.011924907888825373e+02 5.850247546498577549e+02 5.591865986130726469e+02 5.236104745326513239e+02 4.783083628579206561e+02 4.251930535178956347e+02 3.664405374584687820e+02 3.078975442533633213e+02 2.530535957397366644e+02 2.012557490542690175e+02 1.520086391219150528e+02 1.049368972614621072e+02 1.653015263236546559e+02 2.173041959818600617e+02 2.537772880139918357e+02 2.658888304508259921e+02 2.624058759469975826e+02 2.577994528482253713e+02 2.548028968132948648e+02 2.502855617240365120e+02 2.364229568435948181e+02 2.081850133831602534e+02 1.656947335046415049e+02 1.373138352264309106e+02 1.019180503437233227e+02 1.390370540436538249e+02
3.621295011075046548e-04 8.405456347861100994e+02 8.167434933069653198e+02 7.758119820552878991e+02 7.275859180918030233e+02 6.780522155120719390e+02 6.805690782953547568e+02 6.723816522276868000e+02 6.584368664241347915e+02 6.415044505506173209e+02 6.232597403354491234e+02 6.045683550787612148e+02 5.838481816227399577e+02 5.556866036355944516e+02 5.199664139507059417e+02 4.751214202784686904e+02 4.218177549206754975e+02 3.611395323573435121e+02 3.030551533481297497e+02 2.484035747963866925e+02 1.966633752681445060e+02 1.474278408138415841e+02 1.003573037030903237e+02 1.585701167957443261e+02 2.045943865296574415e+02 2.285275502657325433e+02 2.237473118562792251e+02 2.049960424889005992e+02 2.003904706174406272e+02 1.995374174666648912e+02 1.975606244776871847e+02 1.873129416651497934e+02 1.588674493973515496e+02 9.758363353814269203e+01 9.902723771752202708e+01 1.004708783051819410e+02 1.137678507834412329e+02
6.723088482780738024e-04 8.115113970958710752e+02 7.872831158767454554e+02 7.435931512377745776e+02 6.902471032651787937e+02 6.326496441103220150e+02 6.497738320897669837e+02 6.492293732834968978e+02 6.371478547295063208e+02 6.188034791843906532e+02 5.979720371617895580e+02 5.771010262197390830e+02 5.576643485353863525e+02 5.353367450938200136e+02 5.094183174388626298e+02 4.722144799373485284e+02 4.246107358244619832e+02 3.698710303614950021e+02 3.129970758751680933e+02 2.564298811100926514e+02 2.011718132535809502e+02 1.475817344002991263e+02 9.578877574269566253e+01 1.499125334133728131e+02 1.887374263799628409e+02 1.998895437876683445e+02 1.791332432432374162e+02 1.352849505063421987e+02 1.417968175411076572e+02 1.437003373091396554e+02 1.444506901647350503e+02 1.409618094954790593e+02 1.294219728549146282e+02 9.614010221526619659e+01 1.298642995419021986e+02 1.549863379964318995e+02 1.721658173784761914e+02
2.916481210133107377e-04 7.810259051480195467e+02 7.529099183759154812e+02 7.065528101697248076e+02 6.492415766509534478e+02 5.929821893915978990e+02 6.137347910918813341e+02 6.137022108696855867e+02 5.990384956064797279e+02 5.770100463918598734e+02 5.526659225141195293e+02 5.292526942484986421e+02 5.097689415123737149e+02 4.923055732581916573e+02 4.818148210552083697e+02 4.610906812218942150e+02 4.235530282433492175e+02 3.743310785422561935e+02 3.189615765047024638e+02 2.612100832246734967e+02 2.032374306174580738e+02 1.460755536667498689e+02 9.122953962563971686e+01 1.406434551338978736e+02 1.725559237291160173e+02 1.737483857377498566e+02 1.438282163055734202e+02 8.603922064088776267e+01 8.748175375799209519e+01 8.892444593502960970e+01 9.036728332373985495e+01 9.181026857597960600e+01 9.325339943599483661e+01 9.469660500631619016e+01 1.398841706594552932e+02 1.954786354425928607e+02 2.254293205245349441e+02
4.322861468550536043e-04 7.545226190841749485e+02 7.257596033421425545e+02 6.784389684031724528e+02 6.209091182348361144e+02 5.597227590010772929e+02 5.783937280128704970e+02 5.743228072723214837e+02 5.529700917089843415e+02 5.249925266230995931e+02 4.960400957841209788e+02 4.688461099593782251e+02 4.473862100443403165e+02 4.298270726792419509e+02 4.383654971235262110e+02 4.384906082537464158e+02 4.161869516197305643e+02 3.741309304050535616e+02 3.212437419096465305e+02 2.632580285780645681e+02 2.036473649200009390e+02 1.444094354777498950e+02 8.667869639978464136e+01 1.308823043320302020e+02 1.563496571763907923e+02 1.541635789220549100e+02 1.299997630601222056e+02 8.459696270113835226e+01 1.169706545823527648e+02 1.350211180028020692e+02 1.441560415431042941e+02 1.498880540490511635e+02 1.565285328656749755e+02 1.667313795150864166e+02 1.891296172299709610e+02 2.400609779954542091e+02 2.749937849358229869e+02
3.786884111828361151e-04 7.260487405179945881e+02 6.995692516024259930e+02 6.521371609805665912e+02 5.933869601836179299e+02 5.293876345188908772e+02 5.462036367395559182e+02 5.358737155475884038e+02 5.032703889049319059e+02 4.676352018236743220e+02 4.337944573631543790e+02 4.014054613526733419e+02 3.771506911291834285e+02 3.507433845470959568e+02 3.863947367897280287e+02 4.073496018550159761e+02 4.019538300154217154e+02 3.683756219563745731e+02 3.190515762925035119e+02 2.618133161039073684e+02 2.014276529435088605e+02 1.407269021101177486e+02 8.213536235268010444e+01 1.194553217126712212e+02 1.342698427488579682e+02 1.247760298775410632e+02 1.121309233772546889e+02 8.315472462998431524e+01 1.306747813334651767e+02 1.649564881727486068e+02 1.852825400107778933e+02 1.974267029880658981e+02 2.091164999979752110e+02 2.234457957741845462e+02 2.440803876746157641e+02 2.833190011361203915e+02 3.161109181146622973e+02
7.490857331850551233e-04 6.942370657028797041e+02 6.708834077329329375e+02 6.246209054496284807e+02 5.658092225475832038e+02 5.007885337898100033e+02 5.195991484542566923e+02 5.024315659893180737e+02 4.506417788370721382e+02 4.069558635640626676e+02 3.702862392266339384e+02 3.378978211058590091e+02 3.084801021088247239e+02 2.809530042581218936e+02 3.358447573384279394e+02 3.759480870720977919e+02 3.858934949433084967e+02 3.603170457006120841e+02 3.147855201078933192e+02 2.587697818554658511e+02 1.980574614257507449e+02 1.361901465233235626e+02 7.759870463476246982e+01 1.021106675981032339e+02 1.047193820113625833e+02 7.882851012857520345e+01 8.027051626536064077e+01 8.171255680987188441e+01 1.387666575280347274e+02 1.791240368060680623e+02 2.074963893723593458e+02 2.264486055991500848e+02 2.424031602585521341e+02 2.590928300958452155e+02 2.779066677169150239e+02 3.069052091513163987e+02 3.360487538030629935e+02
2.421131970934458028e-04 6.608079435602109015e+02 6.409916755165845643e+02 5.969506475766921767e+02 5.394463663968772380e+02 4.754770851125328477e+02 5.030197403937445415e+02 4.995000717723736443e+02 4.681255735933021356e+02 4.282279087659991319e+02 3.863068034319374533e+02 3.440123070048286422e+02 3.012556141016012816e+02 2.566983186877664025e+02 3.134963062790311028e+02 3.558453091784515436e+02 3.719779639997983622e+02 3.523980865832074301e+02 3.103929311850271233e+02 2.558327346292982440e+02 1.950122819628051616e+02 1.316590881128961712e+02 7.306748877458295510e+01 7.450713803434003069e+01 7.594681889839004896e+01 7.738655998015556747e+01 1.052658167933880975e+02 1.214731896551839156e+02 1.532705996094630621e+02 1.829166468282723770e+02 2.068475971225788328e+02 2.264713924696523293e+02 2.447319312936051290e+02 2.634340445981223979e+02 2.837396750658002134e+02 3.073732456348977280e+02 3.323144281411813949e+02
8.600486515872560233e-04 6.258932516138467008e+02 6.101475348616721703e+02 5.692688353075831174e+02 5.139052368292587971e+02 4.513472311875152627e+02 4.860238525234983626e+02 4.939896788231398546e+02 4.718930483110418663e+02 4.338196524833072658e+02 3.880740343824436422e+02 3.386814328707214372e+02 2.872698557623530178e+02 2.342005597575889908e+02 2.909646745673771306e+02 3.353713455486092698e+02 3.575924268017523673e+02 3.453803276816357766e+02 3.071795786405516537e+02 2.545840338808766035e+02 1.949130410513809579e+02 1.328398002407112983e+02 7.166850206611347573e+01 1.008017965969372796e+02 1.098918121904734448e+02 9.367263739101522901e+01 1.101374577477730980e+02 1.267881930896351719e+02 1.436981089930053486e+02 1.608812272758542576e+02 1.784274611950666269e+02 1.964452475258178481e+02 2.150706668603145602e+02 2.343778848354078832e+02 2.545769506551146435e+02 2.758218647853167340e+02 2.983180807765531881e+02
2.347744592554927784e-04 5.889510527395125337e+02 5.778475123653048513e+02 5.414657992868479823e+02 4.890926548462094843e+02 4.282253201059922390e+02 4.671074559496350957e+02 4.840031075357027248e+02 4.684609098801990399e+02 4.313163840863552991e+02 3.827838368684192574e+02 3.285533886510244201e+02 2.715748597639989157e+02 2.132335594454530678e+02 2.705133903143645284e+02 3.166618903412049804e+02 3.426543540613651544e+02 3.361096218687551413e+02 3.017374875762578768e+02 2.515715517311708425e+02 1.933341241214266688e+02 1.319107681026007128e+02 7.026962105090157706e+01 1.156582142010709191e+02 1.440390118990197550e+02 1.552817773032652440e+02 1.732775544615197987e+02 1.909771540961634457e+02 2.092573444892169334e+02 2.263182506593760195e+02 2.437074522276291475e+02 2.597989361976680129e+02 2.775165619834743893e+02 2.929698961945569522e+02 3.131690098913632028e+02 3.344139113704503643e+02 3.569100410136779828e+02
