_codes/_figurecodes/_data/highRvar/steadystate/20m_HalfMtrThresh_Diffusion_Tc5/topographic_elevation_depth20m_tc5.asc
ncols 200
nrows 200
xllcorner 0.0
yllcorner 0.0
cellsize 50.0
[rows 68 to 84 of 200, columns 0 to 36 of 200]
2.550917075450176257e-04 1.188123754927035179e+03 1.156937167322903179e+03 1.107551255759270134e+03 1.048758898296163807e+03 9.861930573228349886e+02 9.232462710442033540e+02 8.646249692391252211e+02 8.097520241544330020e+02 8.732242576307127138e+02 9.333828505742663992e+02 9.847865542073001279e+02 1.018896296264274952e+03 1.023029776199480011e+03 9.947816329357871155e+02 9.474586370134744584e+02 8.901071103766790884e+02 8.285487766600944042e+02 7.663157331132127865e+02 7.077223704521170475e+02 6.528752102028771560e+02 6.010793028852101543e+02 5.518336749610776906e+02 5.047626279355878864e+02 5.633538774336628876e+02 6.256832871404720890e+02 6.878662934131547217e+02 7.468540875099588447e+02 7.973458583243295834e+02 8.308405602058758177e+02 8.345368447814689716e+02 8.061591403388639492e+02 7.594663133842823299e+02 7.046042258208269686e+02 6.458458223373120290e+02 7.071038488001933047e+02 7.653448427602655784e+02
1.714205815829333780e-04 1.178311621478555708e+03 1.147144692033352158e+03 1.097789341373483239e+03 1.039030771319500673e+03 9.764963869035390189e+02 9.135757032566045837e+02 8.549545285641538612e+02 8.000829524441545573e+02 8.637068021109046185e+02 9.241030552468228052e+02 9.758694401169877892e+02 1.010517230566288958e+03 1.015421626239525494e+03 9.877254328045387410e+02 9.407919451076140831e+02 8.837105851809131991e+02 8.223352987183718596e+02 7.602228765303191267e+02 7.016295530801680798e+02 6.467824631161998923e+02 5.949866295352301222e+02 5.457410502591217210e+02 4.986700192141016714e+02 5.572612405892450624e+02 6.196651778149239362e+02 6.816751857276677811e+02 7.400349115094746821e+02 7.892447782876663496e+02 8.206287051597252002e+02 8.213090427319892797e+02 7.909220221568473335e+02 7.425839189047195532e+02 6.851253223480775887e+02 6.235195554936040025e+02 6.869426047231597749e+02 7.468508799685502026e+02
2.858997739700196335e-04 1.168560556608524166e+03 1.137422022009421426e+03 1.088110757636815151e+03 1.029400704129722726e+03 9.669109428329812772e+02 9.040262977232556523e+02 8.454054660753016606e+02 7.905353424283507593e+02 8.543005532482993658e+02 9.149198687375819645e+02 9.670301024606294504e+02 1.002193749216076867e+03 1.007844953616540920e+03 9.806899775868165534e+02 9.341452449405161360e+02 8.773389072924333050e+02 8.161532945731386235e+02 7.541672606682236619e+02 6.955739798970117818e+02 6.407269606493347283e+02 5.889311977157492493e+02 5.396856628641738780e+02 4.926146459466703504e+02 5.512058419767639634e+02 6.134972052719556359e+02 6.751968868723307651e+02 7.328620460881356848e+02 7.807929243124898449e+02 8.101083453756010613e+02 8.077216895798500218e+02 7.750635406910600977e+02 7.248795947997243729e+02 6.656472005207236862e+02 6.025530291559468878e+02 6.670854869119960995e+02 7.277443601398548481e+02
1.370447898247512130e-04 1.158829685432925999e+03 1.127733069567333132e+03 1.078487090134971595e+03 1.019849055945972509e+03 9.574253416730362005e+02 8.945931737540845461e+02 8.359728754612970079e+02 7.811042460330476160e+02 8.449971270079125816e+02 9.058202122542126062e+02 9.582498097548638043e+02 9.939015099913442555e+02 1.000271836698554011e+03 9.736489866029861560e+02 9.274976693538753807e+02 8.709784478227875297e+02 8.099963017115346702e+02 7.481481379161257337e+02 6.895549029430179644e+02 6.347079544346148623e+02 5.829122589427448702e+02 5.336667646247755101e+02 4.865957604327942363e+02 5.451869333845850178e+02 6.073151480222194323e+02 6.686543216893418276e+02 7.255822019220177026e+02 7.721990469780258763e+02 7.994141890049284029e+02 7.939187259626062314e+02 7.589934854191667455e+02 7.071429931273083866e+02 6.466526491821771288e+02 5.827043781864681478e+02 6.484335511718496718e+02 7.090449987114018313e+02
4.667594471882550349e-04 1.149058848409113125e+03 1.118024478123609697e+03 1.068876250544212098e+03 1.010347215021973511e+03 9.480242437167843264e+02 8.852717750245770958e+02 8.266521727893951947e+02 7.717850446165144831e+02 8.357866652261172931e+02 8.967868648882275693e+02 9.495020365429153344e+02 9.856040362946589539e+02 9.926582455853573492e+02 9.665598371573641998e+02 9.208147956705066690e+02 8.646065822768027829e+02 8.038537850478331848e+02 7.421647858068331516e+02 6.835715993999530156e+02 6.287247212840850352e+02 5.769290899673007971e+02 5.276836326348890225e+02 4.806126401726532436e+02 5.392037918426034366e+02 6.012264540023353447e+02 6.622365217537765147e+02 7.184122866711843471e+02 7.636477799960586026e+02 7.886585046457764747e+02 7.799768314552685524e+02 7.428572474069890177e+02 6.895718229529317114e+02 6.281766069262973815e+02 5.636995091422912765e+02 6.289459526081703871e+02 6.879909308355677240e+02
4.374845901945355786e-04 1.139158902477152878e+03 1.108216045889867019e+03 1.059213718586629739e+03 1.000850902815237077e+03 9.386848969960353770e+02 8.760578391682479378e+02 8.174390676511432048e+02 7.625734206407184956e+02 8.266572798875428134e+02 8.877968897552291310e+02 9.407490357518344126e+02 9.772464666744158421e+02 9.849344406424921772e+02 9.593529560392713620e+02 9.140392240663392158e+02 8.581850536376564378e+02 7.977079759561198671e+02 7.362165058366948642e+02 6.776233704152290329e+02 6.227765620149905317e+02 5.709809915946592582e+02 5.217355680459610312e+02 4.746645866815161980e+02 5.332557184358407767e+02 5.953964966211643741e+02 6.561948463044685695e+02 7.116130089074940770e+02 7.553241702956706831e+02 7.778588661154442434e+02 7.657749907761892700e+02 7.265318058090881550e+02 6.720697553934472808e+02 6.101136164820579779e+02 5.454295937405871655e+02 6.094564070684721173e+02 6.662466074799662010e+02
1.158369594457527794e-04 1.128998963158066545e+03 1.098186854828009018e+03 1.049398122813343889e+03 9.912876790459546328e+02 9.293699737563920280e+02 8.669473711215259755e+02 8.083295378183884168e+02 7.534653321827000809e+02 8.175946700550798596e+02 8.788201260307114353e+02 9.319376519023726360e+02 9.687466502965311292e+02 9.769897855101949062e+02 9.519141098195581208e+02 9.070741268269161992e+02 8.516478482094580613e+02 7.915278166392381536e+02 7.303026223565501596e+02 6.717095399967536196e+02 6.168628003448799291e+02 5.650672875730267606e+02 5.158218949499915880e+02 4.687509243721704593e+02 5.273420371888872751e+02 5.902202832214865111e+02 6.509646327254980633e+02 7.055783224784737513e+02 7.474688230280494281e+02 7.668258575750847967e+02 7.508607378470892399e+02 7.095881140580617057e+02 6.542889955738043000e+02 5.922155937878063696e+02 5.278076949483595399e+02 5.904302960610006039e+02 6.449463733181830776e+02
4.188268578552605328e-04 1.118392164684009231e+03 1.087756766159933704e+03 1.039267719220729532e+03 9.815324324134188601e+02 9.200109364257834841e+02 8.579366196819809147e+02 7.993198068173765023e+02 7.444569898314401826e+02 8.085824940887912362e+02 8.698187618274560009e+02 9.229952341377339735e+02 9.599833094382789795e+02 9.686493339531738229e+02 9.440551915217746455e+02 8.997545157308660464e+02 8.448786099153151099e+02 7.852566372211846328e+02 7.244224815284177339e+02 6.658294539730345605e+02 6.109827818513474540e+02 5.591873235471966836e+02 5.099419593282519827e+02 4.628709994990767882e+02 5.243795926470409086e+02 5.868636650347496015e+02 6.472435048890042708e+02 7.008978953214411831e+02 7.405456356095503452e+02 7.547928909601819214e+02 7.341906631254357762e+02 6.912297698558570573e+02 6.355907249468102691e+02 5.739699180171393209e+02 5.107630265225276958e+02 5.720773609355293274e+02 6.245965574413097556e+02
8.359926212321881159e-04 1.107086008868786166e+03 1.076666277828665443e+03 1.028564149285424492e+03 9.713577943680969611e+02 9.104639486066204199e+02 8.490220568152398073e+02 7.904063239364357969e+02 7.355448356475584433e+02 7.996048876807171837e+02 8.607504566707505091e+02 9.138281113729389062e+02 9.507820436016086205e+02 9.596390326465508451e+02 9.354669392756231900e+02 8.917974074977543069e+02 8.376679570037269968e+02 7.787845852603140884e+02 7.185735202052520663e+02 6.599805488944582521e+02 6.051339428940608514e+02 5.533385359917631376e+02 5.040931979883711733e+02 4.570222490902888808e+02 5.194211686732058979e+02 5.819411236802477561e+02 6.417449360517667856e+02 6.940606813950023479e+02 7.313335595238921769e+02 7.418672574956418657e+02 7.187836217214606904e+02 6.746866796852159496e+02 6.187096765244442622e+02 5.571847934125232769e+02 4.942982263215563421e+02 5.544668832890827161e+02 6.053892031288058888e+02
6.181022090206690850e-04 1.094772278443895630e+03 1.064567654209941566e+03 1.016887117473380385e+03 9.603375042015641156e+02 9.003750826103590725e+02 8.402003593113366833e+02 7.815857462773440147e+02 7.267255239613688218e+02 7.906543477253447918e+02 8.515805280955474927e+02 9.043283433843462262e+02 9.409025185354422547e+02 9.495369206703155669e+02 9.256447614046434182e+02 8.827173748631009857e+02 8.296344357964210303e+02 7.718808366284222302e+02 7.127206574459557942e+02 6.541622803635641503e+02 5.993157388978851259e+02 5.475203804515274442e+02 4.982750667802463340e+02 4.512041291437407722e+02 5.137954114861601056e+02 5.760621973914725231e+02 6.349295844578838341e+02 6.854814845039217062e+02 7.202133067294270177e+02 7.279512970584620462e+02 7.038624848090994419e+02 6.593566492622319402e+02 6.031872257763527614e+02 5.414817111981496964e+02 4.783523553290854124e+02 5.375045921049458002e+02 5.869673773477419445e+02
7.414192848541757263e-04 1.081143403515171030e+03 1.051061719801825348e+03 1.003679920496275486e+03 9.477090245533632924e+02 8.887112431592570374e+02 8.299141977949128659e+02 7.728549225417875732e+02 7.179959038525289543e+02 7.817526085046724802e+02 8.423149499197776322e+02 8.944003030070235809e+02 9.300351854366936095e+02 9.377113241594853434e+02 9.137773007662748341e+02 8.716885407136591084e+02 8.200964184656029374e+02 7.640395127104600306e+02 7.062274612668685450e+02 6.483741199221213947e+02 5.935276412616258312e+02 5.417323284654712552e+02 4.924870375252982058e+02 4.454161115441351626e+02 5.080538020324861463e+02 5.697788861059113970e+02 6.271725198622563084e+02 6.751500433168705513e+02 7.064238293363603134e+02 7.117002371378442831e+02 6.889855725117422480e+02 6.450878912863859114e+02 5.890804527538571165e+02 5.270348875971999405e+02 4.628746193845681205e+02 5.211470516981062246e+02 5.692078891554280062e+02
4.831831482572142159e-04 1.066023390172792460e+03 1.035835815216507854e+03 9.883784164776698162e+02 9.325790267884834748e+02 8.742854367710532415e+02 8.169565460770786558e+02 7.620498388704395438e+02 7.093530031969364700e+02 7.730039796496819235e+02 8.330784512637227408e+02 8.840272770673759624e+02 9.178230415166540297e+02 9.232595123289192998e+02 8.985872596496672031e+02 8.573103749023857745e+02 8.079427321026275877e+02 7.548465824182269444e+02 6.993180995699016194e+02 6.426155544025539257e+02 5.877691367073202855e+02 5.359738669107507576e+02 4.867285973532930257e+02 4.396576833819742660e+02 5.027887515943640437e+02 5.637168644354935623e+02 6.188284848345741693e+02 6.627492649577136490e+02 6.875468649845106484e+02 6.887521832955615082e+02 6.692313479246239467e+02 6.277962559976296006e+02 5.733067534681916868e+02 5.118949249992586488e+02 4.477767974189970914e+02 5.054932963700381379e+02 5.521853958506630988e+02
4.343570298864094436e-04 1.049563210756200988e+03 1.018894035338131857e+03 9.706510949893844327e+02 9.140428130468573045e+02 8.555019911025115107e+02 7.993413901966272306e+02 7.476420375925957842e+02 7.007940141884822651e+02 7.647371411352197583e+02 8.242858833989331515e+02 8.734053570046285131e+02 9.039244658625782449e+02 9.050032838678509961e+02 8.781378553440068799e+02 8.370412907196649712e+02 7.908370613276561016e+02 7.436747471247497288e+02 6.924379894118053471e+02 6.368842815133654085e+02 5.820379228818112551e+02 5.302426936116328307e+02 4.809974443093135505e+02 4.339265425464071768e+02 4.963927161981551990e+02 5.552319030838664276e+02 6.061516714148690426e+02 6.434308101840216523e+02 6.597546990970980687e+02 6.589344627726652561e+02 6.444050302478998447e+02 6.077334469438013684e+02 5.564227090772033080e+02 4.966106986747975043e+02 4.330294839921430139e+02 4.910572259552445757e+02 5.363202448252294516e+02
4.839265138725501447e-05 1.032450045290529488e+03 1.000898656883884428e+03 9.509184566721012288e+02 8.916693644564034003e+02 8.302781902503536458e+02 7.730589539954406746e+02 7.232485172574996568e+02 6.923162802510851179e+02 7.579201351785934548e+02 8.169883095511895590e+02 8.631590117558116617e+02 8.880705591915949526e+02 8.817341609519390886e+02 8.499683188700994378e+02 8.062754597312501801e+02 7.627148463262974474e+02 7.295754388395090473e+02 6.879249935249558803e+02 6.392842558711349739e+02 5.873421605125151927e+02 5.344589379300218752e+02 4.813939843347143324e+02 4.282222624954684420e+02 4.899016167976673160e+02 5.453657670335479679e+02 5.896709105604538763e+02 6.164999173806609178e+02 6.243850794286774999e+02 6.221092239725708168e+02 6.129481203954982220e+02 5.850399406096328221e+02 5.392089629840498901e+02 4.819450526646263029e+02 4.185676424740148605e+02 4.751909344821222589e+02 5.178590856015035797e+02
1.050717860942479475e-04 1.015940517343025931e+03 9.834914620263892857e+02 9.313693123570392345e+02 8.671641790500056004e+02 7.974258322598086579e+02 7.340540031356592863e+02 6.754534066125698928e+02 6.838717195858371269e+02 7.555129996451813668e+02 8.133922451705914227e+02 8.545657256847724739e+02 8.696751692576006008e+02 8.530043739698770651e+02 8.130105937886914944e+02 7.599187103661147376e+02 7.037462847957337999e+02 6.972421166199851541e+02 6.720177339229056770e+02 6.323569006977876370e+02 5.848322617139078829e+02 5.330559006509547544e+02 4.786480562671466714e+02 4.225356583829446322e+02 4.817419009513698143e+02 5.312502680726746576e+02 5.647977990164375797e+02 5.797585782629049618e+02 5.816843723446364720e+02 5.782317240866648262e+02 5.728226230240456971e+02 5.549872697846715255e+02 5.188006804256539226e+02 4.663096722067772362e+02 4.043363831209023260e+02 4.584524460318760930e+02 4.975026373716608532e+02
4.134587136496282816e-04 1.001310198898239491e+03 9.688759777734819636e+02 9.171641185255764412e+02 8.550857073280168379e+02 7.890949227274958275e+02 7.257242327267352948e+02 6.671245970809628716e+02 7.102052561612109685e+02 7.635214525814350282e+02 8.121769976507730462e+02 8.449399859647011226e+02 8.478625028394492347e+02 8.200656153319082478e+02 7.728194548006983950e+02 7.150181583509398706e+02 6.519497300493740113e+02 6.565152248646089674e+02 6.429255006061689528e+02 6.143397754595143851e+02 5.738109427527825801e+02 5.263140636344761560e+02 4.735385792783216630e+02 4.168630638842333838e+02 4.695881121938219280e+02 5.091476495343582087e+02 5.292822928441286194e+02 5.355766426510219844e+02 5.331425747966278550e+02 5.284578075095893155e+02 5.259231018620370151e+02 5.155917897776550944e+02 4.918400210066337763e+02 4.476324066774482731e+02 3.902881881713406074e+02 4.408658474239717862e+02 4.748222155736963828e+02
7.370168819010763147e-04 9.885378779267047094e+02 9.564738161879423615e+02 9.055993535919727719e+02 8.450111713670456766e+02 7.808322466255374366e+02 7.174626733809548114e+02 6.588639471344395133e+02 7.122976586432845352e+02 7.641915711956920632e+02 8.084182424105492828e+02 8.347244869570110950e+02 8.281816523141053494e+02 7.914159958047047212e+02 7.369570849784820439e+02 6.751599821763405771e+02 6.111988715750172787e+02 6.131689795377312748e+02 6.017645567070275092e+02 5.809891642528729108e+02 5.508015238443997532e+02 5.125524483411018082e+02 4.655735743748511481e+02 4.112026330223414448e+02 4.540399624237179523e+02 4.788345367362662728e+02 4.864868353864017649e+02 4.861763374706341096e+02 4.806560692791658767e+02 4.739602519485258654e+02 4.741120816999511476e+02 4.698693437515738651e+02 4.594712557858135824e+02 4.275334520209844982e+02 3.764154128466478255e+02 4.223894401863558414e+02 4.478853864083746430e+02
