_codes/_figurecodes/_data/highRvar/steadystate/20m_HalfMtrThresh_Diffusion_Tc5/topographic_elevation_depth20m_tc5.asc
ncols 200
nrows 200
xllcorner 0.0
yllcorner 0.0
cellsize 50.0
[rows 68 to 84 of 200, columns 74 to 110 of 200]
8.179466585362256410e+02 8.163286110428028906e+02 8.470839306706726575e+02 9.144270936909498459e+02 9.789531779983250317e+02 1.031677039201679690e+03 1.063233906385145474e+03 1.059744326350535630e+03 1.023351803459171265e+03 9.686601186703596795e+02 9.413153291662108586e+02 9.118284443932753902e+02 9.167974566211305500e+02 9.195489299271440586e+02 9.197531044224899688e+02 9.183746644565852648e+02 9.041135842831606624e+02 8.721003062402277237e+02 8.279027185261707018e+02 7.765635277596510377e+02 7.218640647814021349e+02 6.663387190758805900e+02 6.115217798033547751e+02 5.581736864052730880e+02 5.064466435867815903e+02 5.592524039725570901e+02 6.123009246385694269e+02 6.647711446912207975e+02 7.149656467128035047e+02 7.607194996835818301e+02 7.992429061264998609e+02 8.277713024690469865e+02 8.477212348215289239e+02 8.603258592674745842e+02 8.703975879490601528e+02 8.788017523568504430e+02 8.869600755004026951e+02
8.765425280531871977e+02 8.711786087265920742e+02 8.806606505906701159e+02 9.202265690132136342e+02 9.911657629270578127e+02 1.041133789046682296e+03 1.064031043549026435e+03 1.047666080081818563e+03 9.991383000543058870e+02 9.234749178393833517e+02 8.827266924033135638e+02 8.484782625102602651e+02 8.528598028713587382e+02 8.572751129810342263e+02 8.596442625417015506e+02 8.741295694165254417e+02 8.789220791498689778e+02 8.637394873333760188e+02 8.289460126906637925e+02 7.819562915130381953e+02 7.283488433761535816e+02 6.718210716169833177e+02 6.146340541429235600e+02 5.579913913400275760e+02 5.031462759061129759e+02 5.549408696981944331e+02 6.097856247790548423e+02 6.653133124689187525e+02 7.178930130018393356e+02 7.659280314515812051e+02 8.075065726351260764e+02 8.411084892764214374e+02 8.662949322932105360e+02 8.831948940733686868e+02 8.955481732276221010e+02 9.057596426943704273e+02 9.151864907793737984e+02
9.399002459164578340e+02 9.297743026435259708e+02 9.392562940601389982e+02 9.654168688857708958e+02 1.020707366862027129e+03 1.059828283503522698e+03 1.069492885362933521e+03 1.043480559743517688e+03 9.950388854983746114e+02 9.352433567971711454e+02 8.789622366623563039e+02 8.177268851884058449e+02 7.895096307591719551e+02 7.938393408957541624e+02 7.852553685623751107e+02 8.224875959552554150e+02 8.441252837809531684e+02 8.454117348660158768e+02 8.229903849617149945e+02 7.821220174805885108e+02 7.309239246154591001e+02 6.744987760885244370e+02 6.160213963314591865e+02 5.574076213962088104e+02 4.998504853423679037e+02 5.546956114166101770e+02 6.112907036463477652e+02 6.668861440988296181e+02 7.191892960713801131e+02 7.660508303224920610e+02 8.056105566154807320e+02 8.371880671716498910e+02 8.594629915397396189e+02 8.759073737579800536e+02 8.891554257798110257e+02 9.006161145922866353e+02 9.109850267682440972e+02
1.004378427975648606e+03 9.931315355630885051e+02 1.002613382164992345e+03 1.030404599795448348e+03 1.064200673664787473e+03 1.085179687547650701e+03 1.077405325133313227e+03 1.043163130959582531e+03 9.934460945460643870e+02 9.366402859537632821e+02 8.789481950636637748e+02 8.207588480262340909e+02 7.632419353051444659e+02 7.387683878524035208e+02 7.155475176665997878e+02 7.727376754025876835e+02 8.061955390363439165e+02 8.180967462244158241e+02 8.082715143034070024e+02 7.753627696889783465e+02 7.283023039959823564e+02 6.734592367113100408e+02 6.149112758043759186e+02 5.551494784868494889e+02 4.965586824772026944e+02 5.549672238406525366e+02 6.125633508078891509e+02 6.673552541867638865e+02 7.167869825270139472e+02 7.581696553837786041e+02 7.890227566512683097e+02 8.116721395804219128e+02 8.276264144613269309e+02 8.418692114088529479e+02 8.547592578918722666e+02 8.666188594269376608e+02 8.775552196463261225e+02
1.064767176359483301e+03 1.061878508024323764e+03 1.069601732129043967e+03 1.086879351107314733e+03 1.103576080723418499e+03 1.105771814944308971e+03 1.081961170452809256e+03 1.040401884817981454e+03 9.887049395023441321e+02 9.327380668103435255e+02 8.765575888995711011e+02 8.224529820268720641e+02 7.731162473885048030e+02 7.330368122626928198e+02 6.938620516310121502e+02 7.400513329088527144e+02 7.692927554098382643e+02 7.860880231520091002e+02 7.862913662927563792e+02 7.635648610698990524e+02 7.222087129610075635e+02 6.703489594399026146e+02 6.129848916664078615e+02 5.532770216643959884e+02 4.932702849047225868e+02 5.532960563347111247e+02 6.103965780703233577e+02 6.619468421013341413e+02 7.043702636570538971e+02 7.338666754014417393e+02 7.520013890161187646e+02 7.670776636328799896e+02 7.790173853280653020e+02 7.915218958753055176e+02 8.039424993447371435e+02 8.160035596265602180e+02 8.275048572261495110e+02
1.116010770528860348e+03 1.119409436680121644e+03 1.125556396714914854e+03 1.133510785910628101e+03 1.134685956273014654e+03 1.118161937311819202e+03 1.082510143718502377e+03 1.034954613009098694e+03 9.810840106670326577e+02 9.249941163270792686e+02 8.693591575319036338e+02 8.157882211683782998e+02 7.656450543853197814e+02 7.191640583460496146e+02 6.736638576121927144e+02 6.995015682532317669e+02 7.288884551655817177e+02 7.497239108210729910e+02 7.558765979911936483e+02 7.433838622556954761e+02 7.096595792168880052e+02 6.627791383960310441e+02 6.082823920167522829e+02 5.498493737780626134e+02 4.899847161674064751e+02 5.495846524574978957e+02 6.036579582697149817e+02 6.485304355762034447e+02 6.783147194522506425e+02 6.935699612992890479e+02 7.007473518938859343e+02 7.106654415758355299e+02 7.204251095944949839e+02 7.322155912147786694e+02 7.445055195986454919e+02 7.568373804434859267e+02 7.689750329073101511e+02
1.154043793079619491e+03 1.164257097393651975e+03 1.168998158206324206e+03 1.167565332761344280e+03 1.152422555040662701e+03 1.120422222774538795e+03 1.076060864569235264e+03 1.024136719634095016e+03 9.686417613857800006e+02 9.124641731184955233e+02 8.570709223863020725e+02 8.026662304596642343e+02 7.508735210206756392e+02 7.016301560345567623e+02 6.545605529363609776e+02 6.364604473625877290e+02 6.854034199696808400e+02 7.110934375507184768e+02 7.197602822140971739e+02 7.144532886372749090e+02 6.909940093620067501e+02 6.513997901418819083e+02 6.016798743546089554e+02 5.458820825443234526e+02 4.867016865026125743e+02 5.425553070023336204e+02 5.901408122871977184e+02 6.245433683997582648e+02 6.390404030632403192e+02 6.435390693338730443e+02 6.388899802578503113e+02 6.473243488100118839e+02 6.567113626169197005e+02 6.690651942219759576e+02 6.815705924429528295e+02 6.942364385039967374e+02 7.069930558844700954e+02
1.175305186408116697e+03 1.194364843972261269e+03 1.197746481570461583e+03 1.185450446473477314e+03 1.156307745943735199e+03 1.114633717860146135e+03 1.064488386928735508e+03 1.009507351360900543e+03 9.528431143276595776e+02 8.972203458088993102e+02 8.434886137000539748e+02 7.919262273217711936e+02 7.429924224892936309e+02 6.970564287876885601e+02 6.549995114374872855e+02 6.189892062606281797e+02 6.590747057702737948e+02 6.739609006381658673e+02 6.790616043694615200e+02 6.756863560957602886e+02 6.608205565298846977e+02 6.321920404119856585e+02 5.903954284143558198e+02 5.398913966509205693e+02 4.834209083614689462e+02 5.330851676283639335e+02 5.708576054437929770e+02 5.908058658365388283e+02 5.910368368297449706e+02 5.905172107359483107e+02 5.691803899168003227e+02 5.812157297997773640e+02 5.933596787403525923e+02 6.057310502926150093e+02 6.183697976955878630e+02 6.312962052578479870e+02 6.445333215619513112e+02
1.183276709798707998e+03 1.208583670118404825e+03 1.210010503051186333e+03 1.188263971594547456e+03 1.151049253554696406e+03 1.103731963942063430e+03 1.050093590434859834e+03 9.928013329949826584e+02 9.342126593708892415e+02 8.793695453254255199e+02 8.275768631772018580e+02 7.783336492797727715e+02 7.312639694578883791e+02 6.861500078756373568e+02 6.433511930858956021e+02 6.024633465607192875e+02 6.308243943026697025e+02 6.344668320581586158e+02 6.337834718502083433e+02 6.290618715819632598e+02 6.179929179374644264e+02 5.993744511337973790e+02 5.702174948788895108e+02 5.294831751273097780e+02 4.801418155741934015e+02 5.176211622380409381e+02 5.410627598060167429e+02 5.497056622386568279e+02 5.336950956695823152e+02 5.454230161771843086e+02 5.572504903865893766e+02 6.159377902225816115e+02 6.457163213022397485e+02 6.636987232531125755e+02 6.786591241077685481e+02 6.923322468092225108e+02 7.051240902088376288e+02
1.187568676723540875e+03 1.213037601662879069e+03 1.210205914377954969e+03 1.182689911692596070e+03 1.140837351842697444e+03 1.090747737107249577e+03 1.035930245079088991e+03 9.783979386631384614e+02 9.204616316092451598e+02 8.656185222326382700e+02 8.138258584244271105e+02 7.645826645325037134e+02 7.175134161133998987e+02 6.723278065855178056e+02 6.287957910352358795e+02 5.867313773215822721e+02 5.974381383523995055e+02 5.913875859259705976e+02 5.844793270695689671e+02 5.764553831068997169e+02 5.658447279588358469e+02 5.522827981968115409e+02 5.344598492123711821e+02 5.096692021471962448e+02 4.768638448713014668e+02 4.880984686608118182e+02 4.993501501743318158e+02 5.106535242471399556e+02 5.220448401327998909e+02 5.819756182085775436e+02 6.257593931558777740e+02 6.703410923424762586e+02 7.009087118689561748e+02 7.216542394602839749e+02 7.385207460465918530e+02 7.529497302271508943e+02 7.654047021353062519e+02
1.191502632765910903e+03 1.212217356384861660e+03 1.202393414146367149e+03 1.169866067770383779e+03 1.125252609197883203e+03 1.074747828900032573e+03 1.021218969388463961e+03 9.639984150566853032e+02 9.054097255496011485e+02 8.505666206667552842e+02 7.987739404080462009e+02 7.495306978725345743e+02 7.024613592195396450e+02 6.572756204794624182e+02 6.137434624776838064e+02 5.716789336252753628e+02 5.583524851606373431e+02 5.452024150333343187e+02 5.323564982592909018e+02 5.197427593299412365e+02 5.072762667223011022e+02 4.949282044834743601e+02 4.826722369122227860e+02 4.704614687412451985e+02 4.736623976299456444e+02 5.202718489101469004e+02 5.477391377297849431e+02 5.630487267127084579e+02 5.655776387012745090e+02 6.148222525524320190e+02 6.761904842609413890e+02 7.229394256130048007e+02 7.548610154397784981e+02 7.773992640635550515e+02 7.957606988157655223e+02 8.108787618294578579e+02 8.231393002029782338e+02
1.195209732079798414e+03 1.206230071525110588e+03 1.186728429343214657e+03 1.148866513353679920e+03 1.102180804448765457e+03 1.053347603578906728e+03 1.006744097341173301e+03 9.588329305263634978e+02 9.081776401970635106e+02 8.563849727125270874e+02 8.071418386513620362e+02 7.600727413943508282e+02 7.148873988307120726e+02 6.713557544711235323e+02 6.292917398918538083e+02 5.998971680002163112e+02 6.071705277589834395e+02 5.993226245799871776e+02 5.851201735493981460e+02 5.691919852532134882e+02 5.499715803665384328e+02 5.286200716935052242e+02 5.027315100536816317e+02 4.673195282849754335e+02 5.047199463865463258e+02 5.468996306292733607e+02 5.840771653512173316e+02 6.116503618432344638e+02 6.334526340606871599e+02 6.696664445054278758e+02 7.216059829882229906e+02 7.675654640265468061e+02 8.021205701219138291e+02 8.265103689064781065e+02 8.461961357135900244e+02 8.619537478153556549e+02 8.743516064802580559e+02
1.194786156847161010e+03 1.194496781466465336e+03 1.165883770197828198e+03 1.121305332686936936e+03 1.070204887886685356e+03 1.020112757057321346e+03 9.869238798406897786e+02 9.535569722984372447e+02 9.162852974420609371e+02 8.775928598913968699e+02 8.385338351334253275e+02 7.981255905498054517e+02 7.548889829796323738e+02 7.098379825760013091e+02 6.677742956043043705e+02 6.630354011905632206e+02 6.570547717682796929e+02 6.439106226943628144e+02 6.230637043598139826e+02 5.980732342730152595e+02 5.684410877380927332e+02 5.370430437844506741e+02 5.033995445453872435e+02 4.641788043167676960e+02 5.110515677080601336e+02 5.570807449806510476e+02 6.014466846690022521e+02 6.417664652838155916e+02 6.767387855772649345e+02 7.127003664526703233e+02 7.561421359365928083e+02 7.983642118100345897e+02 8.347701831645127868e+02 8.620661058862918935e+02 8.829359634901887830e+02 8.990518748115171093e+02 9.121520926046019895e+02
1.190974101043352221e+03 1.178887425744137545e+03 1.140699998859157176e+03 1.087165998986321256e+03 1.026970653799050751e+03 9.651077199829170468e+02 9.419311393034294042e+02 9.237491045772998177e+02 9.028329277635672270e+02 8.798015056938785392e+02 8.554264017171747128e+02 8.273383515187647390e+02 7.950581128500348314e+02 7.628680265146908823e+02 7.325393891683878564e+02 7.153925106468557260e+02 6.961892151195636416e+02 6.704276037825093226e+02 6.368362458687419121e+02 5.999247376463310957e+02 5.619837106550240833e+02 5.252697110256583528e+02 4.930498179630662321e+02 4.610402657810827804e+02 5.062271744468116594e+02 5.532979316293855163e+02 6.025425800549687665e+02 6.499746838451463873e+02 6.930128574994937480e+02 7.340013162767994572e+02 7.748642678408795064e+02 8.135674599476983531e+02 8.476083029962296678e+02 8.747532488105449602e+02 8.955579219319355389e+02 9.104469925586187173e+02 9.246930275696947774e+02
1.183772205905260989e+03 1.161120670815437734e+03 1.114649492222078379e+03 1.051098489809048942e+03 9.813892825637568649e+02 9.180375714430049356e+02 8.795550005012895554e+02 8.731463653154390840e+02 8.636685701373630764e+02 8.512647883238331588e+02 8.436933364611459183e+02 8.345367334669006141e+02 8.190912194335686536e+02 7.976799094401974344e+02 7.725877429419197142e+02 7.468981237328719089e+02 7.140504914313793279e+02 6.747581052930639771e+02 6.300018397014304128e+02 5.827517724691972489e+02 5.362160613959422335e+02 4.913662779370610565e+02 4.547714154972384222e+02 4.579046331790025306e+02 5.071496857774886848e+02 5.589441905078341506e+02 6.114800205259421091e+02 6.594060372679953161e+02 7.034193115409146912e+02 7.443344096082536225e+02 7.824601312132788280e+02 8.164697019138667429e+02 8.450125605645945370e+02 8.647830385282785528e+02 8.784222300107985575e+02 8.877256896875051098e+02 9.013701727363719556e+02
1.175285810937907627e+03 1.147716018301869781e+03 1.098592444787760542e+03 1.035455494549006289e+03 9.657462807820381840e+02 9.023946586222643873e+02 8.438049820299227122e+02 8.125517877364826518e+02 8.108630256236107243e+02 8.004235364842891158e+02 8.053676969840262245e+02 8.128375249853905871e+02 8.149545147370455425e+02 8.065307386132183183e+02 7.857334023048797462e+02 7.552613838707840159e+02 7.155966549572983695e+02 6.681729918522712524e+02 6.137381349733216211e+02 5.551478178187885533e+02 5.003027789212640641e+02 4.485081128651590916e+02 4.516386805898589500e+02 4.915810223769819913e+02 5.343665220662178399e+02 5.788008830596577354e+02 6.234743954962052612e+02 6.661841555938681267e+02 7.056635563019689243e+02 7.418793870299360833e+02 7.742181503822433797e+02 7.994631145820960683e+02 8.190369805037012156e+02 8.309497365693000575e+02 8.381673630818194169e+02 8.412210927906394318e+02 8.513990362554899320e+02
1.166261701174269774e+03 1.137652161246636751e+03 1.089334154765674157e+03 1.028434932018556083e+03 9.595124597292702902e+02 8.961609074716917576e+02 8.375712976752536179e+02 7.827276339900737412e+02 7.558604037331271002e+02 7.301495603507139549e+02 7.493801778466327050e+02 7.736145241385830786e+02 7.883213128614239622e+02 7.920771876630033148e+02 7.812974608749860863e+02 7.536501022812510655e+02 7.130191537246066673e+02 6.634761084308278214e+02 6.086451452802567701e+02 5.522512128045060535e+02 4.977706637316210276e+02 4.453825816455535573e+02 4.778206348644013701e+02 5.141992746108351184e+02 5.519383647000793189e+02 5.895961939620457315e+02 6.265587490516530806e+02 6.616375758035769650e+02 6.919854793989622976e+02 7.190394960208136581e+02 7.425360696938477076e+02 7.602841091536990916e+02 7.748017124154621342e+02 7.830178122482444678e+02 7.854850194628583040e+02 7.796224605444510871e+02 7.804910676650217738e+02
