_codes/_figurecodes/_data/highRvar/steadystate/20m_HalfMtrThresh_Diffusion_Tc5/topographic_elevation_depth20m_tc5.asc
ncols 200
nrows 200
xllcorner 0.0
yllcorner 0.0
cellsize 50.0
[rows 51 to 67 of 200, columns 37 to 73 of 200]
9.742177477355397741e+02 9.107737771468896426e+02 8.474239569877253189e+02 7.888289619226040941e+02 7.339802081099632005e+02 6.821828263617140919e+02 6.329360142946717360e+02 5.858642578239220029e+02 5.406770847164065117e+02 5.955227895953696589e+02 6.541152218903871471e+02 7.159438725416011948e+02 7.761407535206766397e+02 8.307313502530158758e+02 8.736175580318938501e+02 8.956551473461144042e+02 8.835851915112448296e+02 8.445634652551199224e+02 7.902827744340007712e+02 7.284589052015511470e+02 6.639999334652569587e+02 6.006453373495158985e+02 5.420537958482950671e+02 5.965196473562533583e+02 6.352590936898337759e+02 6.450218642556328632e+02 6.197664341383132296e+02 5.751937410329215936e+02 5.769908963766691841e+02 5.524163868964262747e+02 5.580647536162028928e+02 5.909895256657210894e+02 6.251797296242240236e+02 6.605964725736508854e+02 6.973926016188692074e+02 7.371517157898033474e+02 7.776385983360340788e+02
9.692287233967315387e+02 9.057594421998862799e+02 8.424024291079720115e+02 7.838074603601227182e+02 7.289587674291316262e+02 6.771614686485958146e+02 6.279147417349940952e+02 5.808430489598551958e+02 5.356559016950222940e+02 5.905015671686741143e+02 6.490939136374951204e+02 7.119168062696253401e+02 7.719524835061126851e+02 8.256080946781197554e+02 8.668911265895278575e+02 8.868965808498126080e+02 8.734920018427420700e+02 8.342726657392760217e+02 7.802022632323767084e+02 7.186231789497289810e+02 6.543237655231534973e+02 5.909693561773817692e+02 5.323779081316597512e+02 5.840180652449254239e+02 6.186995971176161220e+02 6.232206137313994532e+02 5.927449841153622856e+02 5.356309972753105058e+02 5.411971575453405876e+02 5.467731700194300402e+02 5.733360174164660066e+02 6.005216912050688052e+02 6.283817769572810903e+02 6.569755202983429854e+02 6.863715404660893000e+02 7.271236246131060170e+02 7.691914692288667084e+02
9.641394396915038669e+02 9.007592343019142618e+02 8.374028098805299578e+02 7.788078706391087280e+02 7.239592407827930174e+02 6.721620252445435426e+02 6.229153812332280040e+02 5.758437479699972528e+02 5.306566232274316235e+02 5.886851480065540727e+02 6.489754539563639355e+02 7.103244309298622738e+02 7.691507437800210027e+02 8.210119692684003212e+02 8.595510086384600754e+02 8.755110023932294325e+02 8.613196441335797999e+02 8.228222602769246805e+02 7.696763799786440359e+02 7.087494334158400306e+02 6.447392335673392836e+02 5.813849962553745172e+02 5.227936251110369312e+02 5.714734809578187651e+02 6.026455216510988748e+02 6.050737927164699386e+02 5.777382050262393705e+02 5.300940499087683975e+02 5.626326081378327899e+02 5.859358710044919007e+02 6.121269233663564364e+02 6.388301974663459077e+02 6.654297337019370389e+02 6.910169565431517640e+02 7.134356582787369234e+02 7.430801531429469833e+02 7.752720549695839054e+02
9.589643712875378014e+02 8.957132325547787559e+02 8.324236555764217655e+02 7.738287489391977942e+02 7.189801841752644123e+02 6.671830519185338062e+02 6.179364883832981832e+02 5.708649105752291462e+02 5.256778054629966164e+02 5.842691783011337066e+02 6.461071915373955790e+02 7.069931740180247743e+02 7.640601765119876063e+02 8.127779333548181739e+02 8.466492116001180648e+02 8.573413614609363549e+02 8.452663096210513913e+02 8.096018265336471131e+02 7.586654955128057054e+02 6.990528956523143052e+02 6.352435063414308161e+02 5.718894261477846612e+02 5.132981181382097020e+02 5.581130056233320147e+02 5.842212890440928277e+02 5.839894278442038740e+02 5.642140525659081050e+02 5.245635249214701616e+02 5.632715802619171654e+02 5.945281117929363290e+02 6.225677411369501897e+02 6.491914649430349300e+02 6.749147402866890388e+02 6.985858921525308460e+02 7.215050219459207028e+02 7.464125406255915323e+02 7.721287887724655548e+02
9.537155415614297453e+02 8.906469384788765637e+02 8.274646899154628272e+02 7.688698188759959748e+02 7.140213210285363630e+02 6.622242718460225888e+02 6.129777861991060490e+02 5.659062599336660924e+02 5.207191719488246235e+02 5.817555449027723853e+02 6.433068156091675291e+02 7.029323829973808415e+02 7.571551473076351613e+02 8.009522815385208787e+02 8.269412507902191010e+02 8.319835272001727162e+02 8.235402836308159067e+02 7.942138456671058293e+02 7.474027232515760488e+02 6.905097950889198728e+02 6.286479940358374279e+02 5.656587697367748433e+02 5.038887042901427549e+02 5.433389428260124987e+02 5.589046686060040656e+02 5.517739394346327799e+02 5.430739635169111352e+02 5.190441799414601292e+02 5.566941672669640866e+02 5.848060643868756188e+02 6.086646709216454383e+02 6.311922592896318065e+02 6.529952442452079140e+02 6.732968120655143593e+02 6.947422469182431541e+02 7.171690566490735819e+02 7.398140677894209603e+02
9.484041208382345758e+02 8.855766845436614858e+02 8.225245434598957672e+02 7.639297109089005744e+02 7.090812816199983217e+02 6.572843150865098778e+02 6.080379046284392643e+02 5.609664261733086050e+02 5.157793531701064467e+02 5.774448363615051676e+02 6.382764045351882487e+02 6.954071437020800204e+02 7.447607617864404119e+02 7.808496466792053070e+02 7.967372277139891139e+02 7.978408389468723954e+02 7.918725218246058830e+02 7.713594698859869823e+02 7.314726397135113984e+02 6.791419315987598111e+02 6.197710190988468639e+02 5.573326407992233271e+02 4.945444838620148857e+02 5.248621814941727735e+02 5.259417799216478215e+02 5.027902690085854829e+02 5.081576904677837661e+02 5.135280152935657725e+02 5.316284337145191330e+02 5.499850127168245990e+02 5.687027758027747950e+02 5.878065802472126506e+02 6.073243415141134847e+02 6.272875833509713175e+02 6.478585899731921245e+02 6.691037673594548778e+02 6.911028650051030127e+02
9.430826573668908850e+02 8.805421205916039753e+02 8.176029805314660734e+02 7.590081892431294364e+02 7.041598299560527039e+02 6.523629454218050796e+02 6.031166073544497976e+02 5.560451731628861580e+02 5.108581133132366858e+02 5.729956982387965354e+02 6.323703126684264362e+02 6.855270422408641480e+02 7.274819375003760342e+02 7.519245910613198021e+02 7.581784668372238229e+02 7.557860383565403026e+02 7.521687649292936158e+02 7.403489002743767742e+02 7.111690730613371443e+02 6.657697622265836799e+02 6.102212369098605222e+02 5.490024264453193155e+02 4.852639757048701767e+02 5.043877871894711120e+02 4.920670074095905306e+02 4.974271929304388777e+02 5.421182808095686596e+02 5.647938730862013017e+02 5.852198463898816954e+02 6.044492596063852261e+02 6.230256794049056452e+02 6.413444665955212258e+02 6.596035949631018411e+02 6.778981077301097002e+02 6.964306612675837869e+02 7.156967404191030937e+02 7.364377669946474043e+02
9.379707911045770743e+02 8.756551132770254071e+02 8.126986973547735715e+02 7.541039499898055283e+02 6.992556619634018489e+02 6.474588585856884038e+02 5.982125900575566675e+02 5.511411967901890421e+02 5.059541485538641723e+02 5.674389173642938431e+02 6.236644671107874274e+02 6.704267624881346137e+02 7.009682600647153095e+02 7.132050814747373124e+02 7.124096300023693402e+02 7.066996229801007985e+02 7.053539519985712332e+02 6.995407988933046681e+02 6.816448902930857230e+02 6.471744695339388045e+02 5.982105626648232146e+02 5.401432643436614853e+02 4.760281013320919214e+02 4.813681971684845848e+02 4.867111480439141928e+02 5.329663691413788911e+02 5.727124455063398045e+02 6.010993617987799098e+02 6.238640022764295736e+02 6.438035890154835670e+02 6.617816740528138553e+02 6.787743748790260270e+02 6.951265648573775024e+02 7.108096174325900165e+02 7.258946068100810862e+02 7.415420560859251964e+02 7.615496676839213706e+02
9.338652148546600529e+02 8.711674199993842649e+02 8.078104321821147096e+02 7.492157312837111931e+02 6.943675155932361349e+02 6.425707923504921837e+02 5.933245904818807048e+02 5.462532350116389352e+02 5.010661971063952365e+02 5.591957794149266192e+02 6.093838630412897146e+02 6.465907673008549637e+02 6.640669954514617075e+02 6.676706716297130697e+02 6.616076618720791203e+02 6.512377504065282210e+02 6.535881758296064845e+02 6.519249011362002193e+02 6.413442941697865081e+02 6.189392000768699518e+02 5.810226495699477027e+02 5.305826146183902665e+02 4.712257165794914044e+02 5.027338948181025557e+02 5.232959419408554140e+02 5.557607058086254028e+02 5.870511169210423077e+02 6.140656609790027005e+02 6.372476575321223891e+02 6.572804529992372409e+02 6.734592928001449081e+02 6.882653626041048938e+02 7.019831418612322977e+02 7.139283539479059755e+02 7.229821113068394425e+02 7.297035757105057883e+02 7.488736727443856580e+02
9.336154731605594179e+02 8.766650680338387929e+02 8.167147015450896106e+02 7.572495889043929083e+02 6.991540566944929651e+02 6.443066017871360600e+02 5.925106791862915543e+02 5.432651074059839402e+02 4.961940860743371786e+02 5.492888905831889588e+02 5.903129383452466072e+02 6.139344632480228938e+02 6.203410162504382015e+02 6.179951040584917337e+02 6.090011941087534524e+02 5.963910330608398453e+02 6.001868814333632827e+02 6.003700749471453264e+02 5.938846046333832192e+02 5.788126488159821292e+02 5.527720551926024655e+02 5.162712829821296054e+02 4.664273313344452845e+02 5.046529488008782209e+02 5.338592621680771799e+02 5.609760726808023037e+02 5.840969839793485789e+02 6.044701044156171292e+02 6.226331762703617869e+02 6.385664019417250756e+02 6.514258755000271321e+02 6.645322039679934960e+02 6.768989774639545658e+02 6.870184715454040543e+02 6.914411258317646798e+02 6.812187225939235304e+02 7.147941351101719647e+02
9.310968704223246277e+02 8.801445185458775313e+02 8.229574800914489288e+02 7.635945573415875742e+02 7.045262805723176598e+02 6.472226253253414825e+02 5.923760236531543342e+02 5.405807786087806335e+02 4.913355660236497329e+02 5.350850356713621068e+02 5.615683357645598335e+02 5.718232826449535651e+02 5.712224222741542690e+02 5.658065111174622643e+02 5.563785400026381467e+02 5.445956468912615946e+02 5.470697404099145160e+02 5.469786038839818048e+02 5.422011020652552133e+02 5.308838766979142747e+02 5.090012390680021213e+02 4.916324815505211063e+02 4.616339298554698303e+02 4.957230606575704996e+02 5.187417651122783582e+02 5.374276204258264897e+02 5.528795598378335399e+02 5.681241974856494608e+02 5.826761791571791491e+02 5.962583280494151268e+02 6.081825691953034720e+02 6.208275065199030678e+02 6.333007039223781476e+02 6.445236445481876899e+02 6.519824330510602977e+02 6.488727254532424240e+02 6.924325501245409669e+02
9.227308171002561039e+02 8.797771984258054090e+02 8.260478428009031404e+02 7.672450857725159494e+02 7.073514463788345665e+02 6.486613079177924419e+02 5.920250666481395001e+02 5.381567045861427232e+02 4.864884480190120826e+02 5.122310011446284079e+02 5.215760450038314957e+02 5.224696462674335180e+02 5.181808499330958284e+02 5.121503533917575623e+02 5.043134198447181689e+02 4.953503387713562347e+02 4.948320212335341921e+02 4.929877729882305175e+02 4.886324848500775602e+02 4.801971122475993639e+02 4.477475318670358320e+02 4.522941895222195967e+02 4.568425178381977503e+02 4.684167873545072212e+02 4.800670424407028349e+02 4.918344579888822068e+02 5.037230543032182482e+02 5.157798981674609422e+02 5.280131975615554438e+02 5.404557027402712492e+02 5.531198386163599707e+02 5.660736552452301567e+02 5.793404961247683786e+02 5.929794410737475800e+02 6.070637247492396682e+02 6.216866111862079833e+02 6.668748996063102368e+02
9.064048979883999664e+02 8.740531927368991774e+02 8.249450513072215472e+02 7.669614889477180668e+02 7.063803963746619274e+02 6.468836567989728792e+02 5.882912553268376996e+02 5.334454326151400210e+02 4.816505930961492936e+02 4.768601703492765864e+02 4.720756925430414412e+02 4.672981195680602013e+02 4.625283973604803123e+02 4.577684283486141226e+02 4.530181465395746727e+02 4.482794030031465695e+02 4.435530544818126373e+02 4.388361678405268549e+02 4.341258675654544845e+02 4.386625476297984960e+02 4.432033757980524911e+02 4.908721386909180069e+02 5.142047570066285971e+02 5.297167859356911777e+02 5.425564407902870698e+02 5.550254634347799083e+02 5.661523853734090608e+02 5.772332375866311622e+02 5.866046288587956496e+02 5.985014133145514279e+02 6.079657331156212194e+02 6.200955993681153586e+02 6.300959812675095009e+02 6.383489351848470506e+02 6.431097765873341814e+02 6.388699741515513324e+02 6.770907220358732275e+02
8.854598023907780089e+02 8.668251500647040757e+02 8.229991225115085172e+02 7.645652710013572460e+02 7.021323342828742398e+02 6.491703075286768581e+02 6.003929095609050819e+02 5.541540017557622377e+02 5.082134074849407739e+02 5.232165160429199204e+02 5.262735279167305862e+02 5.242371053176667601e+02 5.200415215483327529e+02 5.151338318278728821e+02 5.078299697680484996e+02 4.989959458036050819e+02 4.860833263695337791e+02 4.647441489126180727e+02 4.306946068522544238e+02 4.674289587207571230e+02 4.968236427297373439e+02 5.352012867674080780e+02 5.649131204416128185e+02 5.856253623420957410e+02 6.017059691542223163e+02 6.162548087264824517e+02 6.280762563105098479e+02 6.393442581559309019e+02 6.487203667617170595e+02 6.586512071966088797e+02 6.665584507575836142e+02 6.757196172138849306e+02 6.818807577550334145e+02 6.844223996121204436e+02 6.798275905979053277e+02 6.569708580775912878e+02 6.758789478571834479e+02
8.615119967084265227e+02 8.587164311398889822e+02 8.215772040004475230e+02 7.586397155301946214e+02 6.797777076010938799e+02 6.390264068357720362e+02 6.024366764371967520e+02 5.688625639181007045e+02 5.376083473126159333e+02 5.693163330511416689e+02 5.775186444558070207e+02 5.767520160487086969e+02 5.719635459736863368e+02 5.649736292810583791e+02 5.529525716324926634e+02 5.363723298555410111e+02 5.106524726188888508e+02 4.739137218921730437e+02 4.272643256523653577e+02 4.752212691404869247e+02 5.190912066989378673e+02 5.623641100389793337e+02 6.011137198554130237e+02 6.309499105378455397e+02 6.532363729587714261e+02 6.721160214379148101e+02 6.865462320688063755e+02 6.994827632597031197e+02 7.095481722383701708e+02 7.190547631425790769e+02 7.261499228529427228e+02 7.325682378659053029e+02 7.353084154016914908e+02 7.336907325181771284e+02 7.256607257946569689e+02 7.087679768901615489e+02 6.958427405553505878e+02
8.437326801567369330e+02 8.563199903670750928e+02 8.337041751393143159e+02 7.872895243441785169e+02 7.268509850658308551e+02 6.990986063856330475e+02 6.679156758245281935e+02 6.387672901484273780e+02 6.164671991603282777e+02 6.234124770696977293e+02 6.247062446178755408e+02 6.209023830678960394e+02 6.133758987530025024e+02 6.019797207685395506e+02 5.825517085070215444e+02 5.543713887454516680e+02 5.174716886220165861e+02 4.737445143344395433e+02 4.238363253106869024e+02 4.755855105924146073e+02 5.251529794609622286e+02 5.731380878382193487e+02 6.182646860699735498e+02 6.583503758299182209e+02 6.910012275458389013e+02 7.172299938202006615e+02 7.370294980559917803e+02 7.538724973029145531e+02 7.663557972365523483e+02 7.771132703183187687e+02 7.842878164957488707e+02 7.894557450006899444e+02 7.899594365630707671e+02 7.857480662432707277e+02 7.762351404247077653e+02 7.619523018184039529e+02 7.476405960884343358e+02
8.289215515438899047e+02 8.543831170121732157e+02 8.501448971304497491e+02 8.214418156985265114e+02 7.811538718660766563e+02 7.540425922512807801e+02 7.252579271282925220e+02 6.977653798607178715e+02 6.760940044901158217e+02 6.671888802324954213e+02 6.578917348603001756e+02 6.482719355439936635e+02 6.368303893029277560e+02 6.182999855636691109e+02 5.892193237697733821e+02 5.523538852645295947e+02 5.104267172197298805e+02 4.661324655421867078e+02 4.204112497689659449e+02 4.715673099734761990e+02 5.221908053149237503e+02 5.720952775270794746e+02 6.204172500452948498e+02 6.657338831345648487e+02 7.068409432295269426e+02 7.432063546304774491e+02 7.728281041697736100e+02 7.967808986017128063e+02 8.145986924344321096e+02 8.291271619109963922e+02 8.384371144712899877e+02 8.443900302269021267e+02 8.444042039858209137e+02 8.391277886572074749e+02 8.288012975245671896e+02 8.140870410367148224e+02 7.941512293018869286e+02
