_codes/_figurecodes/_data/highRvar/steadystate/20m_HalfMtrThresh_Diffusion_Tc5/topographic_elevation_depth20m_tc5.asc
ncols 200
nrows 200
xllcorner 0.0
yllcorner 0.0
cellsize 50.0
[rows 136 to 152 of 200, columns 37 to 73 of 200]
3.303669407805227820e+02 3.902592163704227914e+02 4.467427164390294934e+02 4.955411789505421893e+02 5.300336824322687335e+02 5.407724916366072421e+02 5.239244094642037908e+02 4.784290131384324809e+02 4.069921090948419078e+02 3.704027912857525848e+02 3.396496507147674606e+02 3.127809406286270359e+02 3.133609725873311618e+02 3.368366981889463432e+02 3.540433336243051485e+02 3.605865881255521685e+02 3.565612976260040341e+02 3.441706027889579218e+02 3.312110539825258684e+02 3.094351788339263294e+02 2.739476559981185915e+02 2.305685632203102671e+02 1.900293063854974491e+02 2.274508715295782224e+02 2.551278470988154936e+02 2.912989000564895719e+02 3.335389562649335176e+02 3.736476988435184126e+02 4.085425073438051982e+02 4.377791609751478177e+02 4.619861667900467523e+02 4.805032231136883638e+02 4.945012275735319918e+02 5.055421599035694840e+02 5.106666309096697205e+02 5.110942891122867309e+02 5.049256344645768309e+02
3.301880520289284391e+02 3.883739623808306760e+02 4.417410280888207694e+02 4.854985601474585906e+02 5.123663501819581825e+02 5.182655825157735308e+02 5.083888673201753363e+02 4.757177569176290604e+02 4.297615778809550307e+02 3.864912353631165161e+02 3.414106191490146784e+02 2.889597079029376232e+02 2.662890850816027637e+02 2.920473977545012758e+02 3.101085863326026129e+02 3.146391475721900974e+02 3.042668234514605388e+02 2.833983700605845684e+02 2.772571793098683202e+02 2.621189430693394797e+02 2.293758260054128755e+02 1.846428898039492879e+02 1.873355879402548396e+02 2.411624177737597279e+02 2.823641824264224169e+02 3.197182775816289109e+02 3.555121071953182081e+02 3.878937979459500411e+02 4.153919423055094171e+02 4.356459572352662803e+02 4.502180810109851450e+02 4.593978581957144911e+02 4.664560474325622295e+02 4.705442227774939283e+02 4.696738909358947467e+02 4.654737307708359708e+02 4.558278734790607700e+02
3.265639612645891248e+02 3.817430394555240696e+02 4.300571020933700765e+02 4.662401590826936513e+02 4.836117133501042531e+02 4.874041270703358464e+02 4.852433001934574008e+02 4.665864633780477675e+02 4.328007968352907824e+02 3.913608721510055375e+02 3.443850013579647111e+02 2.936665367290314066e+02 2.453225367180128558e+02 2.506850508331448566e+02 2.708745953872629570e+02 2.740608257621339590e+02 2.546221008623352873e+02 2.136867874815046662e+02 2.215123788166357031e+02 2.138309546761254865e+02 1.792589518431506121e+02 1.819504839452129090e+02 2.232917346287263172e+02 2.643274952317430007e+02 3.004135594407695180e+02 3.320277012684033480e+02 3.596472600200587522e+02 3.808134486943333172e+02 3.968608162594190958e+02 4.070423479143284453e+02 4.145738750938262456e+02 4.183930951716591835e+02 4.213317279847818213e+02 4.220365904756041573e+02 4.187808524809772166e+02 4.129426672920257033e+02 4.022488138658632124e+02
3.201221139986029129e+02 3.708872194866856375e+02 4.118843401396598551e+02 4.368066263926837109e+02 4.452172443455486928e+02 4.466949659582405729e+02 4.494485585154388900e+02 4.426174894105162139e+02 4.217023949649614565e+02 3.865507557040522215e+02 3.411146355509994237e+02 2.875482933883446321e+02 2.251235215489144821e+02 2.054974795986174172e+02 2.371084878981696420e+02 2.419309925323478865e+02 2.155707916729825229e+02 1.684993712753939690e+02 1.711881400731167560e+02 1.738776351793531774e+02 1.765678571849427385e+02 2.136846340708372054e+02 2.467596778112009304e+02 2.769134531199305229e+02 3.018565819756428255e+02 3.217383803124320139e+02 3.376807718129898035e+02 3.483317231123070314e+02 3.567132641795599852e+02 3.612943647567350922e+02 3.647640189595243214e+02 3.658630908637886705e+02 3.669739153515228622e+02 3.665857458146098793e+02 3.631432120662721559e+02 3.577453869433106206e+02 3.478293615401672128e+02
3.078135877280308250e+02 3.523127291489487902e+02 3.826798318889376560e+02 3.965120296462483225e+02 3.984299236064421734e+02 3.968686965794514663e+02 4.035700875839061723e+02 4.044830721310132162e+02 3.954299201051766204e+02 3.721117602416829868e+02 3.341086076726465990e+02 2.864617206947359023e+02 2.345239010383329514e+02 1.878754507918866636e+02 2.179558262027604485e+02 2.234442818138804228e+02 2.052273376142985342e+02 1.658137838159522630e+02 1.893663997200942504e+02 2.002533205687436464e+02 2.087522033384283873e+02 2.291729696040047486e+02 2.473117758204664369e+02 2.632318999508315756e+02 2.753633722651829885e+02 2.861264444647481469e+02 2.946371357593654352e+02 2.996618645393096472e+02 3.038520873950506029e+02 3.057491151779660754e+02 3.073735367364554349e+02 3.074656240780463463e+02 3.083844927926576815e+02 3.083114722939302510e+02 3.059709267594838593e+02 3.025058132136043128e+02 2.949780824410331661e+02
2.853486075785334606e+02 3.220798747273196341e+02 3.425612565880588818e+02 3.491335734096889496e+02 3.460445487588843321e+02 3.384724426097160972e+02 3.511031043169191435e+02 3.572356290504268372e+02 3.557744218180715166e+02 3.440879514520967746e+02 3.178496298295980864e+02 2.769825781460898497e+02 2.265944216937670888e+02 1.706922726935235914e+02 1.921530273787873568e+02 1.960556277456527425e+02 1.885967941714851861e+02 1.631286308729926589e+02 1.862196477815033120e+02 1.960978555911596857e+02 2.027963770261910383e+02 2.112003596137398915e+02 2.181659078695628295e+02 2.250878409228419343e+02 2.301828445147782247e+02 2.353122384361851118e+02 2.395471126138364752e+02 2.419692259023895531e+02 2.443555700975009870e+02 2.455626235260350541e+02 2.468323750021838521e+02 2.467406041345377332e+02 2.487248568647142974e+02 2.496801422226947409e+02 2.489504468198383051e+02 2.485417627186307925e+02 2.450877268071024275e+02
2.470530705458213561e+02 2.810069316595276518e+02 2.966527415984090226e+02 2.982313330728670167e+02 2.925486770293940140e+02 2.836263368053948284e+02 2.970200096060185615e+02 3.050331940068766698e+02 3.076601224534254015e+02 3.033859916303215414e+02 2.890626654998789604e+02 2.593673155827447658e+02 2.135085342587148887e+02 1.537822754722124330e+02 1.554474725084013755e+02 1.571127286678203347e+02 1.587781026645708096e+02 1.604436239134218738e+02 1.624190350820580875e+02 1.643949137333826798e+02 1.663712602900229456e+02 1.683480751606849708e+02 1.703253587387362984e+02 1.723031634234681349e+02 1.742814896630307828e+02 1.762604421310206817e+02 1.782400214485436720e+02 1.802202804625749764e+02 1.822012721902947021e+02 1.841829974651411703e+02 1.861655095518930523e+02 1.881488619215721201e+02 1.901331082679262749e+02 1.921183025236460935e+02 1.941044461155412648e+02 1.960912763196297988e+02 1.980787409658526315e+02
1.960037772162339138e+02 2.374617597234965842e+02 2.496229265212805046e+02 2.456467979736168843e+02 2.391423596652025765e+02 2.318308293108440807e+02 2.430384617400892182e+02 2.503793980713623171e+02 2.544184752766335578e+02 2.544314126221541414e+02 2.484190333462968283e+02 2.326499103090982317e+02 2.007352969588015981e+02 1.521203518497587481e+02 1.858741439682360124e+02 2.048082145798450426e+02 2.124398528404369415e+02 2.150067422846073839e+02 2.172648505046800835e+02 2.192407823295648086e+02 2.212171420692010315e+02 2.231939695195142690e+02 2.251712650256670543e+02 2.269051455527209100e+02 2.260768195750056293e+02 2.279450827764480039e+02 2.274857040673796291e+02 2.294659707656357739e+02 2.314469695538261078e+02 2.333292006297318153e+02 2.332370021947373857e+02 2.351295806901243282e+02 2.353206030505498063e+02 2.373058013498103094e+02 2.455060197743211177e+02 2.488286114845908799e+02 2.476947728768695924e+02
1.793509648598971467e+02 2.052150145726824917e+02 2.052216927258910175e+02 1.907877877992776803e+02 1.856501093320311213e+02 1.825851585529943009e+02 1.897374105995516231e+02 1.947005703452071543e+02 1.982046100756695921e+02 2.000444024162050596e+02 1.993046708948419621e+02 1.940788572986561746e+02 1.805249392798970405e+02 1.504585159782411949e+02 2.015798809070266771e+02 2.393492327018628885e+02 2.594011889043264318e+02 2.674013166463072366e+02 2.723739817322323802e+02 2.762944128415226714e+02 2.794073201171503342e+02 2.817858355985732146e+02 2.836077854452533984e+02 2.839121050541665454e+02 2.809229503909723462e+02 2.818810389208972538e+02 2.792812464782981010e+02 2.812615209814446757e+02 2.832425275925886012e+02 2.843779806421351282e+02 2.824829044475247315e+02 2.837434994962983978e+02 2.823922987340519057e+02 2.843775057085426283e+02 2.950561508790869425e+02 2.971850734098838984e+02 2.901188922077793677e+02
1.623298758289780892e+02 1.697017203861034034e+02 1.628903121549826096e+02 1.321964091721324053e+02 1.338550501758552684e+02 1.355139517097760802e+02 1.371732877517853240e+02 1.388329716983771505e+02 1.404929747950454839e+02 1.421532682355557995e+02 1.438138231672057259e+02 1.454746106960077157e+02 1.471356018917368260e+02 1.487967677928614592e+02 2.133721053931850804e+02 2.633118296830281793e+02 2.992567298365113970e+02 3.165488403418228245e+02 3.264174323673644835e+02 3.332217076853958702e+02 3.380755552807262916e+02 3.414717388331752659e+02 3.434527439838660712e+02 3.432738956380783861e+02 3.395148610114489429e+02 3.388031041978250073e+02 3.341274359890625760e+02 3.361077119942880813e+02 3.380887198539619476e+02 3.379611534722446891e+02 3.342785265132286554e+02 3.345279798903398500e+02 3.316382789025935267e+02 3.336234883032741436e+02 3.425844395775407634e+02 3.402358725898706666e+02 3.248666100110141315e+02
1.434661701301837127e+02 1.272217588489909872e+02 1.288797636034304901e+02 1.305379707073165036e+02 1.717612762585857240e+02 1.872312475278206705e+02 1.944471483056822194e+02 1.987497708348360277e+02 2.018347708974289958e+02 2.042714740191314888e+02 2.061067858401756325e+02 2.067273055923953393e+02 2.035448929204360411e+02 1.862933619513732424e+02 2.283587490811516432e+02 2.776046240199241311e+02 3.304291340963181938e+02 3.622084842151650719e+02 3.782399091493546166e+02 3.884901520276288238e+02 3.955806396899210426e+02 4.005235771452367999e+02 4.034995192911827075e+02 4.040032636527061527e+02 4.012989011244451376e+02 3.986990306305593776e+02 3.927191524048535598e+02 3.946994202341093683e+02 3.957838435940716977e+02 3.943011342525264240e+02 3.891245294850085656e+02 3.877759276341621444e+02 3.834337290009910362e+02 3.839360439952153570e+02 3.865653440652346831e+02 3.752800079309078569e+02 3.476935129640468745e+02
1.239060383096315121e+02 1.255638407943446708e+02 1.706314679746664069e+02 1.926310888708397044e+02 2.203454668894160591e+02 2.378247254683879532e+02 2.482278621174636442e+02 2.548659146615173370e+02 2.595472463214396157e+02 2.631147519318496961e+02 2.658281800067604195e+02 2.674585217897885627e+02 2.672682687475222565e+02 2.651520187629422480e+02 2.980630577182810157e+02 3.371191136595267608e+02 3.764832142325028030e+02 4.078567771169485923e+02 4.264480399795886001e+02 4.394159479732275599e+02 4.489275411767533797e+02 4.560558319753826595e+02 4.610552259896264218e+02 4.633557510679551683e+02 4.620606509897481260e+02 4.600625398927393235e+02 4.560723564037005531e+02 4.559724840791416796e+02 4.555032462545457861e+02 4.529939979537916770e+02 4.476620875358956937e+02 4.430038832694466464e+02 4.365393002403598075e+02 4.309758816272890272e+02 4.239526633053276328e+02 3.971796000543947684e+02 3.562873886052947228e+02
1.554445062993047770e+02 1.813888319542192278e+02 2.157505321040257513e+02 2.411847542176786021e+02 2.647900300808812517e+02 2.821380903847733066e+02 2.940192395179107621e+02 3.023396502829617702e+02 3.085556128332365233e+02 3.135434884621430456e+02 3.177882044802101404e+02 3.216508052426428321e+02 3.259795063252053637e+02 3.340999724979375856e+02 3.574570677505957406e+02 3.874221524665737775e+02 4.179417169279120685e+02 4.465492606933755724e+02 4.656802903406185692e+02 4.806113647595327052e+02 4.926875495366722930e+02 5.028303272626665148e+02 5.114147956459017905e+02 5.173053944490292224e+02 5.189128225026763630e+02 5.191651774560533568e+02 5.170978214976018990e+02 5.164499664718503027e+02 5.152340867533929440e+02 5.119197356607892857e+02 5.054432640875340894e+02 4.980232522970320588e+02 4.875840248046712873e+02 4.742658486434776250e+02 4.526833822807192860e+02 4.060331628770739485e+02 3.432026155771322351e+02
1.665432542881475797e+02 2.071495337381673494e+02 2.442311624619102588e+02 2.730567289857005449e+02 2.951239971724336328e+02 3.114904222815674757e+02 3.236309718602874455e+02 3.329515351008026300e+02 3.405245042376263882e+02 3.470885304691259421e+02 3.531880293590382394e+02 3.594217165778284766e+02 3.669054564038509625e+02 3.780386951837645597e+02 3.965437465657861367e+02 4.195107096042760872e+02 4.431052595994137846e+02 4.667015135716100076e+02 4.862366718636005771e+02 5.027632284124669013e+02 5.176957218009184771e+02 5.318766562997354868e+02 5.468095677838538222e+02 5.595048850173068331e+02 5.668527761737778974e+02 5.714689252462480908e+02 5.722244859305781119e+02 5.727587764023079444e+02 5.719345182852586049e+02 5.684744697830550422e+02 5.610246889995542006e+02 5.513749183017698670e+02 5.368879781451271356e+02 5.162324647857208220e+02 4.816207805203690668e+02 4.188421058928441312e+02 3.767769113857951311e+02
1.692045512248381556e+02 2.143247364792053133e+02 2.522777701372259287e+02 2.808787334234021387e+02 2.996739346719764967e+02 3.131844194929141736e+02 3.242969361139291209e+02 3.339707717253706960e+02 3.427286767719269278e+02 3.509718365574281052e+02 3.590775161000324260e+02 3.675104012447174568e+02 3.769838338596099447e+02 3.885673231059657269e+02 4.032669559954919691e+02 4.202817831608903703e+02 4.382604475173274636e+02 4.564868676747983045e+02 4.740317640232569261e+02 4.914786254917115116e+02 5.097162690466226422e+02 5.282392546290213886e+02 5.550814247439851670e+02 5.803547290400506427e+02 5.987354313097454224e+02 6.108720942309525981e+02 6.164580229155310462e+02 6.199219387038500599e+02 6.209581637573252237e+02 6.186579301691372166e+02 6.114489513012795214e+02 6.010424256820169830e+02 5.842905676438913360e+02 5.596392265042576355e+02 5.196598490292490169e+02 4.640291419839606988e+02 4.285719541697860677e+02
1.684292477833516273e+02 2.124406548557149961e+02 2.461456214949565151e+02 2.662832248565651980e+02 2.754345717842979298e+02 2.849313324151661959e+02 2.946535626779834729e+02 3.042113896474438661e+02 3.135229593943901136e+02 3.226818070282041049e+02 3.318682885126717679e+02 3.413409297488788638e+02 3.514607479149115647e+02 3.626661596422440539e+02 3.752629759717137858e+02 3.890307502228060912e+02 4.035377336722553423e+02 4.185672625728650473e+02 4.342567432479016247e+02 4.517319081919171708e+02 4.727481136826901320e+02 4.941539238975973944e+02 5.358786668346568831e+02 5.745167831578241930e+02 6.060846718007431946e+02 6.290387219016482732e+02 6.423162161678652637e+02 6.504044349057269301e+02 6.550571109669990619e+02 6.560394108996138129e+02 6.516028455159765826e+02 6.432503033202398228e+02 6.277388343502226462e+02 6.043432447308266546e+02 5.688408037234088397e+02 5.243529493760327114e+02 4.834173056966480999e+02
1.630674376232140048e+02 2.002862203254120459e+02 2.235594246495294612e+02 2.326284037237401492e+02 2.306245071756843856e+02 2.374781011171925797e+02 2.465133394295900757e+02 2.560476476963885375e+02 2.656752881408533540e+02 2.753388539663678216e+02 2.850891329749186980e+02 2.950266843510232206e+02 3.052889025946774382e+02 3.160260954612582509e+02 3.273316955553697198e+02 3.391621505843687601e+02 3.514205282603511478e+02 3.641373612712542354e+02 3.777518496408184774e+02 3.940225076468877319e+02 4.192453901249494947e+02 4.423591419756655796e+02 5.047558555960154081e+02 5.560178718829763511e+02 5.953537705543222955e+02 6.221949481233028791e+02 6.399811215283162937e+02 6.529159058446687141e+02 6.629035526447385109e+02 6.702451517777014942e+02 6.732428391259381897e+02 6.712241500842537789e+02 6.619876312661651809e+02 6.447778069198579942e+02 6.162361611443820948e+02 5.793675298028484804e+02 5.402725382617927607e+02
