_codes/_figurecodes/_data/highRvar/steadystate/20m_HalfMtrThresh_Diffusion_Tc5/topographic_elevation_depth20m_tc5.asc
ncols 200
nrows 200
xllcorner 0.0
yllcorner 0.0
cellsize 50.0
[rows 34 to 50 of 200, columns 37 to 73 of 200]
1.040668180480248111e+03 9.801217158701784911e+02 9.215271857475879642e+02 8.666781169857476925e+02 8.148795324106456519e+02 7.656308373362787734e+02 7.185568952788603383e+02 6.733676912017959921e+02 6.298333636469567409e+02 6.845080135210739627e+02 7.417448650837181958e+02 8.018853917653755161e+02 8.640874950172776607e+02 9.249421164984037205e+02 9.792487848614823633e+02 1.019393735768440251e+03 1.033683827755087123e+03 1.012677325630919768e+03 9.692070727657358020e+02 9.130778650668675027e+02 8.507864945806159085e+02 7.874282197388810118e+02 7.288328925301017307e+02 7.921600617653115251e+02 8.553108137415174497e+02 9.150305779423722470e+02 9.657619156210902247e+02 9.985046204979169033e+02 9.991663179273379001e+02 9.707042358098809700e+02 9.236269312537515361e+02 8.672108990775996062e+02 9.218377055928051504e+02 9.597102825814631615e+02 9.691929517104633760e+02 9.447816805621622507e+02 8.999545937957034312e+02
1.035792981162609976e+03 9.746537510865213108e+02 9.160591748355752770e+02 8.612100767921316447e+02 8.094115004680546690e+02 7.601628533146677000e+02 7.130889887400761609e+02 6.678998822875483938e+02 6.243656642457474391e+02 6.792128068037768571e+02 7.378069802006502869e+02 7.993599575549192195e+02 8.617739503896509632e+02 9.221498462759334416e+02 9.754164620303447464e+02 1.013537404475675544e+03 1.024202478113834331e+03 1.000478078049689771e+03 9.556581524129273930e+02 8.991974809011946945e+02 8.374751616056606736e+02 7.747120799471947521e+02 7.161169922480935384e+02 7.792290638434851644e+02 8.419513970137819570e+02 9.008986795435741897e+02 9.503844059558713298e+02 9.814539639878851176e+02 9.809361331168081506e+02 9.498534108569886030e+02 9.006200702017890762e+02 8.417605865356669028e+02 8.976256845823174899e+02 9.384672365301751142e+02 9.532426242393014491e+02 9.330714149479629214e+02 8.908646640869195608e+02
1.030690816474063240e+03 9.692163495891535376e+02 9.106217288454836307e+02 8.557726054530917281e+02 8.039740417586319836e+02 7.547254459173343548e+02 7.076516611890860986e+02 6.624626537464820331e+02 6.189285430993405726e+02 6.737755546706449650e+02 7.323696160876993417e+02 7.949635102912581033e+02 8.577686030138733031e+02 9.179352414322306686e+02 9.703644770710935745e+02 1.006827450941508573e+03 1.014797927245980532e+03 9.891823907502511020e+02 9.433182761401660628e+02 8.864897537419521996e+02 8.248554165465124015e+02 7.622925416525927176e+02 7.036976957514731339e+02 7.665306776739590759e+02 8.287972233409669798e+02 8.870075861894716809e+02 9.353689019019195712e+02 9.648494273088763293e+02 9.621917811006101147e+02 9.290491753598752211e+02 8.780674756545032551e+02 8.177261091370529584e+02 8.733051758280281547e+02 9.160620157146386191e+02 9.362993031097556695e+02 9.219419200084009844e+02 8.826042279575430030e+02
1.025458621439864373e+03 9.638089492998241212e+02 9.052142859158846022e+02 8.503651411319647195e+02 7.985665943129715743e+02 7.493180530385780003e+02 7.022443503915709471e+02 6.570554429041120557e+02 6.135214365683111737e+02 6.683683199409695135e+02 7.269622674165194667e+02 7.899148584626476577e+02 8.528748233121178828e+02 9.128260020754739799e+02 9.645428202765324386e+02 9.996509055003239155e+02 1.005508925525534778e+03 9.784275982354236021e+02 9.316912961601234429e+02 8.744531067315288055e+02 8.127049899160248287e+02 7.501477373114854572e+02 6.915531362650229994e+02 7.540885028654430471e+02 8.158932094821071814e+02 8.733875068359124043e+02 9.206705315997569414e+02 9.485777058397671908e+02 9.436435707802825164e+02 9.087024459080423640e+02 8.563529775182486219e+02 7.950539568015843770e+02 8.509543542514724095e+02 8.949814423719705019e+02 9.180363949438176405e+02 9.079767010534707197e+02 8.716495494880736032e+02
1.020159929582567770e+03 9.584310055158415480e+02 8.998363015401121174e+02 8.449871393307553262e+02 7.931886135019231006e+02 7.439401299157340191e+02 6.968665114208833984e+02 6.516777043340896398e+02 6.081437983304177806e+02 6.629905572981801924e+02 7.215843893408405165e+02 7.846152088105346820e+02 8.475432930935098739e+02 9.072155483379667658e+02 9.582772957047450291e+02 9.922273735000165971e+02 9.963284985712525668e+02 9.680219734667015246e+02 9.205149387861550849e+02 8.628508989513273946e+02 8.009015500572571682e+02 7.382584063348480186e+02 6.796640544059515605e+02 7.419032445341415496e+02 8.032536873883472026e+02 8.600521905540058469e+02 9.062924068252692678e+02 9.326738013707597474e+02 9.255412446929359476e+02 8.889923192654581499e+02 8.355232794533586684e+02 7.735166764799614612e+02 8.298120510190744881e+02 8.743098536155169995e+02 8.982599484023263585e+02 8.912498140658447028e+02 8.580409684518028826e+02
1.014837514810717948e+03 9.530819901607326301e+02 8.944872478177753692e+02 8.396380721436804606e+02 7.878395712901924526e+02 7.385911483783589802e+02 6.915176159049291300e+02 6.463289091217972100e+02 6.027950986790239085e+02 6.576417379476376937e+02 7.162354535837456524e+02 7.792177287690527692e+02 8.420046621364939483e+02 9.013457043707007870e+02 9.517784484047334672e+02 9.846907065770612917e+02 9.872516296267295957e+02 9.578643139951259400e+02 9.096520652159215388e+02 8.515632343865196390e+02 7.893771931115909410e+02 7.266074769369899968e+02 6.680133792912317858e+02 7.299700244985912150e+02 7.908837043192652345e+02 8.470087932362047241e+02 8.922385083028940471e+02 9.171510850974876803e+02 9.079345459251125021e+02 8.699263164632145617e+02 8.155027115955167574e+02 7.529446495641606134e+02 8.099659212295664474e+02 8.538067821546430878e+02 8.752305539078062111e+02 8.704310835046281909e+02 8.409267547904905769e+02
1.009523975274997611e+03 9.477613910760961744e+02 8.891666127474956056e+02 8.343174275517591241e+02 7.825189555305153135e+02 7.332705961383236399e+02 6.861971513162174006e+02 6.410085441729142985e+02 5.974748238591133713e+02 6.523213489214457468e+02 7.109149477281680447e+02 7.737884253652719053e+02 8.363759929124953487e+02 8.953544524404549065e+02 9.451732353352392693e+02 9.771222600054471741e+02 9.782778193760226486e+02 9.479007764049362095e+02 8.990290429099344465e+02 8.405250690898865287e+02 7.780915910748525448e+02 7.151797306361386291e+02 6.565858924142216893e+02 7.182873865698094278e+02 7.787920528147428740e+02 8.342642886556085386e+02 8.784998762387406259e+02 9.019787960797289088e+02 8.907721620596291814e+02 8.514198973746835009e+02 7.961498496991068805e+02 7.330949325389017304e+02 7.886694704396890074e+02 8.296575154112148311e+02 8.463256571843461415e+02 8.425233463330174573e+02 8.186049827574020128e+02
1.004251784900223015e+03 9.424687113518718888e+02 8.838738995581524023e+02 8.290247087555825374e+02 7.772262692956129513e+02 7.279779761182204538e+02 6.809046203024306578e+02 6.357161115632136443e+02 5.921824754359220151e+02 6.470288924241449422e+02 7.056223745469959567e+02 7.683581415668517138e+02 8.307172687233153283e+02 8.893178939173255912e+02 9.385347642300858979e+02 9.695696738496130820e+02 9.694072148593578504e+02 9.381007140453561988e+02 8.886031975437985011e+02 8.296971930887575581e+02 7.670177578352405590e+02 7.039615302090724072e+02 6.453679552048661208e+02 7.068684497934784758e+02 7.670087638627931028e+02 8.218387897049816502e+02 8.650532403173817784e+02 8.870714189504620890e+02 8.739297780622982827e+02 8.333462138647756774e+02 7.773498549836572238e+02 7.138893850180277241e+02 7.666756902533353468e+02 8.026880588357928445e+02 8.123960392770899261e+02 8.058551125567632880e+02 7.846656214015744126e+02
9.990654327820412846e+02 9.372034686925218239e+02 8.786086260760838513e+02 8.237594335437939890e+02 7.719610302456011368e+02 7.227128058159294142e+02 6.756395400550525210e+02 6.304511279259004368e+02 5.869175696920751761e+02 6.417638852161342129e+02 7.003572513704594940e+02 7.629419473492331463e+02 8.250594594560875521e+02 8.832771007888831036e+02 9.319034822610276478e+02 9.620590636876414692e+02 9.606379928262247176e+02 9.284436146745997576e+02 8.783456690167524812e+02 8.190511109931387637e+02 7.561335727646622900e+02 6.929405969926546049e+02 6.343472862312022471e+02 6.957656190541991919e+02 7.556209020997507650e+02 8.097942035417916031e+02 8.518595303574317086e+02 8.722362382071260072e+02 8.571761565958001938e+02 8.155170304865825983e+02 7.589731996684520254e+02 6.952632325968056648e+02 7.449168950509648539e+02 7.729815702636961987e+02 7.745580028110754256e+02 7.627970153080651698e+02 7.387933255170780740e+02
9.940382008674381495e+02 9.319651948168153694e+02 8.733703241258452863e+02 8.185211336948697181e+02 7.667227700285270657e+02 7.174746167031654522e+02 6.704014417135608710e+02 6.252131238730823952e+02 5.816796370499056366e+02 6.365258580313411585e+02 6.951191094883487267e+02 7.575473229586649495e+02 8.194185330703099908e+02 8.772537102455352169e+02 9.253006485568876087e+02 9.546030719314014732e+02 9.519656124944089015e+02 9.189127044659196599e+02 8.682325572157004672e+02 8.085597258840132326e+02 7.454129010221976159e+02 6.821058270188658526e+02 6.235127775347048100e+02 6.851364552410472015e+02 7.448506616646983503e+02 7.982975260031413427e+02 8.388681720871780954e+02 8.569830386265554125e+02 8.400757729475451470e+02 7.976421766629051717e+02 7.408397442906806418e+02 6.770779901538522836e+02 7.209709849963196575e+02 7.396402523916051450e+02 7.341171013067981903e+02 7.164376215060093500e+02 6.875696088526386802e+02
9.892879361491634427e+02 9.267534348890410456e+02 8.681585389624333402e+02 8.133093544100782992e+02 7.615110337120102031e+02 7.122629536560021961e+02 6.651898698028488752e+02 6.200016434481589158e+02 5.764682215165073558e+02 6.313143550262911958e+02 6.899074935849314443e+02 7.521779830427691422e+02 8.138026657909356345e+02 8.712587166406862025e+02 9.187364446750873412e+02 9.472060797956770557e+02 9.433834051301047339e+02 9.094931749556654950e+02 8.582425698066772384e+02 7.981926789886213101e+02 7.348033285284858493e+02 6.714471380420229707e+02 6.128543421052063422e+02 6.754200049756657336e+02 7.351848415395390930e+02 7.877270990595134208e+02 8.261003237065905296e+02 8.398279218555468333e+02 8.218425956888929704e+02 7.793179089299246698e+02 7.227672810997884199e+02 6.593007037264866312e+02 6.963533576013583115e+02 7.053055702011118910e+02 6.928170987787547119e+02 6.692845098885406969e+02 6.352252905739173912e+02
9.849243641986565763e+02 9.215677469797091135e+02 8.629728287328779288e+02 8.081236537756157077e+02 7.563253792441619225e+02 7.070773744155303575e+02 6.600043817015674676e+02 6.148162436061279550e+02 5.712828801499883866e+02 6.261289332576685638e+02 6.847219612043296593e+02 7.468358769296560240e+02 8.082162002554390483e+02 8.652974769030014386e+02 9.122146318007999071e+02 9.398671727872695101e+02 9.348833464194705130e+02 9.001735298681094264e+02 8.483640078836025396e+02 7.879402815580631341e+02 7.242977167921320643e+02 6.609417685423856028e+02 6.023492137923092287e+02 6.648783521763903082e+02 7.239415055148988358e+02 7.746686604052722487e+02 8.097862734402418710e+02 8.187968546957877152e+02 8.015311400539953866e+02 7.600922196312982351e+02 7.045740701968309168e+02 6.419023978165802191e+02 6.713416116619384866e+02 6.705965127890726762e+02 6.515924171834996059e+02 6.229638459510255188e+02 6.290855232095445899e+02
9.885207926576885029e+02 9.265242842604933458e+02 8.669253719991546632e+02 8.104472097012464928e+02 7.569942876921312518e+02 7.062252126006354729e+02 6.577756422934102147e+02 6.112369306087947507e+02 5.661231825458638696e+02 6.209691621859465158e+02 6.795620822444211626e+02 7.415225048452641659e+02 8.026622716959859645e+02 8.593728238606067862e+02 9.057349353041471431e+02 9.325806764896544792e+02 9.264540849232631672e+02 8.909424832878473808e+02 8.385916245533585425e+02 7.778116068891445138e+02 7.139383125466617912e+02 6.505826061967763962e+02 5.919902756936264723e+02 6.541370550263918631e+02 7.118708599441371234e+02 7.597248288243723664e+02 7.900954277600908426e+02 7.938630648873432847e+02 7.783949870557945587e+02 7.395693006945070920e+02 6.861235183317629662e+02 6.248574243740531529e+02 6.449649443321517310e+02 6.352305862224151269e+02 6.107563185560094325e+02 6.168556230564634006e+02 6.487873598504410211e+02
9.889575350869846488e+02 9.270018060380206180e+02 8.664974674391727376e+02 8.088617241122584574e+02 7.542917074064539520e+02 7.024940017441780356e+02 6.532468315537306580e+02 6.061747777643595327e+02 5.609874588469840546e+02 6.158333716902159267e+02 6.744261869390571746e+02 7.362402848479431441e+02 7.971456027961605741e+02 8.534877336712908118e+02 8.992939345443983257e+02 9.253341337729859788e+02 9.180753688345937462e+02 8.817803620592397920e+02 8.289114728577020514e+02 7.677993113509398881e+02 7.037185485827326374e+02 6.403630809652424887e+02 5.817709541420607593e+02 6.439210259875354723e+02 6.998418207584611537e+02 7.434344625888544442e+02 7.656296424824886344e+02 7.636621599289408096e+02 7.506479521434474691e+02 7.173411660729412915e+02 6.673863485368806323e+02 6.080785736634326213e+02 6.164493448047704760e+02 5.987408685145544496e+02 6.046747067831336153e+02 6.252454893078445366e+02 6.460774159859830661e+02
9.869255537355799106e+02 9.244373198536263772e+02 8.626232701928062170e+02 8.040282161842505957e+02 7.491792946949464067e+02 6.973816682964243228e+02 6.481345896880133068e+02 6.010626165421192582e+02 5.558753413857010628e+02 6.107211937712548888e+02 6.693139076108170684e+02 7.309965894456570368e+02 7.916777671829780729e+02 8.476491293392128910e+02 8.928847587407701667e+02 9.181030669490951368e+02 9.097096012858622771e+02 8.726515010884087360e+02 8.192969060948296374e+02 7.578849657308405767e+02 6.936204446838008835e+02 6.302652100091682996e+02 5.716732642004416221e+02 6.323036032687435863e+02 6.849706748030837389e+02 7.223915400123339623e+02 7.343375256778011817e+02 7.265375255664198448e+02 7.142966443357659045e+02 6.879776841833236176e+02 6.443517098406085779e+02 5.914904942146339408e+02 5.869014668736725753e+02 5.928191544428166253e+02 6.434518778582051937e+02 6.778498475924864124e+02 7.039665640727864684e+02
9.833586200294823811e+02 9.203318176266449200e+02 8.575340453543331023e+02 7.989390075793016877e+02 7.440901393133309512e+02 6.922925934942463755e+02 6.430456053059666601e+02 5.959737086466661822e+02 5.507864720667078018e+02 6.056322699363572610e+02 6.642248860260001493e+02 7.258115783633685396e+02 7.862882530896474691e+02 8.418747440900426682e+02 8.864944801976056397e+02 9.108385082586966064e+02 9.012861262831434033e+02 8.634932698615142499e+02 8.097055049621068292e+02 7.480465424941695574e+02 6.836393046341364652e+02 6.202842943418854702e+02 5.616925059318361946e+02 6.202722197486907589e+02 6.687166548190357389e+02 6.982988899535198470e+02 6.983986172900721385e+02 6.824986799812992331e+02 6.711073175748392714e+02 6.498333586113922138e+02 6.140800374591694890e+02 5.750861186314456290e+02 5.809897976744791777e+02 6.287165563609456740e+02 6.752395993314753468e+02 7.160527661149967571e+02 7.493851970713037645e+02
9.789922232961407644e+02 9.156682983338490658e+02 8.524677230007225717e+02 7.938727048986991122e+02 7.390238925817687914e+02 6.872264283999215877e+02 6.379795291549579588e+02 5.909077047311204751e+02 5.457205020086951208e+02 6.005662508637834662e+02 6.591587730596053234e+02 7.207407572915124092e+02 7.810504586426878859e+02 8.362062322672228447e+02 8.800951130628059218e+02 9.034359890271043696e+02 8.926683497713515862e+02 8.541951016245105848e+02 8.000692243860227109e+02 7.382527050873599137e+02 6.737707318086821715e+02 6.104159349278418176e+02 5.518242807272830532e+02 6.089865760823680603e+02 6.527652029157291054e+02 6.720163857408896320e+02 6.591529124300112699e+02 6.300399821259238706e+02 6.231081473941246713e+02 6.017317423760994188e+02 5.637321451449964798e+02 5.694030116362963554e+02 6.095557232198535758e+02 6.512290986900434291e+02 6.933330300926368182e+02 7.345885299918458031e+02 7.735701346481758947e+02
