_codes/_figurecodes/_data/highRvar/steadystate/20m_HalfMtrThresh_Diffusion_Tc5/topographic_elevation_depth20m_tc5.asc
ncols 200
nrows 200
xllcorner 0.0
yllcorner 0.0
cellsize 50.0
[rows 119 to 135 of 200, columns 148 to 184 of 200]
1.093072049137927024e+03 1.102362535977108337e+03 1.096836781626775291e+03 1.082792266747734857e+03 1.066002855775165244e+03 1.055206641538207123e+03 1.046828260356102192e+03 1.044635998780998534e+03 1.043782541229000344e+03 1.044139718733467589e+03 1.060146356410790986e+03 1.081484732834433316e+03 1.100650578175451528e+03 1.116539697784564623e+03 1.128227311005912497e+03 1.134221700644402972e+03 1.131890264371187186e+03 1.109942677441139267e+03 1.068386258856427048e+03 1.015130662322270268e+03 9.557441654556344020e+02 8.942373105708990124e+02 8.339703453595365090e+02 7.766730855265568607e+02 7.219019020875690558e+02 7.828708502316407021e+02 8.390885958048855855e+02 8.845388873086288868e+02 9.099308653771208810e+02 9.016355740564916914e+02 8.645327405683374309e+02 8.110492019601255151e+02 7.494977867690179210e+02 8.077567827661657702e+02 8.687538833230653381e+02 9.314556102450159187e+02 9.928977625420998265e+02
1.073574935735995950e+03 1.065669614192949439e+03 1.048607118536590178e+03 1.026443617451487626e+03 1.001339261969789732e+03 9.909725540365745928e+02 9.784023421385874144e+02 9.797017292778267574e+02 9.784686675833057734e+02 9.744286675801264437e+02 9.930540652247874505e+02 1.019865667257062682e+03 1.042195236921854757e+03 1.060857266542079287e+03 1.076178321414570974e+03 1.088008073198828470e+03 1.094338395329893501e+03 1.085067206991458761e+03 1.052196184083053822e+03 1.003818420620255324e+03 9.466424773930624497e+02 8.853302749800996025e+02 8.225985303939471578e+02 7.640066739271076131e+02 7.091608831605378782e+02 7.702240226025995753e+02 8.266048037963756769e+02 8.723042947678856081e+02 8.980575035346055301e+02 8.902785822337671107e+02 8.535486452906728800e+02 8.003300293152208269e+02 7.389653431437900508e+02 7.975571696474519285e+02 8.608986789782501319e+02 9.236507702479276531e+02 9.832778512523701693e+02
1.040742044107132642e+03 1.018858772841929408e+03 9.940878751627493557e+02 9.674933695441466170e+02 9.379859602978738167e+02 9.284678725773692349e+02 9.150489580079276948e+02 9.169558530931592486e+02 9.156550911241514541e+02 9.110752783291528658e+02 9.297007250629372948e+02 9.584841714359614571e+02 9.823420758142328850e+02 1.002605830187288348e+03 1.020394908163368996e+03 1.037274438311980475e+03 1.051354944268225381e+03 1.053492516665130552e+03 1.032923346515029380e+03 9.911953304724909231e+02 9.373518833521285387e+02 8.774426188329430261e+02 8.155675505368722042e+02 7.549134008542048377e+02 6.967183744434523760e+02 7.578366849801758462e+02 8.143337621902719548e+02 8.602344539444969769e+02 8.863097047902626855e+02 8.790239937256837948e+02 8.426693801399097765e+02 7.897293102224680297e+02 7.285672156461640725e+02 7.904521041340146894e+02 8.535718663260910262e+02 9.153934039272511427e+02 9.723651574117379823e+02
9.992521206486173924e+02 9.638093438030878133e+02 9.356033951966410314e+02 9.088295682252983170e+02 8.793942762106420332e+02 8.698757863006791240e+02 8.564572318746646715e+02 8.583641977030911221e+02 8.570634474872671262e+02 8.524835881303724818e+02 8.711090597353191924e+02 8.995654269074311742e+02 9.235382187631360011e+02 9.441103504940782614e+02 9.624706802646174992e+02 9.837394044308076673e+02 1.004846132365215226e+03 1.016101035250284895e+03 1.007965073283641686e+03 9.746077923354710038e+02 9.253976411936341719e+02 8.675338921062985946e+02 8.058285642092798753e+02 7.431213315797936048e+02 6.845300122331620969e+02 7.456765237907136452e+02 8.022476394478612747e+02 8.483015660411001591e+02 8.746572623912403515e+02 8.678411216444783349e+02 8.318685884302427667e+02 7.792268633665893276e+02 7.182852222199888956e+02 7.812990161359255126e+02 8.442020173449595859e+02 9.041733766781070472e+02 9.568971765618111931e+02
9.534597976019955468e+02 8.989486430487918369e+02 8.744436880980038040e+02 8.518521368136232468e+02 8.245481895065285016e+02 8.151218569531083631e+02 8.016111856224441681e+02 8.035178392927839468e+02 8.022169168002091055e+02 7.976376122431879594e+02 8.162630620973418445e+02 8.435766711136030835e+02 8.669369212359680432e+02 8.869597656339423111e+02 9.038790849755696399e+02 9.283710090869493570e+02 9.567425336234661017e+02 9.757962635929411590e+02 9.781125915860218356e+02 9.556603706590725551e+02 9.123229687085676005e+02 8.573461910626989493e+02 7.966832051711394342e+02 7.342040251966318465e+02 6.725792762477188944e+02 7.337124250982301419e+02 7.903035656718262771e+02 8.364492002316950447e+02 8.630331153124976709e+02 8.566655021877126046e+02 8.210978955144904603e+02 7.687958027924612452e+02 7.081151480240682758e+02 7.720266869894910542e+02 8.342642832552860455e+02 8.914462294471660471e+02 9.382774402443058079e+02
9.230831062955986681e+02 8.554150653152074710e+02 8.158517953982834570e+02 7.985750195901711095e+02 7.727527115944623120e+02 7.639961147455961736e+02 7.498158346471620916e+02 7.518145362187749470e+02 7.505557404289635315e+02 7.458423350940242926e+02 7.644677157001302703e+02 7.904496657891985478e+02 8.130541956945963875e+02 8.325996191569454368e+02 8.490330660986388693e+02 8.735250429399425229e+02 9.089789108901219379e+02 9.341757007232807837e+02 9.434211966695885394e+02 9.313608598954222089e+02 8.953054422168683004e+02 8.444778288655761571e+02 7.856812583241149923e+02 7.234753960668444961e+02 6.608317031917905524e+02 7.219042331280896860e+02 7.784396987095324221e+02 8.245831717202486288e+02 8.513155501878192126e+02 8.453788228094742863e+02 8.102719123261210825e+02 7.583906033118699952e+02 6.980412262254485540e+02 7.614939618746449241e+02 8.217684715287156223e+02 8.744471713135873188e+02 9.131560423823565316e+02
9.076711287317176584e+02 8.528262938411287450e+02 7.822775052605327346e+02 7.510230210950567198e+02 7.235070924425448311e+02 7.168147654851143216e+02 7.005703820169673008e+02 7.030350740329649852e+02 7.019158797216202856e+02 6.965969202259600479e+02 7.152222081819649020e+02 7.398791380436784948e+02 7.618371413336587921e+02 7.811293349648069579e+02 7.972375902269857306e+02 8.217295485641596997e+02 8.634033274482546858e+02 8.930504019657688559e+02 9.062250483194633262e+02 9.020145086478286203e+02 8.755741876837082600e+02 8.302569976597686718e+02 7.742281601485456122e+02 7.127511727839124660e+02 6.492762160057839083e+02 7.102156482350542319e+02 7.665752596928946332e+02 8.125518567648708768e+02 8.392852030145410254e+02 8.337658277884602285e+02 7.992434299121291588e+02 7.479428511982597456e+02 6.880604905978364059e+02 7.509237368635026542e+02 8.082599239611016628e+02 8.547560263839764048e+02 8.822243105914443504e+02
8.983660809973637242e+02 8.620781921879232641e+02 8.128628947015815811e+02 7.628559328169828859e+02 6.988008801416353890e+02 6.751855318138457278e+02 6.534994080723514571e+02 6.570371359010916876e+02 6.563494654602808396e+02 6.495259254325860638e+02 6.681511345492282317e+02 6.914411308177762976e+02 7.129963128440850824e+02 7.324429172634778524e+02 7.479918848261843323e+02 7.724837411124616438e+02 8.214178404683962071e+02 8.540126358194918339e+02 8.670368640702098446e+02 8.658830952666845633e+02 8.492287710041093760e+02 8.116248027262392952e+02 7.602466698038052755e+02 7.008669793706527571e+02 6.378849551966117133e+02 6.986205148683592370e+02 7.546150462938322789e+02 8.001103709146543679e+02 8.265232984213066629e+02 8.214220878452520083e+02 7.877571925610751578e+02 7.373431935577319791e+02 6.781589808092176099e+02 7.385874630932974014e+02 7.910361489047127179e+02 8.290470475139240989e+02 8.445508809871629410e+02
8.823651464055304814e+02 8.660788053672463320e+02 8.307141059682786590e+02 7.857687002038646824e+02 7.351617364047751835e+02 6.885430497292248901e+02 6.333007252782374508e+02 6.137831979587502929e+02 6.143895523018068161e+02 6.043390612263025332e+02 6.229642350115827867e+02 6.445811520374669499e+02 6.661166794814264449e+02 6.866773603115834703e+02 7.009206261659960546e+02 7.358943866667646034e+02 7.935854554594152432e+02 8.192953052830458773e+02 8.263218038990678451e+02 8.237961391353726412e+02 8.154339297680946856e+02 7.895275505941501706e+02 7.452275464385705845e+02 6.891278810584817620e+02 6.266503870231524616e+02 6.871741935984599650e+02 7.424958912775343833e+02 7.868751035603373793e+02 8.121460318027831136e+02 8.075564679201042964e+02 7.753869105713770296e+02 7.264455341809156153e+02 6.683346369454208116e+02 7.257276169331764777e+02 7.714870868753113200e+02 7.975990266112153222e+02 8.026391904880505308e+02
8.560543409031994315e+02 8.597700889339298556e+02 8.380378763943948570e+02 8.010160409243567301e+02 7.554262067129891420e+02 7.059740755270007639e+02 6.521973240774686928e+02 5.954266900704701584e+02 5.776500676429785699e+02 5.608062458207548389e+02 5.794314329421383718e+02 5.993943261795276385e+02 6.209298126727970839e+02 6.447504239747003112e+02 6.719358742565060538e+02 7.357741059201671305e+02 7.769396409461338635e+02 7.874480199170951664e+02 7.832819286250795585e+02 7.738414601699361128e+02 7.727419277254274448e+02 7.599785452002200827e+02 7.268768028146301958e+02 6.762599454972963713e+02 6.155492377920641047e+02 6.762030494093163497e+02 7.303004944337164943e+02 7.723175789462201237e+02 7.939984415310003669e+02 7.905630416546788410e+02 7.614907114178803340e+02 7.151324931443049309e+02 6.585748644335999415e+02 7.100354711551691480e+02 7.462693848563541223e+02 7.591459102213406140e+02 7.573430106407363382e+02
8.237316002470901140e+02 8.437159281118326817e+02 8.366999904027668435e+02 8.088759291420658428e+02 7.688485782606702514e+02 7.222911026850874805e+02 6.729325161244078117e+02 6.252907502121095149e+02 5.866785520924495358e+02 5.480393081137357285e+02 5.900967758218860126e+02 6.265347052976588884e+02 6.578067752028168798e+02 6.860874181570773089e+02 7.132827420634084774e+02 7.464779498392684900e+02 7.639800152365403392e+02 7.557305600887248147e+02 7.375351148027305044e+02 7.115881461646885100e+02 7.235470681340996180e+02 7.223665915359857763e+02 7.025064851536844799e+02 6.604311891487946014e+02 6.045447586633531500e+02 6.634473789188268711e+02 7.142172896749705160e+02 7.513281086194342606e+02 7.677465064155242089e+02 7.672221257135531687e+02 7.453674006262320972e+02 7.036517231525040188e+02 6.488782678910054074e+02 6.924522386517750192e+02 7.154691602940663415e+02 7.149286153442495788e+02 7.108807847757425407e+02
7.927603212236600712e+02 8.202348763126043423e+02 8.236509008833284042e+02 8.064739317024600496e+02 7.733704370699680339e+02 7.306695331571228280e+02 6.829001377077348707e+02 6.336239312668009234e+02 5.850814915160908640e+02 5.355243794290431651e+02 5.852889187775205073e+02 6.301609827607314855e+02 6.691419052928772544e+02 7.016714631636103832e+02 7.268480462991044533e+02 7.426407055878092933e+02 7.418616864490876424e+02 7.221133067698243622e+02 6.928682631779579424e+02 6.482352007919726020e+02 6.737486666588589515e+02 6.814361947525807182e+02 6.736618755231245359e+02 6.432288840099349727e+02 5.936341974428272579e+02 6.495907697012730750e+02 6.942819105354889189e+02 7.223968720666400714e+02 7.332299840794011061e+02 7.346919150119817914e+02 7.222404423276104808e+02 6.895910147702470567e+02 6.392230390482498024e+02 6.694227577555021753e+02 6.792546207236116516e+02 6.619919290470854776e+02 6.704622351548786128e+02
7.718046279177495990e+02 7.922822333085858872e+02 7.978121229941331194e+02 7.897017406390343695e+02 7.662964014532852843e+02 7.293115985076042307e+02 6.835866559638267290e+02 6.327111218933675900e+02 5.789818954264220565e+02 5.232910850895519843e+02 5.775532424116290713e+02 6.263157940788105407e+02 6.674027086044665111e+02 6.984068295281595056e+02 7.161258881662438398e+02 7.203948923459946627e+02 7.114914155135987812e+02 6.879127279520458842e+02 6.585318945595168998e+02 6.074853928474351505e+02 6.286927990032982052e+02 6.385661034227241544e+02 6.382240801603639966e+02 6.213947277446117141e+02 5.827847817868859011e+02 6.318756097085465626e+02 6.652190100191538704e+02 6.830240208238062678e+02 6.905407055531717333e+02 6.939506131231394193e+02 6.891100950076144045e+02 6.697243674763462877e+02 6.295882738798435412e+02 6.367319496462721418e+02 6.451302789453139894e+02 6.535480349765319943e+02 7.110150426338136640e+02
7.464373526490040831e+02 7.574681814961777491e+02 7.613867516890437628e+02 7.575633122971848934e+02 7.440919587076684820e+02 7.169119726126655223e+02 6.762045304940129427e+02 6.263120019003872585e+02 5.705330982916626681e+02 5.112770485388877546e+02 5.672997996607600726e+02 6.158509608229799142e+02 6.537841033089131315e+02 6.772679627850496900e+02 6.869268463792280954e+02 6.860555420374821551e+02 6.750125909639878046e+02 6.519398515467230482e+02 6.228331238310823892e+02 5.690021554568306783e+02 5.841332917698140363e+02 5.930077363218545088e+02 5.972928943584778381e+02 5.934856561475625085e+02 5.719804810742479049e+02 6.059487155217295822e+02 6.245111611193289036e+02 6.351621832908363103e+02 6.411637644350840901e+02 6.464956298864407245e+02 6.484192364591657451e+02 6.433314531512760368e+02 6.199738264997888564e+02 6.283464877566658515e+02 6.820510516016861402e+02 7.199284924956428995e+02 7.639801305286908928e+02
7.107754344886132003e+02 7.150110456498597387e+02 7.164332839582983752e+02 7.141948862988461997e+02 7.069704518340325876e+02 6.908025713683105096e+02 6.601273794534896524e+02 6.150270829492044413e+02 5.601920740366840619e+02 4.994293065132018228e+02 5.539123997595175979e+02 5.975183782089607121e+02 6.262996133323821368e+02 6.409713723496960256e+02 6.461501331939691681e+02 6.440527368294019652e+02 6.347012610763218845e+02 6.157525262881425760e+02 5.897005362841741771e+02 5.324132381366000573e+02 5.381461968232345043e+02 5.438918474770442799e+02 5.496502840456520289e+02 5.554179111687931254e+02 5.611910753918998580e+02 5.676626996346275291e+02 5.741424560735430305e+02 5.806331092985773239e+02 5.871374703938558923e+02 5.936639680123751077e+02 6.002100422730017044e+02 6.067730530153302198e+02 6.133474355622074654e+02 6.529099015838148716e+02 7.127541536168965877e+02 7.621139491738832703e+02 8.066400979361324062e+02
6.672373878072052094e+02 6.666651854425923602e+02 6.653535597725999651e+02 6.628388886587204070e+02 6.597170449739599007e+02 6.514637223164363604e+02 6.329087818571864545e+02 5.977915953710853501e+02 5.474579442867799344e+02 4.877013775222862364e+02 5.356382353927654094e+02 5.679004851344153622e+02 5.856717383345647931e+02 5.946585499164547173e+02 5.980272674513903439e+02 5.971726014351098684e+02 5.919850363001309006e+02 5.806256678128978592e+02 5.668002737491948437e+02 5.267160357155863721e+02 5.538656145281834142e+02 5.687858639045789459e+02 5.783548301624523447e+02 5.863163211643742443e+02 5.939669801848771158e+02 6.020966082492301439e+02 6.111962015032149793e+02 6.223603609418669294e+02 6.313290935403314279e+02 6.400945761336595297e+02 6.488275418393856171e+02 6.586385054458733066e+02 6.722777246116057768e+02 6.980968584865753428e+02 7.450737837184118462e+02 7.910814899686572517e+02 8.343494198488078837e+02
6.187072990855945136e+02 6.148585335862649117e+02 6.106109925842575876e+02 6.056262816703280123e+02 6.058702325379117610e+02 6.036207584103788122e+02 5.942659738750541010e+02 5.721314966064700229e+02 5.306878307680136686e+02 4.760511194827273016e+02 5.086669904715282655e+02 5.260315775112017036e+02 5.358975893755253992e+02 5.417628774727702421e+02 5.452640712017654323e+02 5.470549058046470918e+02 5.470289738389946024e+02 5.441066626240242385e+02 5.429912507758264155e+02 5.210241324511582661e+02 5.493954416473552556e+02 5.654379980105513823e+02 5.767042697431356828e+02 5.864862888456136716e+02 5.959953624500259366e+02 6.059655877992784099e+02 6.176661231075922842e+02 6.395403348143971698e+02 6.553146058247821202e+02 6.672142752429773509e+02 6.780163532244038151e+02 6.897749096575205385e+02 7.052295776347125411e+02 7.295790684111824476e+02 7.663897360804658092e+02 8.070651012248123379e+02 8.478111283284080173e+02
