_codes/_figurecodes/_data/highRvar/steadystate/20m_HalfMtrThresh_Diffusion_Tc5/topographic_elevation_depth20m_tc5.asc
ncols 200
nrows 200
xllcorner 0.0
yllcorner 0.0
cellsize 50.0
[rows 17 to 33 of 200, columns 37 to 73 of 200]
9.303054862614677631e+02 9.206395051582220503e+02 9.101507539630665633e+02 8.956240819434594869e+02 8.780715903420590394e+02 8.535010517112356183e+02 8.210155104566619002e+02 7.791771478246508877e+02 7.289056123013332353e+02 7.830638581055829945e+02 8.367481947655838894e+02 8.894407563831586003e+02 9.404097170655008995e+02 9.883358886571584208e+02 1.030914769492596861e+03 1.065038211886252157e+03 1.090509163208742848e+03 1.106661087344451062e+03 1.116994610239886697e+03 1.121454663338952741e+03 1.117011644166061160e+03 1.105762344454130016e+03 1.094529374014222412e+03 1.113718808153668078e+03 1.148781372601934891e+03 1.186913882229547880e+03 1.225442637475387073e+03 1.261599646207253272e+03 1.291039941272350006e+03 1.305976419635459933e+03 1.300514688328798456e+03 1.271845719937782860e+03 1.227618574137040468e+03 1.174824125035015413e+03 1.118410062724311729e+03 1.061401938606826434e+03 1.005369658710936164e+03
9.845679723198705915e+02 9.720848298497747919e+02 9.571727957873334844e+02 9.354907360471337370e+02 9.070474096163961804e+02 8.697851260668695659e+02 8.260335494466861519e+02 7.766182927721612259e+02 7.227335291914133677e+02 7.745318575004224613e+02 8.280591182069758815e+02 8.824440184577171067e+02 9.372223878986401360e+02 9.905096821227898545e+02 1.040229825312196226e+03 1.083770561267410130e+03 1.118335151544609744e+03 1.139156925018318589e+03 1.146090095544838960e+03 1.138601828709365464e+03 1.115196806458852507e+03 1.079669503458238069e+03 1.032499481150350448e+03 1.074566922614167652e+03 1.126886089323985743e+03 1.175740649315433529e+03 1.222170610390161983e+03 1.264452290730362620e+03 1.298361730167029464e+03 1.316476066252517512e+03 1.307787127741264840e+03 1.275307287096138907e+03 1.228118167970951617e+03 1.172962329507885670e+03 1.114444742295344895e+03 1.055424644481188125e+03 9.974958747709014233e+02
1.026005392467723595e+03 1.008746240368647477e+03 9.860925798839881509e+02 9.545703124236299573e+02 9.163055162071344739e+02 8.718926828939204370e+02 8.227393063935547843e+02 7.702986779599521014e+02 7.165912492147919011e+02 7.658396579356013945e+02 8.176384247625054513e+02 8.724880353255301770e+02 9.306584270692983409e+02 9.876454330644405673e+02 1.041884722068608653e+03 1.090692405820654585e+03 1.130241838662857390e+03 1.154952829274757050e+03 1.157576396259973762e+03 1.137251528829702693e+03 1.100903888133640976e+03 1.053188156111048784e+03 9.967460928772976558e+02 1.049892921084421459e+03 1.104576725599799374e+03 1.158654531318280533e+03 1.210642278983768165e+03 1.257969260936987212e+03 1.295967737126374686e+03 1.316802195852643536e+03 1.308227870579185037e+03 1.274369508527155403e+03 1.225500278917813603e+03 1.168682143975318695e+03 1.108549306737444340e+03 1.047936435965340024e+03 9.893295592787249007e+02
1.045245752610562249e+03 1.021952076839470124e+03 9.929993680770758147e+02 9.571201076325910435e+02 9.151427784217489716e+02 8.678770994419514864e+02 8.165224725860368835e+02 7.622831352605654729e+02 7.104849981742778482e+02 7.597333143597381877e+02 8.115320149821573068e+02 8.663816194115414646e+02 9.249754767669526245e+02 9.839328399973086334e+02 1.040889980231441314e+03 1.092580226076398958e+03 1.134264487401609131e+03 1.158914548930359842e+03 1.156111288619428251e+03 1.127639770140510109e+03 1.083127694688004112e+03 1.028559321914380689e+03 9.677589964593942113e+02 1.022608373473165557e+03 1.080510324359517654e+03 1.138408744281181043e+03 1.194487127177254479e+03 1.245782796301695271e+03 1.287288530889519961e+03 1.310854061518818980e+03 1.303909873641311833e+03 1.270100144177414450e+03 1.220564695278108957e+03 1.162787690739121217e+03 1.101590874565532431e+03 1.039889903182820944e+03 9.812836116940043212e+02
1.035596740920507955e+03 1.012778013071203986e+03 9.855396672182286011e+02 9.507369394603321098e+02 9.099197171137190026e+02 8.634709648091670715e+02 8.127055544357370991e+02 7.590193722287314131e+02 7.044184495520895553e+02 7.536666725691380861e+02 8.054653037723751368e+02 8.603148950325086162e+02 9.189100851812822839e+02 9.797612076169400552e+02 1.038563117344590410e+03 1.091671821301997852e+03 1.133653807412820925e+03 1.156387518417935098e+03 1.148033588542799407e+03 1.113731427135278864e+03 1.064042805205129298e+03 1.005588482016118519e+03 9.425644742660596194e+02 9.974142841987309112e+02 1.056009282257453151e+03 1.116923751527925333e+03 1.176044336814557937e+03 1.230382508424693697e+03 1.274793353884735780e+03 1.301001848167109983e+03 1.296407940462905117e+03 1.263516003316213755e+03 1.214072611095552020e+03 1.155941151308221833e+03 1.094194524683182181e+03 1.031952712742028325e+03 9.733469811814634340e+02
9.996148974882881930e+02 9.783054587781216469e+02 9.560893859162148374e+02 9.283203679304760954e+02 8.948213206905143124e+02 8.534099453288999939e+02 8.063237856518410354e+02 7.542493449878782030e+02 6.983864818191327686e+02 7.476346103664255907e+02 7.994331692186228793e+02 8.542827407487587834e+02 9.128779713001126765e+02 9.762346437184357910e+02 1.036309874282671444e+03 1.089799873764942049e+03 1.130765923577753711e+03 1.150162436647709455e+03 1.136057449644943972e+03 1.097246763115644399e+03 1.044264240712487663e+03 9.837661346134425457e+02 9.198920896653335149e+02 9.747422610037324375e+02 1.033337575628870127e+03 1.095856334983835040e+03 1.156931096392293739e+03 1.213428785842518437e+03 1.260114277704132974e+03 1.288720707424835609e+03 1.286790152634659989e+03 1.255401817732673862e+03 1.206643448658214993e+03 1.148624806485488307e+03 1.086650233887513650e+03 1.024114950265312018e+03 9.655097544038130764e+02
9.474962777168165076e+02 9.273209770384642070e+02 9.077989722468978471e+02 8.853030097233940978e+02 8.607225144449314485e+02 8.299037154338880100e+02 7.922978637272931337e+02 7.460950690584334097e+02 6.923842424630674941e+02 7.440720990932269387e+02 7.979908870542778914e+02 8.548216211576619799e+02 9.144977955508314835e+02 9.760648447297774055e+02 1.035668330746898391e+03 1.088523478366232894e+03 1.127404863780271853e+03 1.141123162495577617e+03 1.120763156770250589e+03 1.078472053632983034e+03 1.023553447554496756e+03 9.623577784291823036e+02 8.990584603631548362e+02 9.539088982477127274e+02 1.012504528482181058e+03 1.075743550249976806e+03 1.137967795833671971e+03 1.195871948705322893e+03 1.244181873078789977e+03 1.274784123515159081e+03 1.275602971548078585e+03 1.246266611409225106e+03 1.198795045566794215e+03 1.141298398508851733e+03 1.079185548196804803e+03 1.016372582739734753e+03 9.577678989481503322e+02
8.866489507507852750e+02 8.670638599189600200e+02 8.486883555174316598e+02 8.292049053846781135e+02 8.095388537811295464e+02 7.868901965606569320e+02 7.617665186530409756e+02 7.293712241095125819e+02 6.864050258105506828e+02 7.382027650780819386e+02 7.930519731136196242e+02 8.514679326879521568e+02 9.121888113516077965e+02 9.737096666297944694e+02 1.032896374437326585e+03 1.084702337073573744e+03 1.121214649997759807e+03 1.130305104137038370e+03 1.105987454844188505e+03 1.061105117580098295e+03 1.004731533801151727e+03 9.429719549732598125e+02 8.797495062693815271e+02 9.346001118203674878e+02 9.931960243976119500e+02 1.056553356069452093e+03 1.119496169922996387e+03 1.178181379942925787e+03 1.227367928264812008e+03 1.259279668090146970e+03 1.262685857112110625e+03 1.236289862704957159e+03 1.191038456303824205e+03 1.134694386011590268e+03 1.072092942554660794e+03 1.008721847416592254e+03 9.501176527408214270e+02
8.222071357367877908e+02 8.027941331315595335e+02 7.841674005773951421e+02 7.660656309363813534e+02 7.484425581332832280e+02 7.311162231339570781e+02 7.140706032128640572e+02 6.972258906091215067e+02 6.804464880264245039e+02 7.322441208093745217e+02 7.870932483825238251e+02 8.456886854505914926e+02 9.076105064933766471e+02 9.694943219640867937e+02 1.028400424568774724e+03 1.079161714809891464e+03 1.113500278393510143e+03 1.118843640886966568e+03 1.091613553582635404e+03 1.044755023144464303e+03 9.872259481725598107e+02 9.249482623220952746e+02 8.616472536724821794e+02 9.164979371364365761e+02 9.750940825225803792e+02 1.038451633588003233e+03 1.101824063901123054e+03 1.160641164768641147e+03 1.209637582294458298e+03 1.241465721943766766e+03 1.246423995557138596e+03 1.225134678368280447e+03 1.183849159222284470e+03 1.130665256615518729e+03 1.071057665865384479e+03 1.009493557868582116e+03 9.493247448139670723e+02
8.888671069018273556e+02 8.681229579352858536e+02 8.479723211390877395e+02 8.260543763405598838e+02 8.039060965523153754e+02 7.783977663458030065e+02 7.502479489969755377e+02 7.167410648287727781e+02 6.747187250465226498e+02 7.265162513523147254e+02 7.813652982067151243e+02 8.399607010794993585e+02 9.022581939242103317e+02 9.642515900760769227e+02 1.022808951380060876e+03 1.072564154253922197e+03 1.104971899257267751e+03 1.107186647158199776e+03 1.077618537726217255e+03 1.029166180994007391e+03 9.706684916794258697e+02 9.078911177822690206e+02 8.445321821520906269e+02 8.993828667403814734e+02 9.579791885519415473e+02 1.021336955782099835e+03 1.085470077117421170e+03 1.143637424211159669e+03 1.190798350910212093e+03 1.219661168609618244e+03 1.222267347915434129e+03 1.206910813160638327e+03 1.172177688828254077e+03 1.124176052982812735e+03 1.067821901376045389e+03 1.007103581542059374e+03 9.444082587482594136e+02
9.508029955682600303e+02 9.266580845086818954e+02 9.017819091961356435e+02 8.728362416045094960e+02 8.410257998424757488e+02 8.036939112843643898e+02 7.630246183018126658e+02 7.184346705191856017e+02 6.690088941794491575e+02 7.208063100865422257e+02 7.756552731402491645e+02 8.342506368538507786e+02 8.966054187523816381e+02 9.584969304052910957e+02 1.016610466450279091e+03 1.065382332009973879e+03 1.096045274266183696e+03 1.095542523908303338e+03 1.063986246153471484e+03 1.014184406146268657e+03 9.548485482593341658e+02 8.916039218855785293e+02 8.282450303608015929e+02 8.866249452377273883e+02 9.475258450249286852e+02 1.010330088086518685e+03 1.072191556054685634e+03 1.128011040630361094e+03 1.171108449701669997e+03 1.192089828632103263e+03 1.189814019302044017e+03 1.178477289892352928e+03 1.155005832944149461e+03 1.115520188246352063e+03 1.064307689901508411e+03 1.006258313123570588e+03 9.454023166246169012e+02
1.002779485355407928e+03 9.718112604170238455e+02 9.372792278477083983e+02 8.975563529876046687e+02 8.551845776452622658e+02 8.102389343043320196e+02 7.632587002075405280e+02 7.142721876626421817e+02 6.633220939187341401e+02 7.151193955190983615e+02 7.699682716779091152e+02 8.285635915019681761e+02 8.908429517010853260e+02 9.525193895702677764e+02 1.010129064601235996e+03 1.057933127086595277e+03 1.086973456381918822e+03 1.084012359658968080e+03 1.050688755092771999e+03 9.997040936194362075e+02 9.396355642976888021e+02 8.759737353849976671e+02 8.126149463712348506e+02 8.712115062416588671e+02 9.338171205049973196e+02 9.967587450659088972e+02 1.057159431802075005e+03 1.109890025938524104e+03 1.147203275238758806e+03 1.157936871923282297e+03 1.148241863959511647e+03 1.135739124606573114e+03 1.126170201702577970e+03 1.101299560221618776e+03 1.057964036234654031e+03 1.003670619941153063e+03 9.440154221440758420e+02
1.036673387469114459e+03 9.950114095230752582e+02 9.504088008047962148e+02 9.036334812937944889e+02 8.556281784847045628e+02 8.067360681310500468e+02 7.572507371234364655e+02 7.074205608166216734e+02 6.576614848997764966e+02 7.094586684635389702e+02 7.643074546034672494e+02 8.229027260119431730e+02 8.850688944870834121e+02 9.464958908258734027e+02 1.003583479519367302e+03 1.050431082993220343e+03 1.077911280975078398e+03 1.072629794938099622e+03 1.037672774384032437e+03 9.856283315038585897e+02 9.249281865878361941e+02 8.609198017665547695e+02 7.975611618959569569e+02 8.561575701397243847e+02 9.193354874072160783e+02 9.822712139693718427e+02 1.041276972591483172e+03 1.090582808674436137e+03 1.121315518301457132e+03 1.120522857469298515e+03 1.098725089586611830e+03 1.076341787004529351e+03 1.085439195477185422e+03 1.079309089584360891e+03 1.046689436788314424e+03 9.975864732916563753e+02 9.397449681344756982e+02
1.049834636858005297e+03 1.000896846597088597e+03 9.503757056549966364e+02 8.994342488472424293e+02 8.486529145430602057e+02 7.982409771551539279e+02 7.483326416413451625e+02 6.991030456999386615e+02 6.520300772534972111e+02 7.038271394342478970e+02 7.586758324288829272e+02 8.172710510819716774e+02 8.793571013560916754e+02 9.405691778830901058e+02 9.971533089354023787e+02 1.043042083641875706e+03 1.068953083966584700e+03 1.061367014000320978e+03 1.024837450860762146e+03 9.718324277074513020e+02 9.106189033670397066e+02 8.463769079211417647e+02 7.830184528963684443e+02 8.416146772936854177e+02 9.049733574399700728e+02 9.682536888359585419e+02 1.025901660182383011e+03 1.071712965034354738e+03 1.095739668988733911e+03 1.083571409337035448e+03 1.044550168829556014e+03 9.974714399767192390e+02 1.040044590571908429e+03 1.053385013834071060e+03 1.033630887325188269e+03 9.904502808936837255e+02 9.349746854119865702e+02
1.052312372673620985e+03 9.982443479542880596e+02 9.436584156676323119e+02 8.902872589430797916e+02 8.384227021265484154e+02 7.879416283174133468e+02 7.386930995261392354e+02 6.916194869440115554e+02 6.464307183243550980e+02 6.982276563592404273e+02 7.530762531257115597e+02 8.116714148557306316e+02 8.737982009868310342e+02 9.349157556812805296e+02 9.910475855944698651e+02 1.035934891531280300e+03 1.060152566038732857e+03 1.050117394718777859e+03 1.011996802878485596e+03 9.581151248064769561e+02 8.965475107629165450e+02 8.322914691993778433e+02 7.689332249178585243e+02 8.310231631546570270e+02 8.944375315436168421e+02 9.565489159550063505e+02 1.012481322289141644e+03 1.054859347639262978e+03 1.072285333087812660e+03 1.056743237271237831e+03 1.015278024046816768e+03 9.599689861274093801e+02 1.006360601193246907e+03 1.027322476744626101e+03 1.017678505410074195e+03 9.802399569829839265e+02 9.275639851847565751e+02
1.049115517220135416e+03 9.911532787487657288e+02 9.325588448289905728e+02 8.777098462463014812e+02 8.259112588410577018e+02 7.766624786734960253e+02 7.295883890880307945e+02 6.843989952756667208e+02 6.408644462686800125e+02 6.926612581226438579e+02 7.475097556539025163e+02 8.061048564387259603e+02 8.685499696466996511e+02 9.298441606324022359e+02 9.855936476507515636e+02 1.029337120809121870e+03 1.051515365967740763e+03 1.038646701802645566e+03 9.988231122401723496e+02 9.441230618740202090e+02 8.823817430617948503e+02 8.184874273478908435e+02 7.552279188006502864e+02 8.184038109310065465e+02 8.820132060972624686e+02 9.433466536509835123e+02 9.974481233050220226e+02 1.036331770195337867e+03 1.047790560406170471e+03 1.028901924839708954e+03 9.845669817433835078e+02 9.257139333606355649e+02 9.732443362140487579e+02 1.001946888839521989e+03 1.000968254061418861e+03 9.686374075977978464e+02 9.187497230203161962e+02
1.045172759779734179e+03 9.856208241873436009e+02 9.270263415904684052e+02 8.721773059996745587e+02 8.203787176858438670e+02 7.711299782252029900e+02 7.240559611463107785e+02 6.788666611969117639e+02 6.353322230044769867e+02 6.871289075207920405e+02 7.419773029560136592e+02 8.005723389130463374e+02 8.639296988932195518e+02 9.260056030378251535e+02 9.813650455889440991e+02 1.023610144947774756e+03 1.042909844061338845e+03 1.026482248197092531e+03 9.847909595235450979e+02 9.292943936770428763e+02 8.674040487106428827e+02 8.039716841664001095e+02 7.418703988122294959e+02 8.052281737678001718e+02 8.687529257041643405e+02 9.293032203157677031e+02 9.816344626094853538e+02 1.017244441165268540e+03 1.023243449404509988e+03 1.000611893833285421e+03 9.544863976272678201e+02 8.954327452562509961e+02 9.471013401963263050e+02 9.809384956773835711e+02 9.850302285577463408e+02 9.567169392020136911e+02 9.093839077470636312e+02
