_codes/_figurecodes/_data/highRvar/steadystate/20m_HalfMtrThresh_Diffusion_Tc5/topographic_elevation_depth20m_tc5.asc
ncols 200
nrows 200
xllcorner 0.0
yllcorner 0.0
cellsize 50.0
[rows 85 to 101 of 200, columns 148 to 184 of 200]
6.340222658627384362e+02 6.251627642289406595e+02 5.989571663048302526e+02 6.030178685205322608e+02 6.547729574395640384e+02 7.092574787190692405e+02 7.659308649570058378e+02 8.235720327800765972e+02 8.797204801263252421e+02 9.301525601395813965e+02 9.679108079981691617e+02 9.833295946947550874e+02 9.810508684858573361e+02 9.596207896179358841e+02 9.107044234642315814e+02 8.452346326094548203e+02 8.109839853160061693e+02 8.259475018296751614e+02 8.777433189491323446e+02 9.293369352418729932e+02 9.806563944706915663e+02 1.032655538863508582e+03 1.084403731313027038e+03 1.133892815796642253e+03 1.178342408279744404e+03 1.213777926105000233e+03 1.234980128738935264e+03 1.240961587242739597e+03 1.234642657515101291e+03 1.210305906876718836e+03 1.169153394176112670e+03 1.118120495432810912e+03 1.063702929592205237e+03 1.009766667706116095e+03 9.550909979259662350e+02 1.002482572684471165e+03 1.049983809792159946e+03
6.090251837920933440e+02 5.908500178302713266e+02 5.949010324864361792e+02 6.432262755168776494e+02 6.936992602138602706e+02 7.463518499162553326e+02 8.008292417382547228e+02 8.561664436398291400e+02 9.103919907021893323e+02 9.599175624068116122e+02 9.985274350363623626e+02 1.015933461606155902e+03 1.011445036739962575e+03 9.844076430319064457e+02 9.270119718962337174e+02 8.818243614260438790e+02 8.650833545545042398e+02 8.413276634366274038e+02 8.799850245827473145e+02 9.191321599853461066e+02 9.667012382084297997e+02 1.018720599007500255e+03 1.073132260503881980e+03 1.127364790708685405e+03 1.178434108609418672e+03 1.222528992756659363e+03 1.254369208597529905e+03 1.266889084465473161e+03 1.256656161295446509e+03 1.223424155754142248e+03 1.174539699819861426e+03 1.117344687124074653e+03 1.061198088038142714e+03 1.015121030735292152e+03 9.700542550370058734e+02 1.008009414574567131e+03 1.046255603047432714e+03
5.827593065206636993e+02 5.868018373013982227e+02 6.320368078778832341e+02 6.789509284079852023e+02 7.276190610767922635e+02 7.780146858298893449e+02 8.298511319919201696e+02 8.824060040948480719e+02 9.342286968075255800e+02 9.825618049876695750e+02 1.022270588160373336e+03 1.044313109130550401e+03 1.042343855380283685e+03 1.018551155849142447e+03 9.762575023497680604e+02 9.387690575373931097e+02 9.044464413699747638e+02 8.572195647370521101e+02 8.741298631747284844e+02 8.917520886734341730e+02 9.435474458127926027e+02 9.983930547856683688e+02 1.056984196732985538e+03 1.115936622636267202e+03 1.172383081118694918e+03 1.222999863085598236e+03 1.262280534544801412e+03 1.282190790610321301e+03 1.271414859587766159e+03 1.233835160365500542e+03 1.178134830537776679e+03 1.108460283888565527e+03 1.038749710262800590e+03 1.011233980557071050e+03 9.857863828467480971e+02 1.005093401199442951e+03 1.025292176731464679e+03
5.787184647029165490e+02 6.210333638044634199e+02 6.646582662686880667e+02 7.095842281702346099e+02 7.558091579997316103e+02 8.032424428497770350e+02 8.516155874325505692e+02 9.004205009198360585e+02 9.488398731358006444e+02 9.952783210232372539e+02 1.036015568359837971e+03 1.064436765035923599e+03 1.071016570001404716e+03 1.056452255073067136e+03 1.026305222881687769e+03 9.915291146700880063e+02 9.535032562220667387e+02 9.090152012064534119e+02 9.158163069692755016e+02 9.101089777933652840e+02 9.294162116743186743e+02 9.842618535972102336e+02 1.042852995050728168e+03 1.104526146088860969e+03 1.165269624395034270e+03 1.221438369816269187e+03 1.266713756244511842e+03 1.292119704515214380e+03 1.284443500459613915e+03 1.247073503128983702e+03 1.191463585900218277e+03 1.127096120344665451e+03 1.068144623019912160e+03 1.060255795102107186e+03 1.044377430844579749e+03 1.052401257157777081e+03 1.046680579947321803e+03
6.108864679468126724e+02 6.517399917829906144e+02 6.933762569556042763e+02 7.357941473261704459e+02 7.789490402223362935e+02 8.226818809131441412e+02 8.666524421328332437e+02 9.104525917148465624e+02 9.541473317096683786e+02 9.981792227503884760e+02 1.039922930676959368e+03 1.074147206296196828e+03 1.092660642859049176e+03 1.089902869598585994e+03 1.070660131205843982e+03 1.041537865093166374e+03 1.005280438887377386e+03 9.638610359037813851e+02 9.646653526357901001e+02 9.587098345423399905e+02 9.496151671744795522e+02 9.711508843395690747e+02 1.029742022779724266e+03 1.093094879306828034e+03 1.158133344430999841e+03 1.220197140114533113e+03 1.271037869813627367e+03 1.301569749523249357e+03 1.298573607320516658e+03 1.263218842684406582e+03 1.206918405035695287e+03 1.134902069721869793e+03 1.099928501230375105e+03 1.111534581247114829e+03 1.107730249071458957e+03 1.108680576885164101e+03 1.105271565222940580e+03
6.395828141504530322e+02 6.782640659497094475e+02 7.172050300684111335e+02 7.563146907889922659e+02 7.955226734378495621e+02 8.345633295858867768e+02 8.727662984394038403e+02 9.092149633941971842e+02 9.451824406863088370e+02 9.866341646524022053e+02 1.029732114804568027e+03 1.069692274751143259e+03 1.100322361218056130e+03 1.114125766184816030e+03 1.108314056525494834e+03 1.088321139212297339e+03 1.058052261522562276e+03 1.022452304819593905e+03 1.018259570899619121e+03 1.009989257730014629e+03 9.988605072530485813e+02 9.938211380572291773e+02 1.018527318119127585e+03 1.081880144055520759e+03 1.151590827427980912e+03 1.222457774434229350e+03 1.278230042148905341e+03 1.313200944101940195e+03 1.315686502875636279e+03 1.285279226314485641e+03 1.234906097823148002e+03 1.173385468615519812e+03 1.168312024145048554e+03 1.171459997167944493e+03 1.170158849440111226e+03 1.167905780442602463e+03 1.164494868051224103e+03
6.649041945849443209e+02 7.004954892394111994e+02 7.358509674262010094e+02 7.705787903313240577e+02 8.048049465475088482e+02 8.382086822208182184e+02 8.693389099102945465e+02 8.942660015124150732e+02 9.145187675966149072e+02 9.581831506147561868e+02 1.005426938870578738e+03 1.052067429747476581e+03 1.093465367784646560e+03 1.123894379268233934e+03 1.136534056641166899e+03 1.130087735932359465e+03 1.110127229250447499e+03 1.085805246562098773e+03 1.075123534471445282e+03 1.063774018793914820e+03 1.050655340565397864e+03 1.043066327373977629e+03 1.044796093684792140e+03 1.106936739432169816e+03 1.171935695799804762e+03 1.236119443543554553e+03 1.290962805269211458e+03 1.327786714296022865e+03 1.334331307566560781e+03 1.309730307251754766e+03 1.266164060998932200e+03 1.216918580799853316e+03 1.227733139148862620e+03 1.230804060916755134e+03 1.229826946143234863e+03 1.225960586083838962e+03 1.220616439999082331e+03
6.775924776282223547e+02 7.082308882750816110e+02 7.383493761824121293e+02 7.660686033394875949e+02 7.928497431240124342e+02 8.185009956600774785e+02 8.411207370013812579e+02 8.560001262601358576e+02 8.585456907583566135e+02 9.148270967126230744e+02 9.698002159335520673e+02 1.024298340671659162e+03 1.075770278247549413e+03 1.120059471390434965e+03 1.151529100842472189e+03 1.163759455706865083e+03 1.157302907181177261e+03 1.143647306493629003e+03 1.131611848569936228e+03 1.118644329331801828e+03 1.104229760790552064e+03 1.089996979995793708e+03 1.073014509458036855e+03 1.128438503837935968e+03 1.190700262524182335e+03 1.252405550394024203e+03 1.306047114184290194e+03 1.343882900771110599e+03 1.356386801291600932e+03 1.343599303547063755e+03 1.316819639133788087e+03 1.290339398384029664e+03 1.286018591623758766e+03 1.285168835928964427e+03 1.283538109140468578e+03 1.279455038200779654e+03 1.274811718340781908e+03
6.666736610076658280e+02 6.894223043957439359e+02 7.117823053112894058e+02 7.324829429632194433e+02 7.540607250596787026e+02 7.754670251974799839e+02 7.953155691695898213e+02 8.103601489063586314e+02 8.164800452648196369e+02 8.713262598311197280e+02 9.299180158547836754e+02 9.916363872479734027e+02 1.052345345875764906e+03 1.108603257805813428e+03 1.154843044426069810e+03 1.186107974271860257e+03 1.196541676624406591e+03 1.193713175199548232e+03 1.185169626443722564e+03 1.172712614665055980e+03 1.156772334877778121e+03 1.136404015431203334e+03 1.103767164213194292e+03 1.138740751326133932e+03 1.206212272399378890e+03 1.268862792379475650e+03 1.320740000087597082e+03 1.356902834242750714e+03 1.371945446695157898e+03 1.366071173844958366e+03 1.349746960592900678e+03 1.333559709259939382e+03 1.326654836831903140e+03 1.324434638865797069e+03 1.323563045829361045e+03 1.321584572073267509e+03 1.320278921482232363e+03
6.280315564024479045e+02 6.452145290489227136e+02 6.628363323611720261e+02 6.809367094526587607e+02 6.996544455270581011e+02 7.190658312946030719e+02 7.392647027965496136e+02 7.602310989552503315e+02 7.822296114256803321e+02 8.370758225467985767e+02 8.956677067564473873e+02 9.590211758796709773e+02 1.028732198082410150e+03 1.096608070043033877e+03 1.153567092582518171e+03 1.198314442121096363e+03 1.226227353282818513e+03 1.235869915638552811e+03 1.234211520046278565e+03 1.225009341206260387e+03 1.210065634432973411e+03 1.189649656743818468e+03 1.162358248656798878e+03 1.178303460335884665e+03 1.225374620691677819e+03 1.288652463734476441e+03 1.334168048437123161e+03 1.361913330615831228e+03 1.370140970325657690e+03 1.364047975718296584e+03 1.352162666898853786e+03 1.341202509748939974e+03 1.335308598451377748e+03 1.334507023703641153e+03 1.337162743757718545e+03 1.341553712546032330e+03 1.346044369058539587e+03
6.915593219817975523e+02 7.084206790393094479e+02 7.254563886757271121e+02 7.426837947552010064e+02 7.601101926698346460e+02 7.776765208336805699e+02 7.951971098160714746e+02 8.086270815971888624e+02 8.116250152124684973e+02 8.491220351462004601e+02 9.039681599015552820e+02 9.625597608231269078e+02 1.025912934234059094e+03 1.090509377252286640e+03 1.149784924130775835e+03 1.201627716700794281e+03 1.242557044328056691e+03 1.267882009764914983e+03 1.276648947120717139e+03 1.273930245279809697e+03 1.263126164731970903e+03 1.246510614275854550e+03 1.225711331632240444e+03 1.248014438232283283e+03 1.280329042566018416e+03 1.318964890588537401e+03 1.345469932638118507e+03 1.353877598137728683e+03 1.347706099600089829e+03 1.335547599786305682e+03 1.322099393174191164e+03 1.311929646237390671e+03 1.306721496790116134e+03 1.308044553347279816e+03 1.314331845088752743e+03 1.325411393846036162e+03 1.337077335956277693e+03
7.518107194467334011e+02 7.681347880725243158e+02 7.842656738361034741e+02 8.001620550820849758e+02 8.156862304072698180e+02 8.306051089861048240e+02 8.445985915685714644e+02 8.532088211129618003e+02 8.551587221763772959e+02 8.866298985366917123e+02 9.280608335211531994e+02 9.761276968867877031e+02 1.029893466492505922e+03 1.087096031146260202e+03 1.144369931154001506e+03 1.198850267251350260e+03 1.247314084144369644e+03 1.285778392325554023e+03 1.309257868957195797e+03 1.316726037960657095e+03 1.313298044834358507e+03 1.303887491501342765e+03 1.295422461172672001e+03 1.308384485872468758e+03 1.326576364961639911e+03 1.341822987829906197e+03 1.341844364403428017e+03 1.327374593342533899e+03 1.308415801659020872e+03 1.288962872827683668e+03 1.271299271866990466e+03 1.260513009336842288e+03 1.254693869515925144e+03 1.258565249353672471e+03 1.267441119656804403e+03 1.282323479416701730e+03 1.297789867344597724e+03
8.037364014857649863e+02 8.191947404750590067e+02 8.340247728217838130e+02 8.480807638908178205e+02 8.610030780114493609e+02 8.722529226471685888e+02 8.813208279696056024e+02 8.842862202852113569e+02 8.839349046656881228e+02 9.055894015190126538e+02 9.382991902969620241e+02 9.795743961336911525e+02 1.027506873610665480e+03 1.080151837152733151e+03 1.135314289467810113e+03 1.190676853474144536e+03 1.243546699586331897e+03 1.290533929655223574e+03 1.327437760540719182e+03 1.349273161675529991e+03 1.355881018585985885e+03 1.353921560292986896e+03 1.351254676046691884e+03 1.354991889130781828e+03 1.356299152614949890e+03 1.345285941753250881e+03 1.318351030791372750e+03 1.284336136684687290e+03 1.256771006747603224e+03 1.230928011229493677e+03 1.206955867025420957e+03 1.197066094385349970e+03 1.187584564633579930e+03 1.196406493971795271e+03 1.206335969807741321e+03 1.224366342861014346e+03 1.240490910276503428e+03
8.394238609268218170e+02 8.535393645300130174e+02 8.666299480242488471e+02 8.783705133998274732e+02 8.880329025985090539e+02 8.943674374017701894e+02 8.952791918748309854e+02 8.876446471550729029e+02 8.771096057688416749e+02 8.928609020299452368e+02 9.275083710690196312e+02 9.690078661482256166e+02 1.015900101397744720e+03 1.067074336692712222e+03 1.121433797489173003e+03 1.177540590678155922e+03 1.233448502112744109e+03 1.286175721329551152e+03 1.331948624064212709e+03 1.366573211684052012e+03 1.385787001884944402e+03 1.390999289491765467e+03 1.389893965384527519e+03 1.384665157841713835e+03 1.366713270297407234e+03 1.331843623644280569e+03 1.281428602870897294e+03 1.225528608583334744e+03 1.197833413448715874e+03 1.167710840442457538e+03 1.137245049650155352e+03 1.131238861923560762e+03 1.117873789246817523e+03 1.130968875373176161e+03 1.136886318845017513e+03 1.161160926324944739e+03 1.173339819056772285e+03
8.469527166554398718e+02 8.591012628859424467e+02 8.700685468084675449e+02 8.792580855560182727e+02 8.855130594856268544e+02 8.868237578317878160e+02 8.796180273907193623e+02 8.609159950196799400e+02 8.221992828035298544e+02 8.551401157401735418e+02 9.003277858461324286e+02 9.473992611790320097e+02 9.966447376099695248e+02 1.048439707416675446e+03 1.103244686824271412e+03 1.160522307874183070e+03 1.219369585509276249e+03 1.276488102670736225e+03 1.327852242623304619e+03 1.369626296006191978e+03 1.398097798523801885e+03 1.410471438628586611e+03 1.409498470202733643e+03 1.395398812547095531e+03 1.364515914307051162e+03 1.316372465277235051e+03 1.248168428167288312e+03 1.178457449536200102e+03 1.138894744663158690e+03 1.104644869496590900e+03 1.073892218452258476e+03 1.071019361085445553e+03 1.054520943508293612e+03 1.070882898496698999e+03 1.073533488299281316e+03 1.103810540120149199e+03 1.136750777785412538e+03
8.218766675103603347e+02 8.327089650583152434e+02 8.426084637159506201e+02 8.508169042605995855e+02 8.560815230758871621e+02 8.563739485069895636e+02 8.485312519793931187e+02 8.312152603161655406e+02 7.914460841785738694e+02 8.343870148283717754e+02 8.795778673990211018e+02 9.266494287638415699e+02 9.758950086006259426e+02 1.027690063293641060e+03 1.082535581574872140e+03 1.141126798505234547e+03 1.204479892235370926e+03 1.266020764722489730e+03 1.320354630920820682e+03 1.364326453342339164e+03 1.394215607142951512e+03 1.406966416500415789e+03 1.405982869231412451e+03 1.391656318860222427e+03 1.360886833118890763e+03 1.315960019299816850e+03 1.260771186821851416e+03 1.204041891686262261e+03 1.153021372272319923e+03 1.100519114396578971e+03 1.045673806393021778e+03 1.019962063828108171e+03 9.959298828283319835e+02 1.019962063828109535e+03 1.045673806393024506e+03 1.104264818490376911e+03 1.158435062618675374e+03
7.770721445528079130e+02 7.873227669969114686e+02 7.970105437162031876e+02 8.054043277982772224e+02 8.113771956303132811e+02 8.131457931900888525e+02 8.081501573305974944e+02 7.965908311755513296e+02 7.657339869889789270e+02 8.109216627373893971e+02 8.579934044532176358e+02 9.072392493939663609e+02 9.590345451798378917e+02 1.013880211193824380e+03 1.072471459189276402e+03 1.134666512459785736e+03 1.197929077470041875e+03 1.258532234655920092e+03 1.311711538828932134e+03 1.352487527963628736e+03 1.375799828425495662e+03 1.382953543214466436e+03 1.381695492249825293e+03 1.373065853930877211e+03 1.351240914740508288e+03 1.314724300980933776e+03 1.268169083744221325e+03 1.216955475528938905e+03 1.164957361256623926e+03 1.112838088995832777e+03 1.062929536716284474e+03 1.020430353237519284e+03 9.786045571827304457e+02 1.020222958512143350e+03 1.062928815064385617e+03 1.114546442865530025e+03 1.169320671313138064e+03
