_codes/_figurecodes/_data/highRvar/nonsteady/20m_HalfMtrThresh_Diffusion_Tc10/topographic_elevation_depth20m_tc10.asc
nrows 200
cellsize 50.0
xllcorner 0.0
ncols 200
yllcorner 0.0
[rows 102 to 118 of 200, columns 74 to 110 of 200]
7.807014129865990526e+02 7.204717216623733975e+02 6.604636976572052163e+02 6.022352302943509130e+02 5.473904355071126702e+02 4.955958090279027033e+02 5.537966352592795829e+02 6.029453927147744707e+02 6.360936412766989179e+02 6.436524276321202933e+02 6.228086668458161057e+02 5.841200649940009271e+02 5.355381281379833354e+02 4.824129266275431860e+02 4.276211404831809091e+02 3.722659686695976120e+02 4.188440030302387527e+02 4.651667514011905951e+02 5.111082313127168959e+02 5.563867201159696378e+02 6.009331605583736291e+02 6.448915304307291763e+02 6.859386707761542539e+02 7.195371471323466039e+02 7.385475312823936065e+02 7.323574231777927253e+02 7.004060158868454664e+02 6.504755407874062030e+02 7.053193689660040491e+02 7.639084623027720227e+02 8.246459743638491773e+02 8.845765622934289922e+02 9.401682125350928345e+02 9.861318747253143329e+02 1.014728564519601946e+03 1.014783272198070222e+03 9.862732800998757057e+02
7.699060845252422496e+02 7.086256170146803015e+02 6.470209641697891811e+02 5.884308045413472428e+02 5.335859309522405738e+02 4.817912697020007613e+02 5.389390160036462021e+02 5.863555619214678245e+02 6.178028943098954642e+02 6.260222308460754448e+02 6.113996988617674333e+02 5.768745111115066493e+02 5.304765951478391344e+02 4.784156002582056999e+02 4.242949174485521553e+02 3.693002821290292559e+02 4.171565410954663093e+02 4.634196831843678410e+02 5.074507316129892160e+02 5.488698134240330546e+02 5.888630382750401395e+02 6.322793028163309828e+02 6.759365705747958373e+02 7.150524912335582712e+02 7.425531413921135027e+02 7.474901628221061856e+02 7.239020248832090374e+02 6.790678974674353867e+02 7.315216307298286438e+02 7.900753245998881766e+02 8.513404848244006189e+02 9.104674771202211332e+02 9.631418292109875665e+02 1.003426411464006833e+03 1.022881629520713432e+03 1.011021786047041701e+03 9.747076231954810055e+02
7.582105444248853701e+02 6.961195894285051509e+02 6.336034607704289101e+02 5.750132127494963470e+02 5.201682727616022248e+02 4.683735884718791453e+02 5.237309218711029644e+02 5.667070478242562785e+02 5.917586958647984829e+02 5.985285042716509452e+02 5.901815404639278313e+02 5.620307094116226381e+02 5.184580712898363117e+02 4.683531169754200505e+02 4.171381721747356437e+02 3.663375960718532269e+02 4.159713014163036746e+02 4.600015382937251047e+02 4.991627719501881870e+02 5.319252532254163270e+02 5.597160280231787510e+02 6.053334076558860488e+02 6.535470502983494043e+02 6.993076502645996015e+02 7.364432153658685820e+02 7.567663821256303436e+02 7.485520912782367304e+02 7.126406977795776356e+02 7.501357971973258145e+02 8.134864169739579438e+02 8.789895032649412769e+02 9.373419437970051149e+02 9.861733048176441798e+02 1.019186282336337740e+03 1.026082035482352921e+03 1.002703694336924968e+03 9.597535070865974376e+02
7.463624049827312774e+02 6.835565766392636533e+02 6.205106266290267740e+02 5.619202961721723568e+02 5.070753017613083102e+02 4.552806038143726255e+02 5.055193216100892073e+02 5.386226889435614567e+02 5.551407282622565162e+02 5.619473377648620271e+02 5.580860057182551373e+02 5.364375016291511429e+02 4.952226667000369389e+02 4.463803677688249536e+02 3.997171912592891090e+02 3.633765030371742455e+02 4.066463527985875430e+02 4.409792558285859627e+02 4.695390760029260946e+02 4.924653705835431197e+02 5.082148279706239009e+02 5.655979482566277738e+02 6.222128394520253778e+02 6.763219068200355650e+02 7.232513537289910346e+02 7.587546299777319518e+02 7.765707175677072200e+02 7.783007579059270711e+02 7.953211801192464918e+02 8.540641671800985932e+02 9.116091432682170534e+02 9.642571079145270687e+02 1.006704608675090981e+03 1.030728232573476362e+03 1.025085320009615543e+03 9.928594850120556430e+02 9.444529302479121498e+02
7.347253421222129646e+02 6.710431274204014471e+02 6.076913466280278726e+02 5.491009408396697609e+02 4.942559039277905413e+02 4.424611990618412847e+02 4.808873335825023787e+02 4.993732583352824008e+02 5.087570627077889185e+02 5.187770724816344909e+02 5.202606073811556371e+02 5.033597223452461549e+02 4.612655614152683938e+02 4.068922252236428108e+02 3.574699420887659471e+02 3.604158016220955005e+02 3.803791053544317720e+02 4.005778665251135635e+02 4.212774996458091437e+02 4.425219933912654255e+02 4.646819492536851044e+02 5.232727770097886832e+02 5.866250331436739316e+02 6.489493640381042496e+02 7.022970147585926952e+02 7.491009942335610958e+02 7.883796073909982169e+02 8.175413478542708390e+02 8.463601467779858467e+02 8.932212880426823176e+02 9.428196130909614112e+02 9.890275356744614328e+02 1.024325026037696261e+03 1.037744065203739638e+03 1.020013529670563912e+03 9.806837568860303236e+02 9.279639497965733881e+02
7.236567924314500715e+02 6.584793059886399078e+02 5.951274539617525079e+02 5.365369818273160263e+02 4.816919106644405133e+02 4.298972034339945480e+02 4.483080509912583125e+02 4.507818124645325497e+02 4.516129670489158343e+02 4.719443061326747397e+02 4.813154560010797809e+02 4.688055335569499675e+02 4.237243880215694958e+02 3.515805557636892900e+02 3.545250565279952184e+02 3.989592843152030923e+02 4.294623355345079290e+02 4.523865443393477221e+02 4.722385588905298732e+02 4.864201096773257973e+02 4.909506806890739199e+02 5.344834916174468162e+02 5.796700615920988184e+02 6.267403964365379352e+02 6.759845850353287915e+02 7.277781227397344992e+02 7.826220692832824852e+02 8.296233587215581338e+02 8.722060392176082360e+02 9.176057583132258060e+02 9.635808427759180859e+02 1.005186649596341454e+03 1.034390789372165045e+03 1.038803179876454124e+03 1.013716429539060869e+03 9.695884077773109766e+02 9.142280290261044229e+02
7.142765637204001905e+02 6.461313949434698998e+02 5.827794395205758065e+02 5.241888799395295564e+02 4.693438368062428481e+02 4.175491538114033574e+02 4.055984008825727187e+02 3.937098047420920466e+02 3.819024245356274037e+02 4.260052446007902631e+02 4.455737312518887734e+02 4.413118571246868669e+02 4.047144836855617314e+02 3.486372229419566224e+02 3.853357870523861948e+02 4.259496046525736119e+02 4.621546487384792385e+02 4.902994999225060724e+02 5.115901062327033060e+02 5.233828461271644983e+02 5.222047327159100405e+02 5.640782152365433149e+02 6.069718431190035517e+02 6.519347228135844716e+02 6.986963788234513686e+02 7.464247894647544399e+02 7.939406370127580885e+02 8.388748930258763039e+02 8.831858828939830346e+02 9.284455019800205946e+02 9.729800016303713619e+02 1.012042442664596706e+03 1.037283034361221553e+03 1.035625063542300268e+03 1.005947861234973061e+03 9.587549910850527795e+02 9.016746397621634515e+02
7.103757107335619594e+02 6.503045504405118891e+02 5.937812628403482904e+02 5.426870774778453779e+02 4.974854861674923541e+02 4.583768443773911372e+02 4.362023099273318962e+02 4.076421350673498409e+02 3.703092304728423301e+02 3.955046054071433446e+02 4.142449766620788978e+02 4.173559795652737421e+02 3.901202719945333115e+02 3.456950564539306470e+02 3.919160512706017130e+02 4.351730485312916130e+02 4.739284137488548367e+02 5.067273470586965800e+02 5.326304658789499626e+02 5.495091193097479163e+02 5.589667385864956941e+02 5.912796727598251891e+02 6.304126659473214431e+02 6.737506917810211462e+02 7.186614552956400530e+02 7.625013951996494370e+02 8.030618597625709754e+02 8.402716923205496187e+02 8.821460918226575814e+02 9.269611872461180155e+02 9.713653225856302242e+02 1.009794040846962730e+03 1.033399732782527053e+03 1.028713522500290765e+03 9.966006360319302075e+02 9.476830864938864352e+02 8.895629885704270237e+02
7.032369167893012900e+02 6.471037208563805052e+02 5.947920997093870028e+02 5.489667106437739221e+02 5.107026932868965901e+02 4.759793698858463245e+02 4.423999001348706201e+02 4.022867643979784589e+02 3.587535521044887901e+02 3.474325516669593412e+02 3.816021531328542551e+02 3.910950943398545974e+02 3.724346161625429659e+02 3.427544450795001012e+02 3.915559766127692569e+02 4.346349371980190313e+02 4.719896504277782583e+02 5.039769711136985961e+02 5.293157073552598604e+02 5.499449128597881327e+02 5.681031472960959263e+02 6.023482725913731883e+02 6.447882702271441531e+02 6.911026696354983869e+02 7.364850235576454907e+02 7.762539001916068173e+02 8.059163844490876727e+02 8.235245136477590222e+02 8.655815774156901625e+02 9.125832138838707124e+02 9.591712864531108380e+02 9.991347921371606162e+02 1.023409307061279947e+03 1.018492370621655937e+03 9.857495829322297141e+02 9.361944926946955547e+02 8.775992568444233939e+02
6.924658654859526905e+02 6.362283643279085936e+02 5.833742693868884999e+02 5.381557416821152628e+02 5.094264366193169735e+02 4.818767008644750831e+02 4.508207683058440125e+02 4.143590948607879909e+02 3.744850129412899946e+02 3.362649975398155675e+02 3.594520076619846236e+02 3.613397111830508379e+02 3.368757345824542426e+02 3.398148001604241699e+02 3.858972911634226648e+02 4.225309863031025088e+02 4.516876487637960622e+02 4.771343542201729520e+02 4.991705615554585052e+02 5.209193436455085475e+02 5.415390761379242122e+02 5.896208667983504483e+02 6.430987413655000182e+02 6.969893501079365024e+02 7.439431590261563088e+02 7.775984471455367384e+02 7.893557903534036768e+02 7.755909749288191506e+02 8.317270990945281710e+02 8.865572455832530068e+02 9.381898041403694606e+02 9.816744144131903340e+02 1.008518849859167403e+03 1.005624677166906849e+03 9.736907800982073695e+02 9.243574953355289381e+02 8.657329687186507954e+02
6.759243058162670650e+02 6.160033467656276116e+02 5.560583883280803548e+02 4.998048999191590838e+02 4.767705401954138438e+02 4.602578220582903441e+02 4.405422845747798419e+02 4.109181046405448114e+02 3.716614212859132067e+02 3.251795094588404140e+02 3.280981897094980582e+02 3.310172425629543227e+02 3.339370526626354945e+02 3.519554059024816297e+02 3.704003030698459042e+02 3.893078615761390324e+02 4.088254874942780930e+02 4.292695653490063137e+02 4.508051053764211815e+02 4.740267885541167630e+02 4.994743027803039581e+02 5.628266786917122317e+02 6.325363765268757561e+02 6.981314868887995999e+02 7.455208247356353013e+02 7.707619819966895420e+02 7.646310360355428202e+02 7.320576076723855294e+02 7.951077259391552161e+02 8.559893870801107596e+02 9.125257906225768920e+02 9.600390094945497594e+02 9.904168283675921884e+02 9.910003972490648039e+02 9.609112719629596313e+02 9.124374586108606309e+02 8.540843937356630704e+02
6.550598622982614643e+02 5.908025796677682138e+02 5.210926127399071675e+02 4.577400947049821980e+02 4.219892121082801850e+02 4.159645203958967272e+02 4.092075539030898881e+02 3.892926007694794066e+02 3.567380539901790826e+02 3.223152399298998603e+02 3.628062085970007615e+02 3.870166752409306241e+02 4.005497860527557918e+02 4.172134350121072544e+02 4.350672358208070136e+02 4.517827453811809164e+02 4.674163922639625071e+02 4.874067707554444837e+02 5.055247175610865611e+02 5.221215531901608529e+02 5.324144526781967670e+02 5.916424945119438235e+02 6.549863152013381296e+02 7.113081357951567725e+02 7.502103696639760528e+02 7.617057193521466161e+02 7.403878762967200373e+02 6.970838372036887449e+02 7.604371222291463255e+02 8.252413353723504770e+02 8.854921093591669887e+02 9.365908719482395099e+02 9.706721423896705119e+02 9.754936957365858916e+02 9.480070039434526734e+02 9.008908118851621794e+02 8.429651797477164337e+02
6.373229742190683282e+02 5.785279592510571547e+02 5.147061557191393604e+02 4.511416906874347887e+02 3.884153303584134846e+02 3.581379422978390608e+02 3.687405429051388523e+02 3.517967632426720002e+02 3.165879450602079714e+02 3.194513252139889801e+02 3.869354820478823171e+02 4.322326795711129535e+02 4.583712545505589446e+02 4.789844435550124331e+02 4.983225314759276330e+02 5.148285043669661718e+02 5.302955790999544661e+02 5.471393406480998465e+02 5.616470934923900131e+02 5.722296385109134462e+02 5.690032242981229729e+02 6.110676804671143145e+02 6.773716953756668318e+02 7.269137188935615086e+02 7.543376508691976596e+02 7.500985222543927193e+02 7.173279838776086308e+02 6.668067138437570520e+02 7.301598271326695340e+02 7.965324369393578081e+02 8.590216034635963069e+02 9.128339664214693130e+02 9.502770606948782870e+02 9.596392326641341697e+02 9.356032347423963529e+02 8.904401240009872254e+02 8.331218280090105281e+02
6.165993974685303556e+02 5.643886103418631137e+02 5.049258359551319586e+02 4.433162820564338631e+02 3.829492324667020853e+02 3.291525468200991895e+02 3.340784609216767649e+02 3.108626120625997942e+02 3.137249214339591390e+02 3.671613526616668537e+02 4.228004024646263019e+02 4.712513334049284026e+02 5.073351403379029989e+02 5.341387859378405665e+02 5.572801996714117649e+02 5.755087504941346879e+02 5.914790581069349855e+02 6.072041357333911265e+02 6.201894805256921472e+02 6.310478738042629629e+02 6.387128155465140935e+02 6.603119601293567484e+02 7.107577031867705273e+02 7.466122526917722553e+02 7.574674031017615334e+02 7.366069584673564350e+02 6.945410527456532463e+02 6.396212146296196579e+02 7.029741809358141609e+02 7.699933820275855396e+02 8.337098328220706662e+02 8.893245865875074969e+02 9.293906958889465386e+02 9.430136582445678641e+02 9.242610813206504190e+02 8.821056407908289430e+02 8.268855108226025550e+02
5.879323095101383387e+02 5.438592597789479441e+02 4.893778059417693953e+02 4.294717116095467304e+02 3.656376602694442113e+02 3.022831723557613941e+02 3.051415602996548273e+02 3.080008391829902621e+02 3.515352400910713300e+02 4.009283082311848716e+02 4.505520330742858732e+02 4.983236366174226077e+02 5.414728594709085883e+02 5.773815829573185283e+02 6.072930269302171382e+02 6.300581470666122641e+02 6.485157071953373134e+02 6.650757871626095721e+02 6.781460537144730552e+02 6.904973522203439416e+02 7.039410689901878868e+02 7.233010138848403585e+02 7.512411247818822631e+02 7.668722633993826321e+02 7.567653917592697326e+02 7.228070462233439457e+02 6.734343352250416501e+02 6.149151347096795917e+02 6.782679926027605006e+02 7.453721229257928371e+02 8.095637606759046321e+02 8.660318622700940523e+02 9.073882550142661785e+02 9.228069272961527076e+02 9.095968636590323513e+02 8.713608287937400974e+02 8.188157652804660529e+02
5.517308828670522871e+02 5.178694905436619820e+02 4.704689449614005525e+02 4.164986552811926117e+02 3.590412529856171773e+02 2.994323891390631047e+02 3.303579090190954730e+02 3.533404307080325566e+02 3.849616186054965965e+02 4.238195418883504999e+02 4.663098925475874239e+02 5.111889477279596576e+02 5.565850603558150169e+02 6.003920628835912794e+02 6.407024243095207794e+02 6.731061206250212763e+02 6.972728025604830009e+02 7.167207689321459156e+02 7.307322359625196668e+02 7.435516400763202682e+02 7.570260763616317945e+02 7.703333726450971426e+02 7.818883572776903748e+02 7.770301193447068044e+02 7.499517769383683117e+02 7.063478175714276404e+02 6.521052776295440481e+02 5.920660511414590701e+02 6.554188370267011123e+02 7.223233122201399965e+02 7.864296358758494989e+02 8.428901594658685781e+02 8.842934770194860903e+02 8.999176806448812158e+02 8.917105335123609393e+02 8.582419634261357260e+02 8.093370726191111544e+02
5.069880578981152439e+02 4.807387495013907710e+02 4.420708664121685842e+02 3.970275824692969877e+02 3.493852896394759000e+02 2.965826662413190320e+02 3.328881964480354441e+02 3.648054193168116512e+02 3.966166404520204196e+02 4.305651621917070884e+02 4.674506218122915584e+02 5.102369280605446420e+02 5.572109281555950702e+02 6.062432554595213787e+02 6.546566830234049803e+02 6.980784711029767777e+02 7.323307914642757623e+02 7.567470150218568961e+02 7.721325993526656930e+02 7.838071946149977975e+02 7.938653918372793896e+02 7.999196738909391797e+02 7.976385905945959394e+02 7.765956679622715910e+02 7.389014154004881902e+02 6.890000501506553974e+02 6.316100772589054486e+02 5.708215692518231208e+02 6.341743153876657288e+02 7.006327810730468855e+02 7.641894380022276891e+02 8.198417610474002686e+02 8.599948091968508379e+02 8.738780911235566009e+02 8.689657601805778313e+02 8.422084875672331918e+02 7.993998146923577224e+02
