_codes/_figurecodes/_data/highRvar/nonsteady/20m_HalfMtrThresh_Diffusion_Tc10/topographic_elevation_depth20m_tc10.asc
nrows 200
cellsize 50.0
xllcorner 0.0
ncols 200
yllcorner 0.0
[rows 68 to 84 of 200, columns 0 to 36 of 200]
2.550917075450176257e-04 1.188124254343328630e+03 1.156938022390263313e+03 1.107552349087970924e+03 1.048760141598567770e+03 9.861943888646512733e+02 9.232476073014194071e+02 8.646263079364488249e+02 8.097532632946965805e+02 8.732255141007899510e+02 9.333839608978211118e+02 9.847874338272425803e+02 1.018896828563161876e+03 1.023030241609832501e+03 9.947824625215824881e+02 9.474597118469240513e+02 8.901083407844511157e+02 8.285500994399894807e+02 7.663170704009817200e+02 7.077237058441203317e+02 6.528765438701221910e+02 6.010806348298782495e+02 5.518350116106257701e+02 5.047638147600709431e+02 5.633552213503850226e+02 6.256846100557744421e+02 6.878675309852557120e+02 7.468551829302905389e+02 7.973467268451342989e+02 8.308410856315111914e+02 8.345373116909938744e+02 8.061599620575003655e+02 7.594673552848670397e+02 7.046054183118829997e+02 6.458471365539878661e+02 7.071050767854935657e+02 7.653459294740572432e+02
1.714205815829333780e-04 1.178312120668784928e+03 1.147145546725161239e+03 1.097790434265495833e+03 1.039032014188871244e+03 9.764977180998373569e+02 9.135770395589336204e+02 8.549558670095124171e+02 8.000841900206307855e+02 8.637080605781228542e+02 9.241041685644115660e+02 9.758703241134559221e+02 1.010517768822976791e+03 1.015422085145567848e+03 9.877262575320955875e+02 9.407930164393645782e+02 8.837118132161659787e+02 8.223366201055563351e+02 7.602242142392689175e+02 7.016308889040979011e+02 6.467837971534266899e+02 5.949879618574964297e+02 5.457423877029614232e+02 4.986712051824872560e+02 5.572625832242807746e+02 6.196665013224536551e+02 6.816764209550375426e+02 7.400359988390951003e+02 7.892456311422596400e+02 8.206292067950142837e+02 8.213095329637293389e+02 7.909228643385628175e+02 7.425849952582707374e+02 6.851265546157351309e+02 6.235208653636840381e+02 6.869438620877730273e+02 7.468519882135556145e+02
2.858997739700196335e-04 1.168561055472141334e+03 1.137422876158651206e+03 1.088111849904343671e+03 1.029401946397830898e+03 9.669122735016868546e+02 9.040276339947120050e+02 8.454068043882770098e+02 7.905365784923112642e+02 8.543018135256145342e+02 9.149209848189283321e+02 9.670309906017951107e+02 1.002194293158174673e+03 1.007845406106257542e+03 9.806907974610056726e+02 9.341463126549793969e+02 8.773401327747849336e+02 8.161546143954092258e+02 7.541685987456842213e+02 6.955753160881303074e+02 6.407282950755552520e+02 5.889325303788575638e+02 5.396870004485542722e+02 4.926158310737324086e+02 5.512071846958479000e+02 6.134985275481947156e+02 6.751981181917029744e+02 7.328631246329180158e+02 7.807937614195733431e+02 8.101088232362266126e+02 8.077222056398196628e+02 7.750644055479361896e+02 7.248806941870061564e+02 6.656484528944793055e+02 6.025543346467051151e+02 6.670867581849799990e+02 7.277454772781572956e+02
1.370447898247512130e-04 1.158830183814215388e+03 1.127733922913135075e+03 1.078488181459123780e+03 1.019850297300030206e+03 9.574266716147307079e+02 8.945945100697964563e+02 8.359742137853838813e+02 7.811054805990976320e+02 8.449983891092077783e+02 9.058213309517045673e+02 9.582507017430765472e+02 9.939020592884276084e+02 1.000272282841207584e+03 9.736498015451040828e+02 9.274987332937745350e+02 8.709796705640833352e+02 8.099976196126783634e+02 7.481494762395932412e+02 6.895562394525192076e+02 6.347092891780300761e+02 5.829135919497178975e+02 5.336681023154891363e+02 4.865969447775551657e+02 5.451882763594808239e+02 6.073164684470652901e+02 6.686555484381965471e+02 7.255832709704000081e+02 7.721998677370858104e+02 7.994146422016312954e+02 7.939192672687803451e+02 7.589943705007945027e+02 7.071441084617327988e+02 6.466539128322235683e+02 5.827056786538712458e+02 6.484347312657387192e+02 7.090459861422572203e+02
4.667594471882550349e-04 1.149059346073804591e+03 1.118025330265548064e+03 1.068877340468139664e+03 1.010348455009183226e+03 9.480255725207365458e+02 8.852731113169733135e+02 8.266535110375978093e+02 7.717862777460528605e+02 8.357879287920247862e+02 8.967879857945986259e+02 9.495029319618785166e+02 9.856045905113948038e+02 9.926586854336998158e+02 9.665606469987164928e+02 9.208158554920440793e+02 8.646078018609277933e+02 8.038551007847033816e+02 7.421661243013729745e+02 6.835729361141133040e+02 6.287260562816712763e+02 5.769304232456438513e+02 5.276849703758343821e+02 4.806138237484387332e+02 5.392051350071911884e+02 6.012277733705375340e+02 6.622377441910658717e+02 7.184133459124694809e+02 7.636485834088829279e+02 7.886589313239338708e+02 7.799773967214524646e+02 7.428581497189883294e+02 6.895729495108627134e+02 6.281778775911750472e+02 5.637008049190106931e+02 6.289471262390022730e+02 6.879919000650361340e+02
4.374845901945355786e-04 1.139159399087545808e+03 1.108216896235973309e+03 1.059214806342671864e+03 1.000852140686329903e+03 9.386862240638010917e+02 8.760591755232285323e+02 8.174404057078320420e+02 7.625746523882999099e+02 8.266585445251390638e+02 8.877980124773573607e+02 9.407499340208602234e+02 9.772470251935824308e+02 9.849348742470205025e+02 9.593537604502250815e+02 9.140402792063589459e+02 8.581862694486875398e+02 7.977092888187870585e+02 7.362178444674980256e+02 6.776247073083485475e+02 6.227778971865633366e+02 5.709823251046386758e+02 5.217369056012995543e+02 4.746657695451653467e+02 5.332570619132435468e+02 5.953978176924308627e+02 6.561960659221206242e+02 7.116140580889286866e+02 7.553249543676956819e+02 7.778592621394512889e+02 7.657755788079141439e+02 7.265327221388610042e+02 6.720708888229652302e+02 6.101148893892809610e+02 5.454308853550401182e+02 6.094575655529512233e+02 6.662475507828531818e+02
1.158369594457527794e-04 1.128999458260496567e+03 1.098187702540934197e+03 1.049399207291805169e+03 9.912889135405389425e+02 9.293712979328314532e+02 8.669487074925845036e+02 8.083308761037133081e+02 7.534665625661148169e+02 8.175959351847001244e+02 8.788212498317086556e+02 9.319385521542345714e+02 9.687472121913582441e+02 9.769902129645167861e+02 9.519149082410251594e+02 9.070751762775510088e+02 8.516490590608175353e+02 7.915291257375413352e+02 7.303039610907198949e+02 6.717108769869319076e+02 6.168641356641503535e+02 5.650686212286424279e+02 5.158232332793246542e+02 4.687521064675934781e+02 5.273433787766239220e+02 5.902216142434323274e+02 6.509658512209533683e+02 7.055793606398286784e+02 7.474695833953552437e+02 7.668262128958084531e+02 7.508613475969573301e+02 7.095890405954834250e+02 6.542901306124637131e+02 5.922168629183111079e+02 5.278089827931887612e+02 5.904314372824646853e+02 6.449472899945267272e+02
4.188268578552605328e-04 1.118392657745312817e+03 1.087757610176114667e+03 1.039268798780436555e+03 9.815336615197037418e+02 9.200122556713837412e+02 8.579379561571231534e+02 7.993211448913847335e+02 7.444582188874197755e+02 8.085837591871481891e+02 8.698198858015138057e+02 9.229961350991477502e+02 9.599838732610204488e+02 9.686497555115942077e+02 9.440559831072936277e+02 8.997555578425665317e+02 8.448798138563804514e+02 7.852579406006768750e+02 7.244238203988170426e+02 6.658307911061602908e+02 6.109841172870527544e+02 5.591886573543100667e+02 5.099432971715681902e+02 4.628721809023417109e+02 5.243809071629003711e+02 5.868649058837595476e+02 6.472446182199257692e+02 7.008988022966041171e+02 7.405462281929628716e+02 7.547932624118369631e+02 7.341914372675504410e+02 6.912308218667639039e+02 6.355919566239158485e+02 5.739712577319103275e+02 5.107643113851270300e+02 5.720784859844790162e+02 6.245974503896500210e+02
8.359926212321881159e-04 1.107086499434162533e+03 1.076667117060975897e+03 1.028565221916456039e+03 9.713590148664010258e+02 9.104652588268268119e+02 8.490233934311560233e+02 7.904076621986323516e+02 7.355460634029838047e+02 7.996061517543053014e+02 8.607515794774070628e+02 9.138290111461828928e+02 9.507826070346242204e+02 9.596394489985347036e+02 9.354677228281705084e+02 8.917984395916935227e+02 8.376691506302250900e+02 7.787858796617977077e+02 7.185748592465163256e+02 6.599818861172419702e+02 6.051352784595604817e+02 5.533398698586336195e+02 5.040945360408802571e+02 4.570234297685349816e+02 5.194224978517439695e+02 5.819423656022480600e+02 6.417460420678054334e+02 6.940615720529307282e+02 7.313341263505327561e+02 7.418676603386569468e+02 7.187844107175164936e+02 6.746877364699047348e+02 6.187109069464386266e+02 5.571861282774877964e+02 4.942995085126239587e+02 5.544679939755953910e+02 6.053900768491399731e+02
6.181022090206690850e-04 1.094772766514462319e+03 1.064568488211009708e+03 1.016888181462706370e+03 9.603387118459498879e+02 9.003763746520914992e+02 8.402016965094965144e+02 7.815870846022985461e+02 7.267267504989104054e+02 7.906556098528578786e+02 8.515816481232092201e+02 9.043292391983679863e+02 9.409030778193255173e+02 9.495373335341043912e+02 9.256455354583961253e+02 8.827183928301151354e+02 8.296356134663923285e+02 7.718821155790421926e+02 7.127219961219815332e+02 6.541636178423370893e+02 5.993170746670878088e+02 5.475217145004140775e+02 4.982764048229300897e+02 4.512053091570014658e+02 5.137967430698116686e+02 5.760634360075009681e+02 6.349306784183556829e+02 6.854823537861275327e+02 7.202138457356730896e+02 7.279517122944978382e+02 7.038632786465557274e+02 6.593577082857387950e+02 6.031884583698412143e+02 5.414830491469845128e+02 4.783536350889636992e+02 5.375056899601752320e+02 5.869682333134402370e+02
7.414192848541757263e-04 1.081143890157369697e+03 1.051062550086471674e+03 1.003680976834582907e+03 9.477102187900795798e+02 8.887125151151403770e+02 8.299155112829188283e+02 7.728562613438735980e+02 7.179971292548441397e+02 7.817538683495505438e+02 8.423160652860427717e+02 8.944011908362529084e+02 9.300357344347945627e+02 9.377117374893372244e+02 9.137780640256141851e+02 8.716895383746467587e+02 8.200975719047187340e+02 7.640407716031375003e+02 7.062287891692755011e+02 6.483754577019610679e+02 5.935289772440370371e+02 5.417336627799774078e+02 4.924883758865812524e+02 4.454172908702848872e+02 5.080551342506300898e+02 5.697801169517771314e+02 6.271735943400768747e+02 6.751508806101471691e+02 7.064243294492328005e+02 7.117006381045832768e+02 6.889862096371588223e+02 6.450888261463487652e+02 5.890815871406987299e+02 5.270361525366563455e+02 4.628758966681215838e+02 5.211481385203956052e+02 5.692087278668676618e+02
4.831831482572142159e-04 1.066023878045006768e+03 1.035836646441908215e+03 9.883794705406920684e+02 9.325802111814034561e+02 8.742866870710106468e+02 8.169578260548413482e+02 7.620511414587260788e+02 7.093542275665164425e+02 7.730052383010460062e+02 8.330795603978823465e+02 8.840281511501455043e+02 9.178235701653047727e+02 9.232599346656356829e+02 8.985880123944758679e+02 8.573113419228377552e+02 8.079438425273441453e+02 7.548478067582148014e+02 6.993194094401832217e+02 6.426168926953827167e+02 5.877704736874235323e+02 5.359752027904912666e+02 4.867299360302969262e+02 4.396588621296911015e+02 5.027900036588426929e+02 5.637179832007450386e+02 6.188294086592150052e+02 6.627499023772320470e+02 6.875473251695183308e+02 6.887527801021220739e+02 6.692319595202067148e+02 6.277971726048899654e+02 5.733078796440019005e+02 5.118961891241507374e+02 4.477780725720456303e+02 5.054943758532988340e+02 5.521862171837204869e+02
4.343570298864094436e-04 1.049563704207230785e+03 1.018894876307917002e+03 9.706521597609041692e+02 9.140440009504992531e+02 8.555032240113116586e+02 7.993426188262342293e+02 7.476432402436396387e+02 7.007952375939229341e+02 7.647384038606768399e+02 8.242869857630863635e+02 8.734062087399495340e+02 9.039249574426474965e+02 9.050037326214109044e+02 8.781386057336771955e+02 8.370422134870542550e+02 7.908380828113081407e+02 7.436759040468850799e+02 6.924392796744460838e+02 6.368856009363486237e+02 5.820392163343694847e+02 5.302439664951593841e+02 4.809987499310305452e+02 4.339277182636529915e+02 4.963939578212473975e+02 5.552329949816161161e+02 6.061525445518367405e+02 6.434313778241740920e+02 6.597553736004167604e+02 6.589352476186451213e+02 6.444055916392654808e+02 6.077343249905959510e+02 5.564238143289579739e+02 4.966119552441447809e+02 4.330307568355248691e+02 4.910581848130811409e+02 5.363208960190124799e+02
4.839265138725501447e-05 1.032450548894084932e+03 1.000899519238505491e+03 9.509195560036334882e+02 8.916705920550701876e+02 8.302794394748246987e+02 7.730601524929116977e+02 7.232497370783735278e+02 6.923175017993129359e+02 7.579214173351365389e+02 8.169894052170690202e+02 8.631598265614481988e+02 8.880709846335058728e+02 8.817346666196484648e+02 8.499691027433698309e+02 8.062763852825831918e+02 7.627156323291553690e+02 7.295760539771638378e+02 6.879258386951959210e+02 6.392852585711002575e+02 5.873432687541582027e+02 5.344601267355121763e+02 4.813952419149538855e+02 4.282234381180967375e+02 4.899027467827769442e+02 5.453666939158165405e+02 5.896715521436897234e+02 6.165004794399485490e+02 6.243859516373801171e+02 6.221101939319577241e+02 6.129487189015846980e+02 5.850405979533582013e+02 5.392099109493731248e+02 4.819462018365501876e+02 4.185689128618530503e+02 4.751918767457879653e+02 5.178597099941259785e+02
1.050717860942479475e-04 1.015941031190680633e+03 9.834923504426708405e+02 9.313704747087699616e+02 8.671655170142315683e+02 7.974271656404725945e+02 7.340553436203740603e+02 6.754546251312896175e+02 6.838729395043999375e+02 7.555142424284205163e+02 8.133932008654999208e+02 8.545663344990699670e+02 8.696755560786041315e+02 8.530049704938595596e+02 8.130114949591642244e+02 7.599200158025189467e+02 7.037476280875863495e+02 6.972427219143056618e+02 6.720183270226649483e+02 6.323577322335717099e+02 5.848332613151621899e+02 5.330570304646873865e+02 4.786492910864561168e+02 4.225368336416406692e+02 4.817428724347670368e+02 5.312509618469192674e+02 5.647983478012988598e+02 5.797593684254488835e+02 5.816854150571979289e+02 5.782328592365332725e+02 5.728234475487589634e+02 5.549878605417214885e+02 5.188014034287839422e+02 4.663106730913851266e+02 4.043376509034049491e+02 4.584533587347918342e+02 4.975032238864029637e+02
4.134587136496282816e-04 1.001310712576728179e+03 9.688768612160896510e+02 9.171652540574405066e+02 8.550869959500046207e+02 7.890962583707995464e+02 7.257255757495776152e+02 6.671258149805759103e+02 7.102062168018619559e+02 7.635224736256487859e+02 8.121778436365996185e+02 8.449405033958388458e+02 8.478630712673701737e+02 8.200665519750998556e+02 7.728206338017478174e+02 7.150194983072007062e+02 6.519510681947684816e+02 6.565160052239306196e+02 6.429261094195004489e+02 6.143403779040376094e+02 5.738117739442277525e+02 5.263150760273189235e+02 4.735397414542129013e+02 4.168642386383324379e+02 4.695890071920586024e+02 5.091482419483892841e+02 5.292830653287927589e+02 5.355776103868403197e+02 5.331437540016056573e+02 5.284590858219449956e+02 5.259241026908280219e+02 5.155925994280008808e+02 4.918406618496339320e+02 4.476333548485175697e+02 3.902894535491320767e+02 4.408667172376844405e+02 4.748227470248594955e+02
7.370168819010763147e-04 9.885383873909142949e+02 9.564746894574053613e+02 9.056004700526553961e+02 8.450124360678166795e+02 7.808335834422873631e+02 7.174640147896311646e+02 6.588651647522511894e+02 7.122987749676452722e+02 7.641925731218607325e+02 8.084190330231491544e+02 8.347249293086684929e+02 8.281822140612918020e+02 7.914169125348373655e+02 7.369582179302614122e+02 6.751612465210616847e+02 6.112002023826005370e+02 6.131698964956719919e+02 6.017654156800889496e+02 5.809898461728010943e+02 5.508021391740709305e+02 5.125531172804905964e+02 4.655744893146349455e+02 4.112038071083745763e+02 4.540405900102542205e+02 4.788351387155557290e+02 4.864877973356585130e+02 4.861774464343137652e+02 4.806573416193419348e+02 4.739615928936014484e+02 4.741132213384424858e+02 4.698703485372618047e+02 4.594718398296645887e+02 4.275341624106996505e+02 3.764166753751061947e+02 4.223900998550442978e+02 4.478859204738088238e+02
