_codes/_figurecodes/_data/highRvar/nonsteady/20m_HalfMtrThresh_Diffusion_Tc10/topographic_elevation_depth20m_tc10.asc
nrows 200
cellsize 50.0
xllcorner 0.0
ncols 200
yllcorner 0.0
[rows 136 to 152 of 200, columns 111 to 147 of 200]
4.054107421590202875e+02 4.098368013405677743e+02 3.929051386822122822e+02 3.558684987253376448e+02 3.050806625083969834e+02 3.603048142260923328e+02 4.134398478599910050e+02 4.633840443640962121e+02 5.086593314192176081e+02 5.472771304877227294e+02 5.766657950146175153e+02 5.972027663966133559e+02 6.088005015193805320e+02 6.147274989549463271e+02 6.176464217931361418e+02 6.160741351025009180e+02 6.123257846244652001e+02 6.094408301569295645e+02 6.044082449236050252e+02 5.986092225582772244e+02 5.893051458053851093e+02 5.743579780400498294e+02 5.520554335986952310e+02 5.220582898205327638e+02 5.251906163110028274e+02 5.283252820156335474e+02 5.309757424794266853e+02 5.316261841437973317e+02 5.299787227648390626e+02 5.343069174672843928e+02 5.267870692230261511e+02 4.985551714191544761e+02 4.505627782677009350e+02 5.043262723187038432e+02 5.415482698124067156e+02 5.607473783536203200e+02 5.673328045416112673e+02
3.732881879728573722e+02 3.780809944713008122e+02 3.703465016079442194e+02 3.450715562952943856e+02 3.020879696441742794e+02 3.590901011660459403e+02 4.119595318758933331e+02 4.588986163218920638e+02 4.976714207237294545e+02 5.252013288146732748e+02 5.425293586769531657e+02 5.542063754104634654e+02 5.593582040922115084e+02 5.608845730729260595e+02 5.610295760080315404e+02 5.578555071800049063e+02 5.526227044994368498e+02 5.514296437275148719e+02 5.473057920716260014e+02 5.437596361309955455e+02 5.361778519635070097e+02 5.222702578501319977e+02 4.994788895874680179e+02 4.672130491047158785e+02 4.703453982529718473e+02 4.734800618533641909e+02 4.766173885873095060e+02 4.787138599723883203e+02 4.781840329811900006e+02 4.862709497638429070e+02 4.854601183968114242e+02 4.696413411000355040e+02 4.316553585448567674e+02 4.759851286547253153e+02 5.007547490231908682e+02 5.124587515147474051e+02 5.159123002970054586e+02
3.329656729664003478e+02 3.369087089638211978e+02 3.357177551122399564e+02 3.257543988807834126e+02 2.990965222246621238e+02 3.554529258213958087e+02 4.041951280339965820e+02 4.433584501287571129e+02 4.699559568199592832e+02 4.856596880294304697e+02 4.950465254570665365e+02 5.012586913384040486e+02 5.030376207815828593e+02 5.025396920164779431e+02 5.021662375965005936e+02 4.991137986206881578e+02 4.940317608005579473e+02 4.950393231280319810e+02 4.924605600901058438e+02 4.913670743548054247e+02 4.862145957058436352e+02 4.744729663164264366e+02 4.517502964790099895e+02 4.154184587408269067e+02 4.185507510418592574e+02 4.216854174226925807e+02 4.248227427255130237e+02 4.278243157055311485e+02 4.289390209235875204e+02 4.365968864051778269e+02 4.395007565884027372e+02 4.348263958118010919e+02 4.130301834460656210e+02 4.415406645072911829e+02 4.538287418117976131e+02 4.600135511742237782e+02 4.626257088550302683e+02
2.841510807057745751e+02 2.871386489453328750e+02 2.901269666661841597e+02 2.931161237482351680e+02 2.961059068983670386e+02 3.489876130352133714e+02 3.876134319649028157e+02 4.125906449673834686e+02 4.268345125971755465e+02 4.349330173007353437e+02 4.397212578701465873e+02 4.431451056814891558e+02 4.436702813842566684e+02 4.422989972097026339e+02 4.434216004760882583e+02 4.416896729007054887e+02 4.391865170355820283e+02 4.414448714861691201e+02 4.406658834641127100e+02 4.416314185095102971e+02 4.394129230711045579e+02 4.315160663119438027e+02 4.104315258368046671e+02 3.661731091440174737e+02 3.693053969460692088e+02 3.724400890232927281e+02 3.755774355270346518e+02 3.787201195912733738e+02 3.818679276141174910e+02 3.850206422882198467e+02 3.881768057146312003e+02 3.913354400333549279e+02 3.944958074502493446e+02 3.976792844343812021e+02 4.008637748766377058e+02 4.040495376535592982e+02 4.082533424976824108e+02
2.870878693522336675e+02 3.035708855830295079e+02 3.099909419496482883e+02 3.146138458201421031e+02 3.215093647332847127e+02 3.402846526810332080e+02 3.567186128751606589e+02 3.671356633796040114e+02 3.735110356177362405e+02 3.775382900565516024e+02 3.803946901080746557e+02 3.830257310881186754e+02 3.840898409049280531e+02 3.837078897428150412e+02 3.865261855977076380e+02 3.868443125855020526e+02 3.873917517666439494e+02 3.903936805194547901e+02 3.914207678958782139e+02 3.939565713022735167e+02 3.948848320102068215e+02 3.935411011722833905e+02 3.884916937958154222e+02 3.630453811036639991e+02 3.922701479527936499e+02 4.112712812815334473e+02 4.172959176808971051e+02 4.239072579697165111e+02 4.307873152582984062e+02 4.368154393933496635e+02 4.425685649318049855e+02 4.467830208172966309e+02 4.493365468158982026e+02 4.467511310671886235e+02 4.357517446093657441e+02 4.084308233070829033e+02 4.420832262203689424e+02
2.900249758139256073e+02 2.929861371313235736e+02 2.959477031415469810e+02 2.989100756384851820e+02 3.018734545773793343e+02 3.048386422754612113e+02 3.078052394677965822e+02 3.107728448234555003e+02 3.137412568926171730e+02 3.167464616800837689e+02 3.197529222657424270e+02 3.227612737253790556e+02 3.257710968794458495e+02 3.288615679969258849e+02 3.319541029456390788e+02 3.350487112881581311e+02 3.381458604274095023e+02 3.412460223273167799e+02 3.443492057554184953e+02 3.474558894215879832e+02 3.505660860750876395e+02 3.536800453907451924e+02 3.567980201211710778e+02 3.599181241049610662e+02 3.941683517351272030e+02 4.355609842493440738e+02 4.567912029347309613e+02 4.697202337677217088e+02 4.803234755435968282e+02 4.888551122270940823e+02 4.959728768471804869e+02 4.994220326115210469e+02 4.981536957087357109e+02 4.860855028390565167e+02 4.578604064164048850e+02 4.128127852817249845e+02 4.597035430588156260e+02
3.062531373365331433e+02 3.348852073601103712e+02 3.469735826769311302e+02 3.524707881783269841e+02 3.536698695137196751e+02 3.569820674078801517e+02 3.576230240636659232e+02 3.511326398978104066e+02 3.275465720540700545e+02 3.530715540839554478e+02 3.605531223309518509e+02 3.579881692794633068e+02 3.359173903918232895e+02 3.569981693798253559e+02 3.751826204113354493e+02 3.869005393397953299e+02 3.948427028063873649e+02 4.015190599194937704e+02 4.059399167519944172e+02 4.097653888189514646e+02 4.116328556076542782e+02 4.122714718192947316e+02 4.116436977403702713e+02 4.117131510347664971e+02 4.434134006494912796e+02 4.768869515195483473e+02 5.001710781616976647e+02 5.168997927722306258e+02 5.304012905411238989e+02 5.404838888914547397e+02 5.474204696697828467e+02 5.478215504015715851e+02 5.394301953707430357e+02 5.138548407807719514e+02 4.713537977791648359e+02 4.171977043137407577e+02 4.684017734479401156e+02
3.226581118718225980e+02 3.669515758575561790e+02 3.914807847530053095e+02 4.019800492491676778e+02 4.034666462202195589e+02 4.054523821011395626e+02 4.008735663583389055e+02 3.816183605619528976e+02 3.413855072508910098e+02 3.788812910770795952e+02 3.929191598087024886e+02 3.837873417692871953e+02 3.460755557280172638e+02 3.562950579386937875e+02 3.987523983412755229e+02 4.256125126880880316e+02 4.425059670716196933e+02 4.555247881890148278e+02 4.639517539676199931e+02 4.702753166661213982e+02 4.726416573587960670e+02 4.724289468652528399e+02 4.702346122808459086e+02 4.665583231972632348e+02 4.952080608767035983e+02 5.241222774303803362e+02 5.473157656254761605e+02 5.658125060410272908e+02 5.808217167261734630e+02 5.909991435837732752e+02 5.958365189928631480e+02 5.905010422162343957e+02 5.709123772566176740e+02 5.320324725225618749e+02 4.805986654647801970e+02 4.215870668721186689e+02 4.709136579308715227e+02
3.393093854558877638e+02 3.930919866248945596e+02 4.297070360652166983e+02 4.466385036959092076e+02 4.493768599871395395e+02 4.492578511753999919e+02 4.379170829865146857e+02 4.058605582693591032e+02 3.553278478396951527e+02 3.998194852556313776e+02 4.222581201490983176e+02 4.180726959033541448e+02 3.939928049576881222e+02 3.665394032708941268e+02 4.115161044692843006e+02 4.463118826169363160e+02 4.751300558162989773e+02 4.981142948223090912e+02 5.143651996705478950e+02 5.263019270805224323e+02 5.317661591019925709e+02 5.327814349694449447e+02 5.304889431826221653e+02 5.251492628219147036e+02 5.500532887505967210e+02 5.756255521966850210e+02 5.976405374842358924e+02 6.162308278284272092e+02 6.310929307494393470e+02 6.394999491180404902e+02 6.399734587459511204e+02 6.262528772117647122e+02 5.937844321056842318e+02 5.455500172650566810e+02 4.882404079701799446e+02 4.259831231937318989e+02 4.696786193141223293e+02
3.562866151551927487e+02 4.141062475746888367e+02 4.594656016559865748e+02 4.852651762009124923e+02 4.901669575312776601e+02 4.874120373392585748e+02 4.670685851222528981e+02 4.251267048529640533e+02 3.693762268847944483e+02 4.171281708123392491e+02 4.463616855770717393e+02 4.469330426148525248e+02 4.210329007703265347e+02 3.768214441011703570e+02 4.143794921184738200e+02 4.434216670054206588e+02 4.831730281709764085e+02 5.209214500216032775e+02 5.514219899979228785e+02 5.736763455447344313e+02 5.862009048825078708e+02 5.916351001411831021e+02 5.920584227835150841e+02 5.885020483073810738e+02 6.086442681363749898e+02 6.304722934533307352e+02 6.503770364350249338e+02 6.674974424482115865e+02 6.803555261832480028e+02 6.846914813387767254e+02 6.778072122212970498e+02 6.516117394331731703e+02 6.080074464195259907e+02 5.535754458049684672e+02 4.932505583205232824e+02 4.303874074611441074e+02 4.649797791016687825e+02
3.736847055612597615e+02 4.332548086201278466e+02 4.833222551957893529e+02 5.167875207926747407e+02 5.252048964937432629e+02 5.198485610871038034e+02 4.910683910473905485e+02 4.429570691531906732e+02 3.836076006943250150e+02 4.341757525196344432e+02 4.672186076638204781e+02 4.701704759581855342e+02 4.406416566160315824e+02 3.871416632467643240e+02 3.977154625251048969e+02 4.083171685804629760e+02 4.706721065561652608e+02 5.226216487428509936e+02 5.681137519332262400e+02 6.060519830479175880e+02 6.318667455058957785e+02 6.462302762108022307e+02 6.534371353279029790e+02 6.582127485240591795e+02 6.719971764198011215e+02 6.883187971485233447e+02 7.045273241066208811e+02 7.185428309708900088e+02 7.273640237440250758e+02 7.249280306224555943e+02 7.066322989238924492e+02 6.682527168398557933e+02 6.171981920635445249e+02 5.589344167707785118e+02 4.973019579602965337e+02 4.347962024230375846e+02 4.411883527446372568e+02
3.917024715588019035e+02 4.529903060500067227e+02 5.059550102955498119e+02 5.433105215480460402e+02 5.547816624085495505e+02 5.452142272421198186e+02 5.099386377404944142e+02 4.583944368383935739e+02 3.980302036418119656e+02 4.512710675283817068e+02 4.878402635298432983e+02 4.941616701726649694e+02 4.680466837461379441e+02 4.256250574738973569e+02 4.357183896233204905e+02 4.190330718651263737e+02 4.646322942422680740e+02 5.180744966200281851e+02 5.724939821321761428e+02 6.222937555686246469e+02 6.636402663296876199e+02 6.921946089032670670e+02 7.091949180074284413e+02 7.207081730629412277e+02 7.330432551955482268e+02 7.458064742546346224e+02 7.581679023772517212e+02 7.677419680875096901e+02 7.704521322987911844e+02 7.586860977186233868e+02 7.274270563283370166e+02 6.801843366395486328e+02 6.240185515383025177e+02 5.635037299801450672e+02 5.017134357142332988e+02 4.403755360741531604e+02 4.623337596258948565e+02
4.104202559606821410e+02 4.729832460050863006e+02 5.277009888739405596e+02 5.671685971888975928e+02 5.805362336802061236e+02 5.669157876713263704e+02 5.279114786247400843e+02 4.741167392045732072e+02 4.126940632690306074e+02 4.687417926696891186e+02 5.098462414996865277e+02 5.238709821079959283e+02 5.093185168842919666e+02 4.870434926230598762e+02 4.727663180236751259e+02 4.298373739883879807e+02 4.407019828696228956e+02 5.040547612772525099e+02 5.700534865959095896e+02 6.290720149565102020e+02 6.812681904835083060e+02 7.244959229508870067e+02 7.551615960300352981e+02 7.748563550360809131e+02 7.892161219124615172e+02 8.003850900914573003e+02 8.090770767858149384e+02 8.129534147177450905e+02 8.070282484982922142e+02 7.819873988205725936e+02 7.394190407965866143e+02 6.859749679433381289e+02 6.267497515270458734e+02 5.653176758372463837e+02 5.045575301068095655e+02 4.459664261312440203e+02 4.792897862819302759e+02
4.300460911607094658e+02 4.933591385112421790e+02 5.489731989914860151e+02 5.893759749700665225e+02 6.035496707582124145e+02 5.860673271599681584e+02 5.445449861264744413e+02 4.894667788169878122e+02 4.276132042596584029e+02 4.860807400263272484e+02 5.318331669983510892e+02 5.546246623597244252e+02 5.492535714819232453e+02 5.360559634587757500e+02 5.176313535968652104e+02 4.833233917139875189e+02 4.516591993057808736e+02 5.102501998382817874e+02 5.726297718132660748e+02 6.334857829013516266e+02 6.910195939160989838e+02 7.431344479486031105e+02 7.868889934896900513e+02 8.183559065041748681e+02 8.380022582630348325e+02 8.495430823785173970e+02 8.549040372026610157e+02 8.518033221529296952e+02 8.339028671188635826e+02 7.962897027355885484e+02 7.459919780092570818e+02 6.884571478681357348e+02 6.274457586875248580e+02 5.650069988677290667e+02 5.064160732898185984e+02 4.515706658864557994e+02 4.938852873451897949e+02
4.507457326542223086e+02 5.143247494827863875e+02 5.701246068685970840e+02 6.103923324222795372e+02 6.235506590709956072e+02 6.023008946429877142e+02 5.591973895873612719e+02 5.038212559883569952e+02 4.428030843359865685e+02 5.021286239057685066e+02 5.514494825587272544e+02 5.823515155856962338e+02 5.851008127328523187e+02 5.761198741637563216e+02 5.527457223175493937e+02 5.119334691962492343e+02 4.627278506880265354e+02 5.175731613730907839e+02 5.761640816840155139e+02 6.366796046667006976e+02 6.962799514899494397e+02 7.532504540189800082e+02 8.048661714507815077e+02 8.475358628361517503e+02 8.765144117575906648e+02 8.907675013933396713e+02 8.933613966448602923e+02 8.824497383916399258e+02 8.520676369196736459e+02 8.055531885589725789e+02 7.498677819876669446e+02 6.899338707124202301e+02 6.290079106929969157e+02 5.690388889418248937e+02 5.118471391735236580e+02 4.571900501940471599e+02 5.052261622971641941e+02
4.725860486556102842e+02 5.360851357819095711e+02 5.915571781148139507e+02 6.310427181683432991e+02 6.425312087416081113e+02 6.193603707933796159e+02 5.751304736256762453e+02 5.193462616487507830e+02 4.583808861289391530e+02 5.191491892903147800e+02 5.713221381544038877e+02 6.071347164483240704e+02 6.161180946344263702e+02 6.081708138766523462e+02 5.781212443059247335e+02 5.308711472493940846e+02 4.739624665570788125e+02 5.257572291428476774e+02 5.806024473949398725e+02 6.391934333396008014e+02 6.989693109680804355e+02 7.585358544478294789e+02 8.146838378228973170e+02 8.639382696618982891e+02 9.016704573183444609e+02 9.217305186346009123e+02 9.220736690032454135e+02 9.013262599761094407e+02 8.612993353735115534e+02 8.087143133269834152e+02 7.492741328031928560e+02 6.879205657062693717e+02 6.277422191489880561e+02 5.694665195221923568e+02 5.146212861614924350e+02 4.628264214647830386e+02 5.153954270601960843e+02
4.958077353459291317e+02 5.588499155994562670e+02 6.135825122588238401e+02 6.519187864807785218e+02 6.616140925791380596e+02 6.370145546798462419e+02 5.918566268958570618e+02 5.355786100303812418e+02 4.743817340243251692e+02 5.364533116117020199e+02 5.907083009488499101e+02 6.296056264731340661e+02 6.423409602632077622e+02 6.316641603515013230e+02 5.959115554878945886e+02 5.447923495868931241e+02 4.853895998833909857e+02 5.346347377043496181e+02 5.864293985624500465e+02 6.412746690257621367e+02 6.998658251827802133e+02 7.620216459355873440e+02 8.208068633145583135e+02 8.736974838771895975e+02 9.160928993535097788e+02 9.411867989129149237e+02 9.397274963438718487e+02 9.119512709616886923e+02 8.664149886660999300e+02 8.097455975581906387e+02 7.463110304170929794e+02 6.829578708196039543e+02 6.243667634779969831e+02 5.695215105742229298e+02 5.177269081715459151e+02 4.684816780525378590e+02 5.228393877211223071e+02
