_codes/_figurecodes/_data/highRvar/nonsteady/20m_HalfMtrThresh_Diffusion_Tc10/topographic_elevation_depth20m_tc10.asc
nrows 200
cellsize 50.0
xllcorner 0.0
ncols 200
yllcorner 0.0
[rows 119 to 135 of 200, columns 0 to 36 of 200]
6.684302636580485412e-05 1.082913480754196144e+03 1.051982715837423029e+03 1.002993492914803483e+03 9.446401034729420871e+02 8.824866702354779591e+02 8.198898255457485220e+02 7.612815509950743262e+02 7.064237498105161421e+02 6.546210042559911244e+02 6.053712648483871135e+02 5.582974526778357358e+02 5.131073536831846695e+02 4.695685824651054077e+02 4.274925633471937090e+02 3.867248619647298256e+02 3.471398478443539375e+02 4.020134028653478140e+02 4.606232531309418619e+02 5.234115758776994198e+02 5.858303740212560342e+02 6.445122391528797152e+02 6.938663799208907221e+02 7.251635342645582796e+02 7.255023860939837732e+02 6.947003940460704143e+02 6.457227488642078015e+02 5.873370962953520120e+02 5.251549303063573007e+02 4.625567184558240683e+02 4.039652512905509525e+02 3.491192703923478575e+02 2.973236318361757071e+02 2.480776726759576434e+02 2.010058503822861837e+02 2.417565254308140936e+02 2.838221490302252619e+02
6.871987859414468817e-04 1.077562396355064720e+03 1.046548091516542399e+03 9.974323249159998568e+02 9.389451242395698500e+02 8.766754371116626317e+02 8.139923593705352687e+02 7.553844792701312372e+02 7.005271116390022144e+02 6.487247234148469488e+02 5.994751769618618482e+02 5.524013151412416391e+02 5.072108363061579439e+02 4.636712975190296788e+02 4.215942592680513599e+02 3.808258200741543078e+02 3.412411507326645506e+02 3.961146544795124669e+02 4.547256278489323904e+02 5.176333721078877943e+02 5.802338643420149538e+02 6.391823491283300882e+02 6.889145202655539606e+02 7.207321103748987525e+02 7.217677890729241881e+02 6.914251671786616953e+02 6.427335935270251639e+02 5.845174569894566048e+02 5.224325053232920482e+02 4.598907798620605831e+02 4.012993035802498412e+02 3.464533106273177054e+02 2.946576718827261629e+02 2.454117253786671711e+02 1.983399091907605225e+02 2.390905783629625603e+02 2.811561868144571008e+02
4.339100326299590894e-04 1.072052813118529684e+03 1.040986091858726695e+03 9.917908769528859239e+02 9.332196385627265727e+02 8.708769981264955504e+02 8.081399823126828323e+02 7.495325006395769378e+02 6.946755572228798883e+02 6.428735063802231480e+02 5.936241221691874443e+02 5.465501682499434537e+02 5.013592583667239637e+02 4.578189193786707847e+02 4.157409054501809464e+02 3.749718911971162356e+02 3.353877578243893822e+02 3.902609710239523793e+02 4.488729412094280633e+02 5.118882229720983901e+02 5.746536818865387204e+02 6.338476468746835053e+02 6.839343272255922557e+02 7.162503611328706938e+02 7.179675874261797617e+02 6.880867511250792177e+02 6.396954302156391350e+02 5.816680089176634283e+02 5.196989353109623835e+02 4.572283517019059218e+02 3.986368661121243235e+02 3.437908619497733866e+02 2.919952236862556560e+02 2.427492893857693446e+02 1.956774790304257579e+02 2.364281447962346761e+02 2.784937359301570723e+02
9.813401274493343228e-04 1.066459372290138390e+03 1.035359697337136367e+03 9.861145418442471282e+02 9.274905233763056458e+02 8.651021767766090989e+02 8.023315673839680358e+02 7.437244864814516632e+02 6.888679570463120854e+02 6.370662222273483621e+02 5.878169687124133134e+02 5.407428791931926071e+02 4.955514902938680848e+02 4.520103290307982888e+02 4.099313995021984738e+02 3.691619752057884511e+02 3.295785307537483959e+02 3.844512506893529462e+02 4.430640806554049504e+02 5.061772129221382102e+02 5.690943602320287482e+02 6.285176157448355525e+02 6.789414608351819425e+02 7.117402688138677149e+02 7.141282610391410799e+02 6.847103301687659496e+02 6.366280896350587000e+02 5.788013829847943725e+02 5.169597904754376714e+02 4.545694184003397140e+02 3.959779235186734354e+02 3.411319084547312741e+02 2.893362716914850807e+02 2.400903487152663160e+02 1.930185447696434267e+02 2.337692063113347274e+02 2.758347821444909869e+02
1.520612520227898644e-04 1.060828980273037587e+03 1.029708479947688147e+03 9.804317925200176660e+02 9.217745206448099680e+02 8.593575087098769245e+02 7.965660339719854619e+02 7.379593550982615398e+02 6.831032282963723219e+02 6.313017873724162428e+02 5.820526315905010506e+02 5.349783630940493140e+02 4.897864508598828479e+02 4.462444569097189628e+02 4.041646859598396304e+02 3.633950129396674811e+02 3.238123700785444044e+02 3.786844341707370063e+02 4.372979810538892025e+02 5.004997067532745518e+02 5.635564143883900670e+02 6.231949227560633062e+02 6.739417658575684982e+02 7.072114875400953906e+02 7.102629226881912246e+02 6.813090968569649704e+02 6.335422962479028683e+02 5.759245343884183512e+02 5.142181633994850927e+02 4.519139648497562121e+02 3.933224604538784206e+02 3.384764353557899881e+02 2.866808002274486284e+02 2.374348892630571584e+02 1.903630914776152565e+02 2.311137484436140710e+02 2.731793156970815062e+02
9.620464455420362458e-04 1.055191266528499909e+03 1.024057402388829360e+03 9.747605154306978648e+02 9.160820193318930933e+02 8.536468440297152256e+02 7.908423463607862232e+02 7.322360693099861919e+02 6.773803326132712073e+02 6.255791623295118598e+02 5.763300705422940382e+02 5.292555798014063839e+02 4.840631049022421735e+02 4.405202792498680537e+02 3.984397524947319198e+02 3.576699835773452492e+02 3.180882151620208447e+02 3.729595022385166203e+02 4.315736221156836336e+02 4.948528996692631949e+02 5.580359818789077053e+02 6.178754836822108700e+02 6.689321286566531626e+02 7.026633685394004942e+02 7.063746608261203619e+02 6.778879029749433585e+02 6.304427871328867923e+02 5.730408369892347764e+02 5.114756214874910256e+02 4.492619760258526753e+02 3.906704620893693800e+02 3.358244273376208184e+02 2.840287946567904669e+02 2.347828933118960322e+02 1.877111027857038437e+02 2.284617476467597328e+02 2.705272208579319795e+02
9.239275025239568329e-05 1.049565235352747550e+03 1.018422433956377859e+03 9.691120718381695269e+02 9.104194903040097415e+02 8.479723828689913034e+02 7.851595100331462618e+02 7.265536334376917011e+02 6.716982734585573098e+02 6.198973496222703261e+02 5.706482871121602329e+02 5.235735318142305914e+02 4.783804604711006050e+02 4.348368155608270058e+02 3.927556270948201700e+02 3.519859018889197841e+02 3.124050446014513227e+02 3.672754726258770575e+02 4.258900248404131048e+02 4.892301846009952442e+02 5.525235157782981332e+02 6.125472247517426467e+02 6.638994757795726400e+02 6.980847728134239105e+02 7.024577441614627560e+02 6.744451715979273558e+02 6.273302144252369317e+02 5.701514593711049201e+02 5.087328516131766492e+02 4.466134368526707590e+02 3.880219133702596537e+02 3.331758696707668719e+02 2.813802397910628770e+02 2.321343509258113045e+02 1.850625664484911681e+02 2.270588153998366181e+02 2.701694643353634433e+02
1.604160921692211522e-04 1.043963590731131262e+03 1.012814209735166855e+03 9.634939529949082271e+02 9.047910846452458600e+02 8.423353562371581802e+02 7.795165704117242740e+02 7.209110915511405437e+02 6.660560936910620740e+02 6.142553910601905045e+02 5.650063226027408518e+02 5.179312618551982723e+02 4.727375665475788651e+02 4.291931255694584024e+02 3.871113748184046131e+02 3.463418172552500209e+02 3.067618764112153826e+02 3.616313972560333241e+02 4.202462492711198365e+02 4.836156278076561534e+02 5.470019642327365545e+02 6.071873974919867578e+02 6.588174356110806684e+02 6.934514252725199412e+02 6.984970494047247485e+02 6.709737810778728999e+02 6.242025932821354672e+02 5.672566072394359935e+02 5.059902650011025003e+02 4.439681953071207658e+02 3.853766622591688247e+02 3.305306101926616407e+02 2.787349836037961381e+02 2.294891063067003074e+02 1.824173288511646831e+02 2.244829955726920332e+02 2.680165444887240938e+02
3.888952695464298635e-05 1.038395683884253685e+03 1.007240528243055564e+03 9.579115958197721739e+02 8.991997277441582810e+02 8.367364918974141119e+02 7.739126097126891182e+02 7.153075248760214890e+02 6.604528735613542949e+02 6.086523659930331860e+02 5.594032559293085569e+02 5.123278508340856661e+02 4.671335107957123682e+02 4.235883067848895962e+02 3.815060955551973052e+02 3.407368112760950680e+02 3.011577681308161232e+02 3.560263634417634080e+02 4.146413917798346915e+02 4.780115844565797261e+02 5.414507450998914919e+02 6.017577303747635824e+02 6.536389895103735626e+02 6.887196903625767845e+02 6.944656677480018061e+02 6.674615404660399918e+02 6.210571642715933649e+02 5.643573971874305926e+02 5.032490732811088492e+02 4.413262376245328937e+02 3.827346950870094702e+02 3.278886352188487763e+02 2.760930123904042262e+02 2.268471460878400308e+02 1.797753775164416936e+02 2.233090963537186724e+02 2.684967348060915242e+02
5.520000606480041701e-04 1.032869724915505458e+03 1.001708228155654069e+03 9.523697505361022877e+02 8.936479454111629366e+02 8.311763670192037807e+02 7.683467455056184008e+02 7.097420497035489007e+02 6.548877284120177364e+02 6.030873889401765382e+02 5.538382015504648734e+02 5.067624157654980195e+02 4.615674172358704936e+02 4.180214920118572763e+02 3.759389216204619970e+02 3.351699978875678312e+02 2.955918161933142869e+02 3.504594900735332885e+02 4.090745826481085601e+02 4.724268559100745506e+02 5.358277779371945826e+02 5.961866793246664429e+02 6.482803520622932183e+02 6.838145009575783888e+02 6.903203558237429434e+02 6.638920849568288531e+02 6.178940322518325274e+02 5.614595807183471834e+02 5.005132850240954099e+02 4.386874142848949418e+02 3.800958622528462456e+02 3.252497952191799868e+02 2.734541765088980583e+02 2.242083210932951545e+02 1.771365625451878714e+02 2.223243152309746620e+02 2.693959576265865508e+02
5.246375810960739270e-04 1.027394735680999929e+03 9.962248493294058562e+02 9.468736939315272139e+02 8.881385975611347021e+02 8.256557212968841668e+02 7.628181286113988335e+02 7.042138158686078668e+02 6.493598070586155018e+02 5.975596079499550797e+02 5.483103077443532811e+02 5.012341079467600480e+02 4.560384443257774478e+02 4.124918470914743693e+02 3.704090160382333465e+02 3.296405223963957951e+02 2.900631551158692787e+02 3.449299270760287754e+02 4.035449845570769867e+02 4.667604350945572378e+02 5.300225117963859702e+02 5.903380779733497548e+02 6.425946055185654586e+02 6.786096306263727911e+02 6.859944438089901269e+02 6.602476004745811906e+02 6.147241958402352111e+02 5.585818410318182714e+02 4.977944164755082284e+02 4.360515774237695723e+02 3.774600160423960347e+02 3.226139423301978582e+02 2.708183281717705881e+02 2.215724836093378372e+02 1.745007362338220673e+02 2.214861148210686963e+02 2.701145164919131503e+02
8.294029586935159834e-04 1.021982659372664671e+03 9.908004358105420124e+02 9.414305538347005040e+02 8.826756803428925195e+02 8.201757978930512536e+02 7.573259414780933412e+02 6.987220046344295952e+02 6.438682898687762872e+02 5.920682027201520441e+02 5.428187547520718681e+02 4.957421111761533439e+02 4.505457828845813992e+02 4.069985688300973834e+02 3.649155707180275954e+02 3.241475593436039162e+02 2.845709558052161583e+02 3.394368538321297137e+02 3.980517901384066590e+02 4.609385895164477915e+02 5.238669876527435463e+02 5.839842804569846066e+02 6.363356448689086164e+02 6.728968850649719116e+02 6.813864570793674602e+02 6.565153741111512318e+02 6.115868655377354344e+02 5.557743906906690654e+02 4.951224398225201071e+02 4.334185807758456690e+02 3.748270100977497350e+02 3.199809303218749506e+02 2.681853209968480201e+02 2.189394873959869585e+02 1.718677520019971325e+02 2.189394852681278962e+02 2.681853074062879614e+02
9.509702736679826818e-04 1.016651062858263799e+03 9.854498689977664299e+02 9.360510396424687087e+02 8.772653735853483568e+02 8.147387829461952151e+02 7.518693964806341228e+02 6.932658274041823461e+02 6.384123873014536912e+02 5.866123832402588505e+02 5.373627533946918220e+02 4.902856400792863951e+02 4.450886543961847792e+02 4.015408831335607260e+02 3.594578052904506080e+02 3.186903142314616844e+02 2.791144237394797187e+02 3.339794813705714205e+02 3.925942209316655749e+02 4.547854892734952159e+02 5.170526756147944525e+02 5.767362075432941992e+02 6.290936777161259670e+02 6.663318515380584586e+02 6.763373243638618533e+02 6.527001841737701398e+02 6.085849181785785049e+02 5.531608235628151533e+02 4.925723252044275569e+02 4.307884137966434537e+02 3.721968339847373954e+02 3.173507487023468343e+02 2.655551446446264663e+02 2.163093222659000503e+02 1.692376003382439364e+02 2.183897889587621250e+02 2.694579154991535006e+02
3.950154001739436494e-04 1.011426956388530584e+03 9.801962351587703779e+02 9.307519908914149482e+02 8.719175724332029631e+02 8.093484183553310913e+02 7.464477343661252462e+02 6.878445237754992831e+02 6.329913381549971518e+02 5.811913879436872321e+02 5.319415432966878825e+02 4.848639385137312843e+02 4.396663091262809075e+02 3.961180433555589957e+02 3.540349657021761232e+02 3.132680197788478722e+02 2.736927967361822880e+02 3.285570467774420536e+02 3.871715261540259121e+02 4.478836246921810016e+02 5.090088337248007520e+02 5.679443653138489481e+02 6.201999115268727110e+02 6.583386921323085517e+02 6.705747745992474620e+02 6.488434985477489363e+02 6.059519793775483549e+02 5.510329618161272265e+02 4.903318700974609783e+02 4.281609331520481305e+02 3.695693453466051324e+02 3.147232560053352017e+02 2.629276580983481040e+02 2.136818446302951884e+02 1.666101365237962852e+02 2.158560561126450921e+02 2.676515304678737834e+02
5.952068969860095909e-04 1.006352372484490957e+03 9.750759618126770647e+02 9.255604303630076402e+02 8.666482803208147061e+02 8.040108196793090656e+02 7.410602228722001428e+02 6.824573605891824855e+02 6.276044084627986877e+02 5.758044826670519569e+02 5.265543918330049564e+02 4.794762781589992642e+02 4.342780246848634533e+02 3.907293286961520380e+02 3.486463233218491951e+02 3.078799381031598159e+02 2.683053427916327678e+02 3.229297109373804346e+02 3.799406059295432669e+02 4.390837284837436982e+02 4.987463716095675181e+02 5.566005112199621863e+02 6.086057116377937746e+02 6.479338248710714652e+02 6.635493550749671385e+02 6.450526009929651536e+02 6.041573617689133471e+02 5.500675041812720565e+02 4.888893366386772641e+02 4.255360912857153153e+02 3.669444771439108308e+02 3.120983710140006906e+02 2.603027765494977075e+02 2.110570410642479828e+02 1.639853512324655753e+02 2.156647956491245566e+02 2.695788450704222896e+02
6.229115014063042527e-04 1.001492330200136053e+03 9.701468479654660086e+02 9.205204986328112682e+02 8.614835885400774487e+02 7.987351912397321030e+02 7.357061552720925874e+02 6.771036301185761204e+02 6.222508897542255681e+02 5.704509589774827418e+02 5.212005923644776431e+02 4.741219569537358893e+02 4.289231042770008457e+02 3.853740428783773950e+02 3.432911737638636396e+02 3.025253571120259153e+02 2.629513576319672552e+02 3.147623209562877946e+02 3.696292107628162285e+02 4.274169820366560089e+02 4.851374599792276285e+02 5.413714610351956935e+02 5.927872114382155360e+02 6.334117416793271786e+02 6.538922481608352655e+02 6.415844378531309076e+02 6.039287197489886694e+02 5.517857956889097295e+02 4.924762197574602283e+02 4.312106836128167515e+02 3.717852613748118529e+02 3.152132270451990621e+02 2.615753356758820587e+02 2.105134846815645346e+02 1.613631031066805690e+02 2.131586513150457165e+02 2.680047224153483398e+02
8.719982355926873081e-04 9.969450843185232998e+02 9.655006349208675829e+02 9.157065464887222106e+02 8.564672334239631937e+02 7.935322713248112905e+02 7.303862574618606232e+02 6.717840572537746766e+02 6.169315063025595691e+02 5.651315412521568078e+02 5.158808714777642308e+02 4.688017060198601484e+02 4.236022838383336193e+02 3.800529212273408461e+02 3.379702445234666470e+02 2.972049990787263027e+02 2.576315709158383811e+02 3.083116468971367112e+02 3.609831823800485040e+02 4.152853544955109442e+02 4.698262870676676357e+02 5.239442498216787953e+02 5.747861423052000873e+02 6.168237260901263426e+02 6.412080603714221070e+02 6.349902328183428608e+02 6.013540309873798151e+02 5.516518406672990977e+02 4.937147095415705849e+02 4.328681475132406149e+02 3.725715348636520048e+02 3.146307538487404827e+02 2.597845845409196954e+02 2.079891242071673219e+02 1.587432507387779310e+02 2.133685351343638956e+02 2.704575684317683226e+02
