_codes/_figurecodes/_data/highRvar/steadystate/20m_HalfMtrThresh_Diffusion_Tc10/topographic_elevation_depth20m_tc10.asc
ncols 200
nrows 200
xllcorner 0.0
yllcorner 0.0
cellsize 50.0
[rows 153 to 169 of 200, columns 111 to 147 of 200]
5.205125224789743470e+02 5.826852068894550030e+02 6.362862666111308272e+02 6.732196042555036684e+02 6.810777839218284271e+02 6.551943178809513029e+02 6.091833107347000578e+02 5.523747097837512001e+02 4.908452451293719037e+02 5.538796921189386921e+02 6.095242701540404369e+02 6.502837604216928185e+02 6.651117477307445824e+02 6.510325490943254181e+02 6.117116324373814678e+02 5.580015935710822532e+02 4.970578600627504215e+02 5.460404390997462087e+02 5.970922924510193752e+02 6.511104896265520665e+02 7.084000071641387422e+02 7.681478735554109107e+02 8.271731365976798998e+02 8.817255412778561094e+02 9.264549475882965908e+02 9.534823392347217350e+02 9.511470923831409436e+02 9.204434512025057984e+02 8.723068967594961123e+02 8.142884712425063753e+02 7.516736795452683282e+02 6.886344665249480386e+02 6.300433653151719682e+02 5.751981168661259289e+02 5.234034452833917612e+02 4.741583634635543945e+02 5.290472511650735896e+02
5.470752963357532508e+02 6.074436364669709292e+02 6.594442526917490568e+02 6.948297945481021998e+02 7.009362605831116753e+02 6.738653584982706661e+02 6.270501950292841684e+02 5.697110975971355629e+02 5.078220708150236646e+02 5.714583158884069007e+02 6.279073356739298788e+02 6.696330636464091413e+02 6.854167957974913179e+02 6.678211354566373075e+02 6.257343117323472370e+02 5.702176039939961356e+02 5.089877792604665387e+02 5.551794520635843355e+02 6.042848602627771015e+02 6.571444115334120397e+02 7.136936848221876062e+02 7.729854066705602236e+02 8.325132366194429778e+02 8.882070710734541308e+02 9.342872535789981612e+02 9.622660064906002617e+02 9.596227510439921389e+02 9.277059530736656825e+02 8.784131770674460995e+02 8.198059736729086353e+02 7.572681312888437333e+02 6.943352251721802304e+02 6.357441073823736133e+02 5.808988550272467819e+02 5.291041874617444591e+02 4.798591075652353766e+02 5.320463636598856283e+02
5.760599692979204747e+02 6.320610658093527263e+02 6.822940514622567889e+02 7.163368136835035784e+02 7.211409286146273416e+02 6.930138822623611077e+02 6.454418640274639074e+02 5.876012882458459217e+02 5.253681831042041495e+02 5.892683194000505864e+02 6.460447035484735352e+02 6.880049519836729814e+02 7.031836148969255191e+02 6.823526679739437668e+02 6.378419601991464560e+02 5.800789136383767755e+02 5.211985430245898669e+02 5.592147575302316227e+02 6.058888270377939307e+02 6.582111925063246645e+02 7.150152047078321402e+02 7.753173872268678224e+02 8.364516635843122003e+02 8.934955911176940617e+02 9.406149508868609246e+02 9.692174746494707733e+02 9.665719641306156973e+02 9.342059481038580770e+02 8.844512022007035057e+02 8.255912515313062841e+02 7.630052379172561814e+02 7.000609890728927667e+02 6.414698533926700748e+02 5.866245961461301022e+02 5.348299327194927173e+02 4.855848558635674976e+02 5.318904647503660499e+02
6.084047612670261742e+02 6.519376900867313225e+02 7.037325983581489481e+02 7.372263247289405399e+02 7.419001255761503444e+02 7.126873464796805138e+02 6.643473865130033573e+02 6.060652009551178026e+02 5.435526372614108368e+02 6.073698997356559630e+02 6.641712814792086874e+02 7.063331158270002561e+02 7.213562815940952078e+02 7.002219035260505962e+02 6.534049962975864219e+02 5.855325729290456138e+02 5.337379316853833870e+02 5.465310166245453729e+02 5.983256462658633836e+02 6.531708999730150254e+02 7.117620788693963050e+02 7.751153501764842986e+02 8.400866192090768436e+02 8.985647271073485172e+02 9.463316654211796504e+02 9.752348042351177355e+02 9.726311886750603435e+02 9.401648304899210871e+02 8.903341754911506314e+02 8.314646442677362757e+02 7.688543769159704198e+02 7.058139544318921708e+02 6.472227995175538808e+02 5.923775362663278656e+02 5.405828769827618316e+02 4.913378041981986257e+02 5.272652514535855062e+02
6.872625505286713405e+02 7.139290309293610335e+02 7.462550877497634474e+02 7.669074311329919738e+02 7.647039187781961118e+02 7.329182848970145869e+02 6.836551361924908861e+02 6.250843816998825559e+02 5.624600587624424861e+02 6.256160738445026936e+02 6.821213853195536103e+02 7.250755929789394258e+02 7.434754194765372404e+02 7.283981365472317293e+02 6.888424904736330063e+02 6.379647645438453765e+02 5.934475535958242745e+02 5.595677200783683247e+02 6.113623416436521438e+02 6.662076226788975646e+02 7.247988590612269491e+02 7.862817126018297813e+02 8.477621555068146790e+02 9.049003149332860403e+02 9.520808949555307663e+02 9.807067562188192369e+02 9.779854515686805598e+02 9.455923781234877197e+02 8.960003879745668200e+02 8.374533908573199597e+02 7.749403966534025585e+02 7.115871443061132595e+02 6.529959688251251464e+02 5.981506983389076595e+02 5.463560430712653897e+02 4.971109753137530447e+02 5.035637602946392803e+02
7.470003693359749377e+02 7.625008653480358589e+02 7.830531527971011201e+02 7.947066452173032758e+02 7.862882736327104567e+02 7.524752527738172603e+02 7.028704115592885273e+02 6.445391590470441088e+02 5.821961097119765327e+02 6.433553116747729064e+02 6.987073395052035494e+02 7.419603944052220186e+02 7.639788546824848936e+02 7.533581001494696920e+02 7.182554463002976490e+02 6.716391100111351307e+02 6.225552133691022618e+02 5.728642265899144377e+02 6.246588461250676119e+02 6.795041646408858469e+02 7.371413191138719867e+02 7.964008060291754418e+02 8.555669749244499371e+02 9.110956365922746727e+02 9.572850899009386012e+02 9.853540893307130091e+02 9.824120761896147087e+02 9.502154609161176495e+02 9.012095979075919558e+02 8.437283450433575354e+02 7.830446285225128804e+02 7.224359541452189433e+02 6.640164152549019718e+02 6.091711258440797110e+02 5.573764767380777130e+02 5.081314215612144380e+02 5.277589422353979671e+02
7.713363438925908895e+02 7.875545182102114268e+02 8.047135122988639750e+02 8.139255126881200795e+02 8.032638073151953222e+02 7.698262656264122370e+02 7.212955709116563412e+02 6.642419349861269211e+02 6.030275645718157875e+02 6.625006460487524009e+02 7.163879065896377369e+02 7.591214424529445068e+02 7.820257942328036052e+02 7.732733196544580778e+02 7.398195697986724326e+02 6.936821672059903676e+02 6.417617643137363075e+02 5.865685417540859135e+02 6.383631681584563466e+02 6.918742703001352083e+02 7.472796435151642527e+02 8.043258001410437146e+02 8.615830194444422432e+02 9.157419548392771276e+02 9.610540550560185693e+02 9.885991569928006584e+02 9.854096158430053265e+02 9.533790848163400824e+02 9.049633563128044216e+02 8.485766054153925779e+02 7.895441019604999155e+02 7.309778588764053211e+02 6.744419387280737510e+02 6.203550736449869873e+02 5.685604280837437727e+02 5.193153882023086680e+02 5.493617046864976601e+02
7.558372829634713526e+02 7.779547002529086512e+02 7.990423353289681927e+02 8.165279754188439938e+02 8.127976090648414811e+02 7.837855833680812339e+02 7.381043579942033830e+02 6.837574340251736658e+02 6.251874883206957065e+02 6.819776114200611801e+02 7.335220561684343465e+02 7.749440036128121392e+02 7.970240119171078277e+02 7.876954250672736180e+02 7.544854537334930455e+02 7.088227805835035724e+02 6.567271162926367651e+02 6.007255859818538966e+02 6.507570962724939818e+02 7.014914544429512944e+02 7.538552897882314028e+02 8.084977022517988416e+02 8.642592704280907583e+02 9.176688762280977016e+02 9.626283145310211466e+02 9.899372697731129165e+02 9.864927330920685336e+02 9.543910867742142727e+02 9.062214944951576854e+02 8.505735286031681426e+02 7.928983575681232878e+02 7.362520647769767947e+02 6.819277761205123625e+02 6.299702910290064892e+02 5.797260667417001514e+02 5.306889313715990966e+02 5.693087311486713133e+02
7.131972455428806370e+02 7.407478722333369205e+02 7.693523051654474330e+02 8.030646212795771817e+02 8.155432698606643953e+02 7.946231108481230194e+02 7.521065063421656305e+02 7.017671942892393417e+02 6.490081419109093304e+02 7.000326404719485254e+02 7.479053993430809442e+02 7.883186687092083957e+02 8.083431960323960084e+02 7.956995996698071849e+02 7.618028740256855826e+02 7.177993266577966551e+02 6.685157409850777412e+02 6.153893981011754022e+02 6.612430661345670160e+02 7.068228429012061724e+02 7.543669841984600453e+02 8.066288193994864741e+02 8.620493224038509652e+02 9.161064887204800016e+02 9.617274429086551208e+02 9.892847766111350438e+02 9.855057920758727050e+02 9.528219919533332813e+02 9.041278358777088897e+02 8.483815233892070182e+02 7.914532096633290621e+02 7.366235168897878793e+02 6.851865000296804737e+02 6.368179200293644726e+02 5.895249738455278248e+02 5.422632033546517505e+02 5.881164518132832200e+02
6.553607863422417950e+02 6.866149200344291330e+02 7.223659782734397368e+02 7.809575345163477778e+02 8.162240324571718020e+02 8.058500247215840773e+02 7.605481974637640405e+02 7.134768749933632535e+02 6.749933967712232743e+02 7.115824961356635185e+02 7.551157761687022685e+02 7.998857514345638720e+02 8.162976532254419908e+02 7.949567398792853510e+02 7.586768873124213997e+02 7.180530639448561487e+02 6.755383369526333581e+02 6.306259875105331503e+02 6.679272450763758115e+02 7.041119751940256037e+02 7.433537665454722401e+02 7.952943641525622525e+02 8.537803355987375653e+02 9.113628583963557048e+02 9.590715452404150483e+02 9.873359482721933773e+02 9.829389020490361872e+02 9.488525862983346997e+02 8.983042431581801566e+02 8.407572152666108423e+02 7.830954645191628742e+02 7.292422984741182290e+02 6.811635140990928221e+02 6.395044355834434100e+02 5.978709760852107138e+02 5.540505198935771887e+02 6.047673094256202830e+02
7.199470153368099545e+02 7.480942190538861496e+02 7.741612019373560543e+02 8.196019611895840171e+02 8.457895531561683811e+02 8.414859297560865343e+02 8.129445612211095522e+02 7.757823366289417208e+02 7.383465373170087105e+02 7.730892392263467627e+02 8.061291968285527219e+02 8.309801965173468261e+02 8.268616632001757125e+02 7.849701781412354649e+02 7.414367458570081908e+02 7.056856158846557037e+02 6.744314533721873204e+02 6.465718158181369972e+02 6.656755064814594789e+02 6.858742475979329356e+02 7.075604581436003855e+02 7.709138265277963455e+02 8.406252940250044503e+02 9.066103883027662960e+02 9.570018543942128417e+02 9.857298718149244223e+02 9.801562653852788571e+02 9.437715731428028221e+02 8.895791797515171311e+02 8.270228860626120877e+02 7.655489436934032028e+02 7.096183893786084127e+02 6.620472935797690752e+02 6.349715540133853438e+02 6.043619519420308279e+02 5.660858787566020283e+02 6.223653869761335500e+02
7.808651562599419549e+02 8.074928170094233337e+02 8.342805485617242311e+02 8.646917966739549684e+02 8.834445077568237821e+02 8.827500597964137796e+02 8.649649158381843108e+02 8.377122626590620484e+02 8.080578205574488493e+02 8.352328023021552781e+02 8.583129993265173425e+02 8.717173813808439036e+02 8.645911476056961646e+02 8.356885442897472558e+02 7.994008252717727601e+02 7.642771115059797467e+02 7.292769992239358317e+02 6.983666172764053499e+02 7.125309849159802980e+02 7.242687820452879350e+02 7.302307266200651839e+02 7.915127401275854027e+02 8.532999496186428132e+02 9.115145466095698339e+02 9.589540326448919814e+02 9.863173856811605447e+02 9.792123752890563537e+02 9.405439079326259844e+02 8.817291553840886991e+02 8.079864241980563975e+02 7.382751452781920989e+02 6.749220596773380976e+02 6.163311517636698227e+02 6.035117818178371181e+02 5.907966303931996208e+02 5.782078685853721254e+02 6.424803626094447964e+02
8.329282261869979038e+02 8.577313779520305843e+02 8.820923326140475638e+02 9.052661517948276924e+02 9.203400953091623933e+02 9.228709770484288129e+02 9.138390091162025328e+02 8.980407293563223448e+02 8.867469408911889559e+02 8.976007595575030109e+02 9.109915846969631730e+02 9.173185372050061233e+02 9.089955412936432140e+02 8.866330085750381613e+02 8.557631453653054905e+02 8.228112263052995559e+02 7.878685970607283480e+02 7.532122999909012151e+02 7.600926320520321724e+02 7.619362786855937202e+02 7.540516260133273363e+02 8.104383212765978897e+02 8.654929783553882316e+02 9.176195754323819074e+02 9.620014397975495513e+02 9.886819087813631768e+02 9.817631484401065336e+02 9.435169222001281923e+02 8.864031881911179198e+02 8.195117087634935160e+02 7.514832499906556222e+02 6.881300748692888192e+02 6.295391137151228804e+02 6.408181793967272597e+02 6.342489790694251042e+02 6.157040865158976430e+02 6.722385392577176617e+02
8.681619485388050634e+02 8.907001122383559277e+02 9.122797142258148142e+02 9.317419624791206161e+02 9.457895414523168256e+02 9.521360808579735249e+02 9.511774742847294419e+02 9.452819037015008234e+02 9.430084585957807803e+02 9.498520204461982530e+02 9.584262141960564350e+02 9.616589079101197513e+02 9.538761417917812651e+02 9.362450109173316832e+02 9.102570666821633267e+02 8.806569716247183806e+02 8.473451471736784697e+02 8.118039700856370473e+02 8.097862282293235694e+02 8.008934577593862514e+02 7.792441382560458578e+02 8.267809365570317368e+02 8.729955230923521867e+02 9.188871511308617528e+02 9.623556890520101206e+02 9.916520285438249402e+02 9.874036362295854588e+02 9.506780892017667384e+02 8.954090670720837579e+02 8.313040848532081100e+02 7.649010466919647797e+02 7.015477765732642865e+02 6.429567452722608323e+02 6.726021515465664606e+02 6.757427339093446790e+02 6.564538835134170540e+02 7.035248911110272729e+02
8.747288613803808630e+02 8.942632881751018203e+02 9.130641375528859953e+02 9.305082321035880568e+02 9.453523617962276830e+02 9.567661361143156000e+02 9.648483027800074296e+02 9.697956933337952705e+02 9.751052891702992156e+02 9.835606976627678932e+02 9.922161361015512284e+02 9.966214403446580263e+02 9.922746811588467608e+02 9.803809094749062751e+02 9.604212289416248041e+02 9.361098398705668160e+02 9.068790936840097174e+02 8.751575564698459857e+02 8.630085141965270168e+02 8.436802338639613481e+02 8.061126832455627209e+02 8.355080806118686496e+02 8.684488413311906925e+02 9.069327322674475909e+02 9.561783598856355866e+02 9.963558599327541287e+02 9.966918387830526171e+02 9.609008656938862032e+02 9.064983370247493895e+02 8.437056981399813367e+02 7.785400589166727059e+02 7.151866913875304590e+02 6.565955736367009195e+02 7.003214882194757820e+02 7.216317167489536359e+02 7.291503080737367100e+02 7.534758564328135435e+02
8.490162858605989413e+02 8.661639931255107285e+02 8.834477926436113648e+02 9.003371443732630723e+02 9.163197905648919459e+02 9.312047097852694151e+02 9.453897283277806309e+02 9.600072760142153356e+02 9.733573031457548268e+02 9.870124713599238930e+02 1.000205214217554044e+03 1.010758801324756860e+03 1.014939841396568795e+03 1.012097845091236991e+03 1.001338223185203105e+03 9.855796477119801011e+02 9.636689196165466456e+02 9.394812844281044590e+02 9.201446590490509152e+02 8.968330642134229720e+02 8.647045801713633182e+02 8.940999299945883649e+02 9.270405747874608551e+02 9.623477915555832851e+02 9.982297850275583642e+02 1.022051043196239334e+03 1.013000368787761772e+03 9.738739590825756522e+02 9.186035109987916485e+02 8.561651362402653831e+02 7.920404215168670135e+02 7.290939748934098361e+02 6.705027557010225792e+02 7.245341120461187074e+02 7.616530361253009005e+02 7.820625225524148618e+02 7.988860905687316745e+02
8.029429075194788084e+02 8.188775191114090148e+02 8.354841298747815017e+02 8.523441571601249507e+02 8.692391621904296244e+02 8.862267052985858982e+02 9.037703254695604755e+02 9.228390519887409482e+02 9.407896745801334646e+02 9.586472279881851364e+02 9.764954291745257251e+02 9.937820784848272524e+02 1.009800615716022321e+03 1.020840080805316575e+03 1.025191759590451966e+03 1.023169709060072933e+03 1.012463971570461354e+03 9.961385779098644662e+02 9.777580495123850142e+02 9.554821592321815160e+02 9.280581479869432542e+02 9.574533780642896090e+02 9.867249259229528207e+02 1.015211178427529944e+03 1.039943577872716560e+03 1.051038922271541196e+03 1.031511052487781853e+03 9.875089080467438407e+02 9.303335616862435700e+02 8.674669530350074638e+02 8.041171269042982885e+02 7.430364850958861780e+02 6.846967456950742417e+02 7.434576362810545334e+02 7.909549076509844099e+02 8.220519517968504033e+02 8.373825780587718555e+02
