_codes/_figurecodes/_data/highRvar/steadystate/20m_HalfMtrThresh_Diffusion_Tc10/topographic_elevation_depth20m_tc10.asc
ncols 200
nrows 200
xllcorner 0.0
yllcorner 0.0
cellsize 50.0
[rows 51 to 67 of 200, columns 111 to 147 of 200]
6.992163895180914324e+02 7.149879282649709467e+02 7.306970719753064714e+02 7.464932637310350856e+02 7.623665774438263725e+02 7.785891280023271293e+02 7.952349639323361998e+02 8.124128978475148415e+02 8.301842122453343791e+02 8.486052004763496370e+02 8.665850541107796516e+02 8.831353734739999481e+02 9.036386701093298370e+02 9.231637378555104760e+02 9.409352016303487289e+02 9.524023753216175692e+02 1.015734695784315136e+03 1.081582230857716013e+03 1.135249748957258817e+03 1.172137362812017273e+03 1.187181422709016488e+03 1.176079666299622431e+03 1.147970914587629522e+03 1.115676791294331224e+03 1.096662119075077044e+03 1.116916859267794280e+03 1.146819840844783812e+03 1.208272196937047056e+03 1.260752720843398947e+03 1.298920925661411275e+03 1.323997792451913710e+03 1.343081275840433591e+03 1.358021080378844317e+03 1.375382496043879883e+03 1.391156353280174471e+03 1.406259890518473640e+03 1.422151687084114883e+03
7.600095129050259857e+02 7.769154870741607510e+02 7.933583970071555314e+02 8.096648834348491164e+02 8.260154501975235917e+02 8.426077434973722120e+02 8.595436625037175418e+02 8.768737149360864578e+02 8.945496156391819795e+02 9.123272571938834972e+02 9.294233762697560906e+02 9.450329782441364159e+02 9.619957469152157046e+02 9.772685637089059583e+02 9.877048952317811654e+02 9.873654767564324857e+02 1.049856585823924206e+03 1.107366425480925500e+03 1.153417720892480475e+03 1.181283978734094489e+03 1.182192867124694658e+03 1.156107104329642425e+03 1.110674751113690718e+03 1.052083684457943036e+03 1.002838482640448206e+03 1.044903469649065073e+03 1.091974448445018425e+03 1.166297556584214362e+03 1.219765987191743307e+03 1.252160821246270643e+03 1.272915086159559678e+03 1.289309678044202883e+03 1.303294046769590523e+03 1.323296551203161926e+03 1.342677379524682692e+03 1.361945478535517395e+03 1.382599249116187821e+03
8.172593041335725275e+02 8.353358499145061842e+02 8.525670535509225374e+02 8.694676014754709286e+02 8.863420082744539741e+02 9.033911590876200535e+02 9.207145752141643698e+02 9.383225447895847537e+02 9.560982864911387651e+02 9.736903614558152640e+02 9.902719453757251813e+02 1.004729104291910517e+03 1.019256078368367753e+03 1.030988495298121052e+03 1.035799906881513607e+03 1.026914693715338672e+03 1.085292854603186925e+03 1.134728926354601754e+03 1.170187842370694170e+03 1.184892449164563686e+03 1.170907717592839163e+03 1.135609052920761087e+03 1.086770825887938599e+03 1.029816264141962165e+03 9.710544522884989647e+02 1.028395788901794276e+03 1.083066367779425036e+03 1.137490703571546192e+03 1.177411328486330831e+03 1.200141578614645368e+03 1.215969716930596178e+03 1.229278035679947834e+03 1.239459145500528166e+03 1.263195886070901452e+03 1.284647610486690610e+03 1.305687454672409103e+03 1.328912661711726059e+03
8.661367086998354807e+02 8.851370715573534653e+02 9.030241044784394262e+02 9.205011894387552047e+02 9.379508692370341123e+02 9.555768477034108628e+02 9.734632415236210363e+02 9.915989014141601956e+02 1.009873582846741897e+03 1.028018018637453451e+03 1.044976920374167094e+03 1.059194000978275653e+03 1.072885141940270387e+03 1.083299964709846790e+03 1.086265665269298552e+03 1.073968121138157585e+03 1.123865873888992610e+03 1.162134702295891884e+03 1.182997098401163839e+03 1.178582608372847517e+03 1.151494361087854713e+03 1.110334261898391560e+03 1.060881746985041218e+03 1.003812544647490654e+03 9.428358290988288672e+02 1.004672532234412074e+03 1.058737026446752907e+03 1.101052345661426671e+03 1.128262713108721300e+03 1.144263940208949407e+03 1.156338832746458820e+03 1.168049812876536407e+03 1.176106014056534832e+03 1.201368735327550894e+03 1.222936790026845983e+03 1.243409128780868059e+03 1.268694314672586643e+03
8.989995444897308516e+02 9.181507253868984435e+02 9.362857222785885369e+02 9.542155089225275333e+02 9.722939284594609717e+02 9.906695519218678783e+02 1.009379961284280284e+03 1.028387000977499611e+03 1.047650021989775723e+03 1.067644712959500339e+03 1.086731500326241076e+03 1.102751456183428445e+03 1.117970782718996134e+03 1.130581432575934514e+03 1.138682277692779508e+03 1.143405663835955693e+03 1.168620862139039446e+03 1.187088100511258972e+03 1.185525578687469306e+03 1.162084207303876838e+03 1.124232883877891936e+03 1.079417582047184169e+03 1.035953486732659030e+03 9.802752197245961270e+02 9.171238151447997780e+02 9.761306234761665337e+02 1.023867232173610546e+03 1.054689393022212698e+03 1.074285272021612627e+03 1.086246733256573179e+03 1.095583258109626968e+03 1.108416607968756125e+03 1.117514859151660175e+03 1.141377594067711925e+03 1.161338194197370285e+03 1.180055986620470776e+03 1.206958902866888820e+03
9.042657168358109629e+02 9.218431009192227066e+02 9.395211100238541349e+02 9.577355122189919712e+02 9.765488712694825608e+02 9.959376972756635951e+02 1.015838491050449761e+03 1.036101773585641013e+03 1.056304024077873919e+03 1.080493849388410354e+03 1.104694851173035204e+03 1.126303341750756090e+03 1.145607420800022737e+03 1.163326656460664935e+03 1.177775482157108627e+03 1.187847453172250653e+03 1.200001072689991815e+03 1.198366605358189645e+03 1.175503726946470579e+03 1.136481278589516705e+03 1.087603327255306795e+03 1.034155629000091267e+03 1.001658419420647760e+03 9.522204495627789811e+02 8.926489425163870237e+02 9.450063223403176380e+02 9.813925897799211953e+02 1.002648832353762714e+03 1.017624273548868928e+03 1.027980251935610795e+03 1.036992178600753732e+03 1.051516031756111261e+03 1.062669502245135618e+03 1.084357839093729808e+03 1.102747083207316791e+03 1.121464839819180725e+03 1.146959087722118511e+03
8.781292801429480051e+02 8.932561212341565806e+02 9.103099697629496632e+02 9.286811505574315788e+02 9.480270211223714796e+02 9.681699312393523087e+02 9.890062612807146252e+02 1.010465067154612711e+03 1.032629244649495604e+03 1.062743351194275192e+03 1.091113327485974878e+03 1.117783208460996548e+03 1.142276717310829099e+03 1.168908370979401752e+03 1.193356190886587001e+03 1.209785967271531263e+03 1.214154236544134847e+03 1.196217163750298141e+03 1.158700602309818123e+03 1.106506561428588839e+03 1.047108108705519044e+03 9.849103586178258638e+02 9.605107108616626874e+02 9.206882606300454199e+02 8.690331461942081432e+02 9.071054165525981716e+02 9.306329800645581827e+02 9.463393231052730243e+02 9.595777107820158562e+02 9.704075288176381946e+02 9.821467383362474948e+02 9.974783891795955242e+02 1.010874694036961500e+03 1.030203018593172828e+03 1.047901751641615192e+03 1.066619505727172964e+03 1.089518512939448101e+03
8.303902978465456499e+02 8.444072749586849795e+02 8.614511412049791943e+02 8.801658048137906007e+02 8.999997532701620457e+02 9.207315295546612788e+02 9.422580814507348350e+02 9.645099598972481090e+02 9.876649569260147246e+02 1.020236429953399465e+03 1.051508996885799888e+03 1.082180187925102700e+03 1.112259216639386068e+03 1.147466805052478776e+03 1.182947588020635749e+03 1.208630583049723100e+03 1.213579617837355727e+03 1.189945398506254151e+03 1.144004210698967881e+03 1.078411309043540541e+03 1.008700577133716024e+03 9.453474671282700683e+02 9.110972150919162686e+02 8.781564469596015670e+02 8.458109203855848364e+02 8.594827245620948588e+02 8.732205090501037148e+02 8.870935113848750007e+02 9.011779438552185866e+02 9.155617933411897411e+02 9.303516632111220588e+02 9.456834007579207082e+02 9.616294088472739077e+02 9.784081648063875036e+02 9.961069449163530862e+02 1.014824732472885103e+03 1.034673204746465444e+03
7.687216781723514032e+02 7.840144167234240058e+02 8.019666481966620495e+02 8.212845590041415562e+02 8.415963651772948424e+02 8.627937814079945156e+02 8.848312230454016571e+02 9.075259341786033929e+02 9.299625419708758045e+02 9.640310560952050309e+02 9.967874549953322685e+02 1.030260722209398182e+03 1.065086541477390028e+03 1.107121921327878681e+03 1.157640475953443911e+03 1.194712744986420148e+03 1.207187599912104361e+03 1.186313187177752752e+03 1.142810175653715987e+03 1.085905894042890395e+03 1.025691064001011000e+03 9.696585969676631294e+02 9.226472850874996539e+02 8.783301981425547638e+02 8.340827152507738447e+02 8.754866437852186891e+02 9.078370227528122314e+02 9.336165453240478200e+02 9.546483017799965864e+02 9.739901334986622032e+02 9.905067257811260788e+02 1.006504484128517106e+03 1.020934081980617975e+03 1.036114112513134160e+03 1.052560213920407477e+03 1.069612369418265189e+03 1.087073020890256885e+03
6.998083348026918884e+02 7.187151351603702096e+02 7.381257363302676140e+02 7.580878983455792195e+02 7.787867147995884807e+02 8.003213940441712566e+02 8.228162150634800582e+02 8.464305295046268611e+02 8.713746032499760759e+02 9.016501497854375202e+02 9.339932668961675972e+02 9.689648836708722683e+02 1.007446077575525806e+03 1.054514460565940226e+03 1.128312090413211081e+03 1.176692667893527414e+03 1.198536772315238977e+03 1.184472385275203351e+03 1.144776684137890015e+03 1.091810655940938886e+03 1.034354142494050166e+03 9.778855895734759542e+02 9.246535759210449896e+02 8.733141068527405650e+02 8.225455475827004648e+02 8.739572986132249071e+02 9.196283433178331279e+02 9.599851139269183022e+02 9.935734306921037842e+02 1.021219279807540829e+03 1.042544732945913438e+03 1.060630258887318860e+03 1.074122802864263349e+03 1.086349700443363417e+03 1.098010609799521035e+03 1.108397859945522441e+03 1.119391043884640339e+03
7.032610937882174085e+02 7.364319941827807270e+02 7.648111003111533819e+02 7.881594427298807659e+02 8.097792775955661000e+02 8.312293817139139946e+02 8.530545894270894678e+02 8.751226325374518638e+02 8.958772465662899549e+02 9.222238053217259903e+02 9.519542230860770360e+02 9.852910101313947280e+02 1.022883681370810677e+03 1.068346140478343841e+03 1.121883400356008906e+03 1.166627321430147276e+03 1.190656903972625287e+03 1.180599537386194243e+03 1.143547227863890384e+03 1.092286166954786268e+03 1.035188374196982068e+03 9.771511961477824570e+02 9.203600460468935580e+02 8.651083893563852598e+02 8.112070193714257584e+02 8.652716123484772197e+02 9.169598186951932348e+02 9.657945139346962833e+02 1.010566466291363895e+03 1.049998577406478717e+03 1.080876319194381267e+03 1.103392218639596422e+03 1.116499458104400219e+03 1.123589757348740704e+03 1.124831924491367545e+03 1.118571718764022762e+03 1.111490111585490240e+03
6.944370732029635747e+02 7.333071513500802894e+02 7.644064905547791113e+02 7.885695012125801213e+02 8.099399510696916877e+02 8.307296542856797714e+02 8.517402973229807230e+02 8.732609252829331581e+02 8.955483694850709071e+02 9.206244466797718360e+02 9.489096277939761421e+02 9.810721437978185122e+02 1.015251125658793171e+03 1.061245236574605542e+03 1.112366942033756004e+03 1.157052942307582953e+03 1.182690270615582904e+03 1.174991875770318757e+03 1.139272246159096539e+03 1.088479631163308795e+03 1.030937901361993454e+03 9.714829075599533326e+02 9.125114097703914240e+02 8.549356060083931652e+02 8.000891999112865278e+02 8.537153502900741842e+02 9.076850310765505583e+02 9.613967908125151780e+02 1.012714225960694534e+03 1.059642579878707238e+03 1.099431927365746105e+03 1.129079719926756297e+03 1.143519550919361564e+03 1.142836044545442746e+03 1.126250249810014111e+03 1.095223669044630014e+03 1.052231744485020499e+03
6.805538205192215173e+02 7.149116284634628755e+02 7.397910170251634554e+02 7.597094382384827895e+02 7.793443615586332953e+02 7.991042715469757240e+02 8.193338349275664996e+02 8.402826146775239522e+02 8.622877051766823797e+02 8.861653076320166065e+02 9.129521125837576392e+02 9.456668445573322970e+02 9.794594932182047842e+02 1.036387710526134242e+03 1.096196496326168244e+03 1.146275925927456228e+03 1.174599758429841131e+03 1.168150445697322084e+03 1.132606681204571714e+03 1.081520617040184561e+03 1.023326289382777077e+03 9.628811188909500061e+02 9.026474649725549853e+02 8.440555002189967126e+02 7.892091156071946898e+02 8.410048959223458951e+02 8.958511370381798997e+02 9.539115957402365211e+02 1.009571987965917401e+03 1.061155673958489388e+03 1.105569770842011167e+03 1.138261297702845241e+03 1.152711179331672838e+03 1.141604374741749552e+03 1.110985840409787670e+03 1.066551130306042751e+03 1.011481765274619079e+03
6.610523404027962897e+02 6.776399289273533668e+02 6.946840956014717676e+02 7.122296394473248711e+02 7.304134449745724851e+02 7.492245054843633625e+02 7.687413178633298685e+02 7.890606734842281185e+02 8.103043209430212528e+02 8.326291450928649738e+02 8.562434425168133885e+02 8.928306428751726571e+02 9.323911709849741101e+02 1.002097867774794622e+03 1.080951115093344242e+03 1.139472985660943323e+03 1.169001299802977883e+03 1.161088547785574519e+03 1.124151473229328758e+03 1.072086181645883698e+03 1.013211358319713099e+03 9.523247747423014289e+02 8.920032163027780143e+02 8.334112166299198634e+02 7.785648725017716743e+02 8.331671686720358139e+02 8.899675630337918619e+02 9.484351150968926731e+02 1.006133838944430522e+03 1.060289083075499548e+03 1.106832459197774142e+03 1.139530656823490972e+03 1.148664470111184983e+03 1.128508881887024472e+03 1.089164635419932665e+03 1.037447760143160167e+03 9.779078449793003074e+02
7.244030449622305241e+02 7.407708213810863072e+02 7.574508694163127984e+02 7.749850514385944962e+02 7.939922218632781323e+02 8.127764153734001411e+02 8.318136504590487448e+02 8.510192118906102223e+02 8.695218977167035064e+02 8.844443533786126181e+02 8.860671390679376600e+02 9.184103084119321920e+02 9.765711729123268015e+02 1.038985590817692582e+03 1.100352547173856237e+03 1.147553800557368277e+03 1.169089414966786990e+03 1.154296927160458381e+03 1.113929291546665581e+03 1.060207697061668796e+03 1.000584952465720107e+03 9.395116624472716467e+02 8.799310981845331980e+02 8.228130997676943252e+02 7.681269666590025054e+02 8.229732542945914702e+02 8.813538251337948850e+02 9.410103194628197798e+02 1.000055908253821599e+03 1.055488414632162176e+03 1.102571696907350315e+03 1.133877387619312231e+03 1.137915580178557775e+03 1.111784720956561841e+03 1.066903814568638381e+03 1.010913545778696857e+03 9.489229069581248268e+02
7.892224214688259281e+02 8.034456362011668489e+02 8.190195350565325043e+02 8.358954701860774321e+02 8.546893657674413589e+02 8.729355049201808470e+02 8.913314817179189049e+02 9.097203080460988076e+02 9.269334629202627411e+02 9.403607239169822378e+02 9.465650967408355427e+02 9.549972698504035407e+02 1.013620106095877190e+03 1.073168980848505726e+03 1.125837062414236698e+03 1.162178782343979265e+03 1.170250693377641028e+03 1.145677408177549523e+03 1.100928191843793002e+03 1.045362832359792492e+03 9.850041125899321059e+02 9.231163713684792356e+02 8.645245409944694757e+02 8.096782551351752772e+02 7.578826434451636942e+02 8.127288619205099849e+02 8.713208877467906177e+02 9.321325897725527057e+02 9.921013165109106922e+02 1.048101247095949702e+03 1.094943317434593837e+03 1.124425484145831660e+03 1.124070557891745466e+03 1.093648829218853962e+03 1.045092149269443553e+03 9.864274765844576223e+02 9.229373649422652761e+02
8.486667678598221300e+02 8.611797167309124461e+02 8.751215566626963209e+02 8.903551614790496842e+02 9.075863566782868475e+02 9.243135667349813502e+02 9.419161632182333506e+02 9.602613825583790685e+02 9.781671826230038960e+02 9.928262294993957084e+02 1.000106390827020391e+03 9.970598207868788450e+02 1.044128180671696555e+03 1.105331942846331458e+03 1.151053018280228343e+03 1.176102238274616184e+03 1.170140830792048973e+03 1.136977436717321780e+03 1.087845008284814412e+03 1.030488179641134138e+03 9.700896471934563579e+02 9.103968304632027184e+02 8.535153576327917335e+02 7.995693581777634336e+02 7.478321917989291023e+02 8.026783319114917958e+02 8.612703497889091295e+02 9.226734991635253209e+02 9.831117975023659028e+02 1.039215867784655075e+03 1.085419454506234160e+03 1.112995019196591329e+03 1.108872721056389082e+03 1.075176011775132338e+03 1.024033981444181791e+03 9.635887742969580358e+02 8.991163243299565693e+02
