_codes/_figurecodes/_data/highRvar/steadystate/20m_HalfMtrThresh_Diffusion_Tc10/topographic_elevation_depth20m_tc10.asc
ncols 200
nrows 200
xllcorner 0.0
yllcorner 0.0
cellsize 50.0
[rows 153 to 169 of 200, columns 148 to 184 of 200]
5.760145979181286293e+02 6.106000668966681815e+02 6.256898943171247538e+02 6.202438919199828433e+02 6.000078513609383890e+02 5.696226635799469022e+02 5.327801825539522724e+02 5.394903099049308821e+02 5.924680353618218760e+02 6.486898405687500144e+02 7.063590219820813445e+02 7.608566691982050543e+02 8.073444410597326168e+02 8.413988317017998497e+02 8.646658206808513114e+02 8.825318026831126872e+02 8.968653493705570554e+02 9.054641063283479525e+02 9.118503911817275593e+02 9.228906010658579362e+02 9.330233173957363988e+02 9.359303065836621727e+02 9.311353407856613558e+02 9.161616772953085501e+02 8.931290700492489805e+02 8.641863004790781133e+02 8.312469426717963188e+02 7.983651909065788459e+02 7.682249396203419565e+02 7.792455381019216247e+02 8.351516354285093939e+02 8.941582441766114471e+02 9.540114065929749358e+02 1.010428206840974894e+03 1.059462098868443036e+03 1.097552417296464000e+03 1.122056908265697075e+03
5.782498431001325798e+02 6.165611529879064392e+02 6.424540181198045730e+02 6.498566501775811730e+02 6.394264188691711297e+02 6.161265721567450555e+02 5.840287303806060208e+02 5.462188365841551558e+02 5.529566252085105589e+02 6.129346734998696320e+02 6.750417136223096577e+02 7.291029018043733458e+02 7.688510926761350674e+02 7.960577951980851594e+02 8.181834310472653442e+02 8.387057618947893616e+02 8.605829874603347207e+02 8.808776379579052218e+02 9.018145305737365334e+02 9.217795986419509973e+02 9.426788354690276037e+02 9.577905053475893737e+02 9.635634736518805994e+02 9.572027704135211934e+02 9.403401364882956841e+02 9.153440502038646400e+02 8.846324954297282375e+02 8.529148058192621420e+02 8.220821571378871795e+02 7.903797802330187778e+02 8.016488089753453323e+02 8.628015206418893968e+02 9.266912837725693635e+02 9.839895697052641026e+02 1.030568190657419791e+03 1.062881552552797984e+03 1.084113214612583533e+03
5.727595517470313098e+02 6.116417028391557551e+02 6.443667044233900469e+02 6.655256885354033329e+02 6.689565766840684091e+02 6.559724272300935581e+02 6.313916006474063352e+02 5.998546414860434197e+02 5.597068297652533602e+02 5.664632696491811430e+02 6.392471994791694669e+02 6.893857329407707084e+02 7.190931659672481828e+02 7.404507265626243679e+02 7.624747609582257155e+02 7.827966090890133728e+02 8.088632172406928476e+02 8.356265317173596259e+02 8.642844729063344857e+02 8.921096629941440597e+02 9.225478092064265638e+02 9.538382916863638457e+02 9.775253594629382405e+02 9.867671826898097152e+02 9.805940579844263993e+02 9.624915462679510938e+02 9.358496627969807378e+02 9.063498888326435008e+02 8.761763912536036969e+02 8.445561195080460948e+02 8.130049013685292039e+02 8.243964600754453613e+02 8.990931547648813194e+02 9.536555898219029359e+02 9.909690564907544967e+02 1.014826964218454691e+03 1.032761610067054107e+03
5.537241545055577490e+02 5.933522811285988610e+02 6.317614486313545967e+02 6.634461012901100503e+02 6.830787878188377817e+02 6.848638533056428059e+02 6.706487445663292419e+02 6.461155486171636539e+02 6.103994610934896627e+02 5.732290995779217155e+02 6.177830333346209954e+02 6.465085905526441366e+02 6.627013916680131160e+02 6.770630440977985245e+02 7.031157729921833379e+02 7.183745551478135667e+02 7.481200619084646632e+02 7.783984835846475789e+02 8.112005360637901958e+02 8.447752570622750454e+02 8.826409286058426460e+02 9.307249394545081032e+02 9.716283317514346436e+02 9.999802021980055997e+02 1.010422534143170424e+03 1.003073623194653351e+03 9.829856746810554569e+02 9.573183535692435271e+02 9.290118015052805731e+02 8.982099976675706330e+02 8.692887269349591861e+02 8.358419042086966328e+02 8.841152216682630751e+02 9.185161050722518894e+02 9.410791510046370831e+02 9.579155577730703044e+02 9.734744248287952360e+02
5.100219185764451595e+02 5.600187532792318734e+02 6.060965698836076854e+02 6.468025034584400146e+02 6.788572100224569112e+02 6.976584515251382754e+02 6.973251498339210457e+02 6.784099154799424696e+02 6.393658746936632724e+02 5.800012127083219866e+02 5.868082473974552613e+02 5.936313536665296624e+02 6.004771755142412530e+02 6.073525781647766735e+02 6.492200662390414436e+02 6.550216315434651051e+02 6.840062952860541827e+02 7.152604612460435192e+02 7.495105711018784405e+02 7.870073862530098268e+02 8.305410096678876926e+02 9.002525638728242257e+02 9.562435480615073402e+02 9.988575142881998090e+02 1.026394536631172286e+03 1.034217725428709628e+03 1.023694037931247067e+03 1.003844937435472843e+03 9.783899302967092808e+02 9.468438723940730597e+02 9.089709704167527207e+02 8.473237451534045022e+02 8.590128850317239539e+02 8.708204922606067839e+02 8.827924723074655731e+02 8.949810813293634055e+02 9.103611234416122215e+02
5.165098564880732965e+02 5.230087394713045796e+02 5.732220601487695149e+02 6.202810931832379993e+02 6.614649531344318802e+02 6.929949959848148637e+02 7.095015910236787704e+02 7.029322204409115784e+02 6.749290910984202583e+02 6.317957903603876275e+02 6.425929726802875166e+02 6.454390342603250019e+02 6.411180857000025526e+02 6.142647216758518880e+02 6.211971829311040665e+02 6.281536027022749522e+02 6.664237479304222234e+02 7.045137166344443358e+02 7.440957062353290894e+02 7.865331573371612421e+02 8.338728745967935083e+02 8.893426793071245129e+02 9.435544698932053507e+02 9.915845686362703191e+02 1.029487862165541401e+03 1.052613220682583915e+03 1.055171466551947560e+03 1.043631399363838909e+03 1.023151457406632630e+03 9.932982152919724967e+02 9.530198738950421102e+02 8.965697425277527373e+02 9.133431941251260469e+02 9.208305782300723195e+02 9.222241368126076395e+02 9.129990128205413384e+02 9.431528163162628289e+02
5.497359335640201152e+02 5.295241560923121824e+02 5.360590402330718689e+02 5.875906004290562805e+02 6.354347700299016424e+02 6.766366111232733829e+02 7.070385110362225305e+02 7.203906716183506660e+02 7.137541197661424803e+02 6.995044400418616988e+02 6.992119832861544637e+02 6.978501999031956302e+02 6.912338530424386818e+02 6.744978532177153738e+02 6.629475261842680993e+02 6.352821183209347282e+02 6.424369381340227392e+02 6.841361512569388879e+02 7.273274878841881446e+02 7.730134836250098260e+02 8.221981715800403663e+02 8.752196496143133118e+02 9.289510178351221157e+02 9.797491337636067783e+02 1.023841313614972705e+03 1.057028633791784841e+03 1.074039826236110684e+03 1.073309064971590487e+03 1.060941049824279389e+03 1.037834113299064256e+03 1.006289698267872268e+03 9.662809985986025367e+02 9.719428101476336224e+02 9.716999358606487931e+02 9.621713876246232076e+02 9.310996690087291654e+02 9.498175996144550481e+02
5.811531717424541057e+02 5.679547752414413253e+02 5.426079485604252568e+02 5.491653189512348945e+02 6.013086343933464377e+02 6.492056699034677649e+02 6.901527067798889448e+02 7.206185293818565469e+02 7.371771587833476360e+02 7.429512090794527239e+02 7.465343301765328761e+02 7.464393894092638675e+02 7.411689591605189662e+02 7.276663988650561805e+02 7.105080327357065926e+02 6.836734359073402629e+02 6.496299042169885070e+02 6.568499808871290497e+02 7.021038439492098178e+02 7.500013110646256109e+02 8.009324148187134824e+02 8.545409329488438743e+02 9.089662835993817680e+02 9.613898881616831886e+02 1.008593038044875470e+03 1.047311524253422476e+03 1.074092109573531616e+03 1.086939438715190590e+03 1.085946711482582486e+03 1.074298719435980047e+03 1.056079158232576674e+03 1.035432024355254271e+03 1.030736562144569007e+03 1.024722688243608900e+03 1.012055458705095930e+03 9.896102383283179051e+02 9.688224918939527015e+02
6.109551340291394581e+02 6.058708046975852994e+02 5.883886091367932067e+02 5.557368748715900892e+02 5.623141323583789699e+02 6.140078383048755768e+02 6.617461703104856952e+02 7.033545472309697288e+02 7.370078545556508516e+02 7.623737124017576434e+02 7.784900878312267878e+02 7.858003114191072882e+02 7.856679295317428569e+02 7.758482536460664960e+02 7.586454907078662018e+02 7.330873873628225965e+02 7.007145436986784262e+02 6.641093852350021507e+02 6.713967495252186382e+02 7.212642363510771020e+02 7.744318955176480586e+02 8.299927329378841705e+02 8.858980874364639249e+02 9.391606900989625046e+02 9.866855139854826575e+02 1.026374370997307096e+03 1.055026702650192192e+03 1.075197658421877804e+03 1.087829264684169175e+03 1.093108317278430377e+03 1.090409716931111689e+03 1.084065890267407212e+03 1.081576346202674358e+03 1.075672418995403405e+03 1.064005420878078439e+03 1.046340501007341800e+03 1.027855854547789477e+03
6.370879695235685176e+02 6.409508261181558737e+02 6.299008003882041749e+02 6.018888566501673267e+02 5.689085979710498577e+02 5.761563140917082819e+02 6.278010323600987022e+02 6.759744091357409843e+02 7.195390801878489810e+02 7.575176250258540449e+02 7.885052586030653856e+02 8.097935846572104310e+02 8.195381403011986094e+02 8.168224446736492155e+02 8.037156788589838925e+02 7.813298740346732529e+02 7.514959066042663380e+02 7.165488581934608874e+02 6.787165124544858372e+02 6.860650231279238369e+02 7.422257574263621791e+02 8.006792717169955722e+02 8.582761903247696864e+02 9.106083861493852964e+02 9.536730299186111779e+02 9.888548019186639522e+02 1.016348091438140614e+03 1.041048162099789124e+03 1.063149848288176145e+03 1.083317820972623622e+03 1.098588690023796516e+03 1.110377721979309626e+03 1.118415430226108583e+03 1.119204379552039882e+03 1.112645044539091714e+03 1.100150502357906134e+03 1.085326974569060440e+03
6.611531560115957973e+02 6.717408962862542694e+02 6.614391923745756685e+02 6.281533386146045359e+02 5.821407357311384203e+02 5.834283661610428453e+02 5.907092502553570057e+02 6.418161470290067427e+02 6.906735288962597679e+02 7.362140947406760461e+02 7.770639160280628630e+02 8.111868405126820107e+02 8.358634392533979280e+02 8.461765537484095603e+02 8.418583899822004923e+02 8.256589045291445927e+02 8.002154847185049675e+02 7.681610000529215085e+02 7.319028732874705838e+02 6.934343022318284966e+02 7.008329870646825839e+02 7.627726437815155123e+02 8.214499712628376074e+02 8.684583567772589277e+02 9.045181337277172133e+02 9.362151228575244204e+02 9.637581326035389111e+02 9.914811876658068286e+02 1.019592270878015711e+03 1.048719758463225844e+03 1.075666119881161876e+03 1.107326852202169675e+03 1.133714792609258893e+03 1.149285308331778197e+03 1.152865609185357016e+03 1.147978197654713995e+03 1.138852806301268402e+03
6.854450943927016624e+02 6.992624585357208389e+02 6.858080221710523574e+02 6.476255135959530662e+02 5.954528921521854272e+02 6.112809420497998190e+02 5.980192488311689658e+02 6.053462574714708353e+02 6.567830315577070905e+02 7.066878642142828539e+02 7.538685740433342062e+02 7.966630923352045102e+02 8.326865478090860506e+02 8.582967036930871245e+02 8.685055859515738348e+02 8.626373438549665025e+02 8.444529642782407564e+02 8.172919265844252550e+02 7.840388633630616368e+02 7.470712281476289718e+02 7.082443993685718624e+02 7.156857856181242141e+02 7.756403712674219832e+02 8.148499026873259936e+02 8.457243906190547023e+02 8.748828531225494771e+02 9.027368532285898937e+02 9.323817672033912913e+02 9.640900691304997281e+02 9.986070790831822706e+02 1.033258605528151747e+03 1.083039950455770850e+03 1.126732268890990781e+03 1.159836797045035155e+03 1.179184835689493184e+03 1.185250991883170855e+03 1.184518639734293401e+03
7.124972153462714459e+02 7.252842002187279604e+02 7.066626921797602563e+02 6.643469645605249525e+02 6.088480110369806653e+02 6.363343737431789577e+02 6.339966056777386711e+02 6.127025422449461303e+02 6.200840860347095713e+02 6.721862157926988175e+02 7.230988641700695325e+02 7.715014736908499344e+02 8.155031535994551177e+02 8.523520327562113152e+02 8.782089543154443163e+02 8.879864796480655968e+02 8.810264759958794230e+02 8.616531896175343945e+02 8.335131383334205566e+02 7.995789702297286112e+02 7.621952349376086886e+02 7.231358171580774297e+02 7.306163501991694602e+02 7.558087803369627409e+02 7.817944018726691411e+02 8.089803999589453269e+02 8.375739913981401514e+02 8.683272514652402378e+02 9.019015944536150755e+02 9.393984093644744462e+02 9.814636482035037943e+02 1.051174464948095874e+03 1.109617687376535741e+03 1.153861999387196192e+03 1.185671081762756330e+03 1.205496071980339821e+03 1.216291848247946291e+03
7.396294749602873253e+02 7.493932318103791204e+02 7.245798339079891548e+02 6.790031279034415093e+02 6.223628114167738659e+02 6.588558893336385154e+02 6.680487311483749409e+02 6.536551727331425354e+02 6.274952917889322634e+02 6.349408044750600766e+02 6.877355569965283166e+02 7.394672761445846163e+02 7.887048926933225630e+02 8.333895747307162765e+02 8.706281837766370018e+02 8.964882875728044382e+02 9.058717064238878720e+02 8.982094652893146076e+02 8.781141571084592670e+02 8.493797073479482833e+02 8.150237277892715611e+02 7.773925602803395805e+02 7.382985880204926161e+02 7.460146311029859589e+02 7.780718283494209118e+02 8.113919166969049002e+02 8.458087883518103354e+02 8.809595302745276513e+02 9.172813960330521468e+02 9.558885357058793488e+02 9.983906016263520087e+02 1.048391985061118476e+03 1.097128497098611433e+03 1.139795923164729857e+03 1.173246074864113552e+03 1.198909564645309956e+03 1.224633283919080441e+03
7.746627969206617763e+02 7.743526975966992723e+02 7.434017436015470821e+02 6.944347867019044998e+02 6.360364180669618008e+02 6.799727223623818873e+02 7.003548532718746173e+02 6.933317516195994585e+02 6.714056848056568469e+02 6.424167584590876459e+02 6.499235649434389188e+02 7.033055783273724728e+02 7.556532920594401048e+02 8.054675934970857725e+02 8.506115549114289252e+02 8.881066825716335416e+02 9.139616847097388472e+02 9.230553057564789015e+02 9.149150107188554557e+02 8.943210826336727450e+02 8.651615523262294118e+02 8.304995162014123480e+02 7.927297229382925252e+02 7.537848070942778804e+02 7.615951618102892553e+02 8.008229875024147759e+02 8.409418781771473732e+02 8.791098867347341184e+02 9.162125149555473627e+02 9.538773914526593671e+02 9.931970128131777074e+02 1.033181814937261379e+03 1.072326475540068714e+03 1.108453804478759821e+03 1.138869603957572963e+03 1.166230402724813530e+03 1.206146232175021851e+03
8.095697453867343256e+02 7.988298103756241062e+02 7.619694774131918393e+02 7.098927117416662895e+02 6.498765588289905963e+02 6.988036075666271927e+02 7.295036960342466728e+02 7.315821363289448982e+02 7.152127619356763262e+02 6.900089803983430556e+02 6.574616510649532302e+02 6.650223604870541294e+02 7.188752584592793937e+02 7.717327379319273177e+02 8.220839649783796403e+02 8.676842213450062218e+02 9.054610903828361188e+02 9.313463874053776408e+02 9.401580298806260316e+02 9.315774574723275236e+02 9.105153455503299256e+02 8.809153184632604052e+02 8.458298413141137644e+02 8.075271370938650080e+02 7.694412491578901836e+02 7.773288469427984637e+02 8.242681499051760738e+02 8.610986434076348814e+02 8.941024984548450902e+02 9.266689358662220002e+02 9.596051173657477875e+02 9.918899778907479003e+02 1.025612207915174395e+03 1.058910150916638031e+03 1.089491419710251421e+03 1.115767110489446395e+03 1.173409651753992648e+03
8.409735456687694750e+02 8.206838059379101651e+02 7.788793130751912486e+02 7.246627068888268468e+02 6.639265232212836736e+02 7.176535158986924898e+02 7.560933326905707190e+02 7.684134068805411744e+02 7.585882943674208718e+02 7.382469834343079356e+02 7.097990262523687761e+02 6.726151074133335896e+02 6.802217490561879458e+02 7.345443749749757671e+02 7.881273337979910139e+02 8.391742102684096380e+02 8.853239509165148320e+02 9.233939516050245402e+02 9.491996839613507291e+02 9.575456270885846379e+02 9.483864969501386213e+02 9.266933474781749283e+02 8.963641817663182110e+02 8.603148234784782744e+02 8.229233262489414074e+02 7.852269481256007566e+02 7.931674889443106622e+02 8.200362084365725650e+02 8.475525354008121894e+02 8.757715293144214002e+02 9.047567554666712795e+02 9.345822638920081999e+02 9.658366444193263760e+02 9.987770465192593292e+02 1.033750714594556712e+03 1.072234115390637044e+03 1.146579059028765641e+03
