_codes/_figurecodes/_data/highRvar/steadystate/20m_HalfMtrThresh_Diffusion_Tc10/topographic_elevation_depth20m_tc10.asc
ncols 200
nrows 200
xllcorner 0.0
yllcorner 0.0
cellsize 50.0
[rows 102 to 118 of 200, columns 0 to 36 of 200]
7.887871267058843864e-04 8.892076294452373304e+02 8.562679521764915762e+02 8.037032505610375210e+02 7.850738186170655126e+02 7.705944803694573011e+02 7.528783708137978010e+02 7.340143366582187809e+02 7.119822232818696648e+02 6.886028013496223821e+02 6.653294865788571997e+02 6.385961148256161550e+02 6.099288812344352664e+02 5.790549733867394480e+02 5.428785594827868408e+02 5.022023682399862992e+02 4.553728488661876668e+02 5.184945181254253157e+02 5.796315819606621744e+02 6.341417899949342427e+02 6.738165260979866389e+02 6.861529850682408096e+02 6.633756826435604808e+02 6.196238872842806131e+02 5.679726569557099083e+02 5.169578459585586643e+02 4.644516552525728343e+02 4.095212103012735838e+02 4.267280917638208848e+02 4.221607548351335026e+02 4.153033895858717983e+02 3.997539985118013419e+02 3.723388690821530531e+02 3.424602584640817895e+02 3.120930923128944414e+02 2.885504515712885336e+02 2.523990179495049233e+02
3.027357166856744510e-04 8.674221221746577157e+02 8.272130535219471312e+02 7.566169877392291028e+02 7.145425186950635634e+02 7.089071113459131084e+02 6.918465248532269243e+02 6.729733421479236313e+02 6.524214172102825842e+02 6.316743411058407673e+02 6.118498596747671172e+02 5.903520092399877512e+02 5.681798577803363060e+02 5.459820195815333363e+02 5.200283631345075719e+02 4.890966307892385885e+02 4.484388568007630624e+02 5.121318907792208392e+02 5.731031132932051833e+02 6.260961335211513870e+02 6.619975199654927565e+02 6.661772369216992047e+02 6.338793969136875148e+02 5.793656683811276480e+02 5.209639672913619961e+02 4.798109808924342019e+02 4.373857846004938779e+02 3.878349341315675929e+02 3.901364319855138092e+02 3.790060166151798740e+02 3.737098071273924802e+02 3.574353353169163370e+02 3.194922167084143894e+02 2.799286374432031721e+02 2.441771006044236572e+02 2.469169670476461533e+02 2.496571426669927973e+02
9.782998146009094786e-04 8.584924286568008256e+02 8.194990194390452416e+02 7.559156829035266583e+02 6.770410173510086906e+02 6.520940222165796740e+02 6.290602010113343567e+02 6.075242324249953754e+02 5.869535545333159234e+02 5.672174679067977650e+02 5.482127523921095644e+02 5.296784989781076547e+02 5.115778909021005916e+02 4.938007073551409007e+02 4.762534997784140955e+02 4.588536130230538106e+02 4.415248302412138628e+02 5.054198642763763019e+02 5.663073655606253851e+02 6.186572583133721537e+02 6.527452087041133382e+02 6.520770230016787536e+02 6.107800327970121543e+02 5.335890117049262926e+02 4.547310156997883155e+02 4.229470972085391622e+02 3.939622739393659572e+02 3.664463163727929782e+02 3.490481608992666906e+02 3.319343594955729486e+02 3.352134579261991121e+02 3.270227084390662640e+02 3.053010756331228208e+02 2.772656931644640395e+02 2.414406193843194046e+02 2.746957646392618813e+02 3.002182422622199169e+02
8.896659914949613156e-04 8.606557484544443923e+02 8.244400222542680012e+02 7.709438536700289433e+02 7.099854536238331093e+02 7.041240997690516679e+02 6.889941037898355489e+02 6.710989136103286228e+02 6.507281078254720796e+02 6.296713941772829912e+02 6.092275294536227648e+02 5.870928809356597640e+02 5.646827693973509668e+02 5.389839277188350479e+02 5.104309275740500880e+02 4.757543981999185689e+02 4.349454295112585100e+02 4.987454389064209295e+02 5.597632691129624618e+02 6.127106477775281519e+02 6.483932629372792462e+02 6.516007817238706821e+02 6.169994610946276907e+02 5.580523530036635975e+02 4.922274017516553499e+02 4.767325823735348536e+02 4.534667939459134232e+02 4.239268067121981858e+02 3.862282478877562539e+02 3.155295343005325321e+02 2.994725420231512203e+02 2.840923052002448230e+02 2.688553095805822295e+02 2.537572339877643799e+02 2.387045984945442569e+02 2.806663443581203978e+02 3.211868040021815318e+02
8.849653809058473722e-04 8.701229150286467302e+02 8.305218206316658325e+02 7.853177970975704056e+02 7.457436142672910364e+02 7.563235360327762464e+02 7.466492534972555859e+02 7.301845555016715252e+02 7.082946524330917555e+02 6.839660325690173295e+02 6.590047442902907733e+02 6.302522919164034647e+02 5.985430216947182771e+02 5.616212452814809239e+02 5.213490121431563011e+02 4.770846682606578497e+02 4.283855541717238111e+02 4.918345578695179938e+02 5.530654969071341611e+02 6.075235294034434901e+02 6.472820228946426369e+02 6.592804532112270408e+02 6.337211390674757467e+02 5.835380472939998526e+02 5.342924679979951179e+02 5.300996749130653143e+02 5.103475231619128749e+02 4.796625126367450207e+02 4.399898400420988196e+02 3.852412162710327834e+02 3.591058180839420970e+02 3.354496147413378253e+02 3.088052660525943907e+02 2.769844794320149504e+02 2.359915766388971861e+02 2.811594433859839341e+02 3.264053910016044142e+02
1.776533405841372831e-04 9.071816222465081410e+02 8.841472728742584195e+02 8.533815491685751340e+02 8.246282680951080692e+02 8.163575671800302871e+02 8.012105119427000091e+02 7.808863578872877724e+02 7.538098463865901522e+02 7.229410105918872205e+02 6.887394935998192977e+02 6.500897530127184609e+02 6.089538855363014136e+02 5.653227759358563844e+02 5.196133183274744169e+02 4.717844351473857500e+02 4.218505960741633203e+02 4.839630142334742118e+02 5.450425483697705431e+02 6.012251988642377682e+02 6.463073359695304134e+02 6.711471353997178539e+02 6.646064847048236288e+02 6.351181283142024085e+02 6.046084439320784440e+02 5.871479320334657359e+02 5.634024733276338566e+02 5.290624814254023249e+02 4.869471443543217788e+02 4.392543825890030575e+02 4.027384133977107012e+02 3.666513265378984556e+02 3.266079745305892175e+02 2.826499731250809191e+02 2.332801934956935668e+02 2.786468444403262765e+02 3.247744486154979313e+02
2.157165748406794170e-04 9.517162424416460453e+02 9.371387239790055901e+02 9.145287501516208977e+02 8.893944648932100563e+02 8.698591209638169630e+02 8.451047886825139130e+02 8.148253562759996385e+02 7.777077657635376227e+02 7.374007063921332019e+02 6.949338204702497706e+02 6.505407010750117252e+02 6.048918000116746043e+02 5.583113644110667337e+02 5.110641726249921817e+02 4.633090785102070868e+02 4.153485008705679888e+02 4.763896713219323260e+02 5.374651759349019358e+02 5.954296544597727916e+02 6.454712943331904853e+02 6.806255043740503652e+02 6.916086645897947847e+02 6.781804143344589875e+02 6.578632564422265432e+02 6.357573336737025329e+02 6.043909791825072944e+02 5.622770718832415469e+02 5.149433281315409658e+02 4.661126781259741279e+02 4.199866163186350150e+02 3.744249841539987642e+02 3.278137630347078471e+02 2.798424016964703469e+02 2.305708912193793765e+02 2.741044949860267366e+02 3.192924028417713203e+02
2.219457275972345274e-04 9.973230063656012589e+02 9.859864606130773836e+02 9.652605937534129907e+02 9.370591157879891853e+02 9.060726894771446496e+02 8.685088050810194318e+02 8.270092226501496953e+02 7.825137434238067726e+02 7.364298425053843857e+02 6.894629265934282785e+02 6.419619227439096676e+02 5.943143831705873481e+02 5.469839459140267763e+02 5.002330076667026901e+02 4.540873269845829441e+02 4.088868254814472607e+02 4.674927932249061087e+02 5.285904443171624507e+02 5.878831605421055428e+02 6.417479706729664031e+02 6.848168870296996147e+02 7.101858384480274253e+02 7.107893245807262019e+02 6.965232780465823907e+02 6.693597440680580348e+02 6.294764576563900391e+02 5.816855308086502419e+02 5.301359949588343170e+02 4.777406283794680917e+02 4.263131156240671089e+02 3.757561671103073877e+02 3.258270823512153811e+02 2.765451390829644538e+02 2.278647006571399061e+02 2.699302200468443402e+02 3.134640678695384395e+02
4.332780278405885528e-04 1.038301159747936254e+03 1.025852076429075851e+03 9.999538274227428474e+02 9.629029737564403604e+02 9.204681305726344362e+02 8.741339656670378417e+02 8.256573664633214094e+02 7.763127223874068932e+02 7.268777462808355949e+02 6.776850358528555489e+02 6.288316892498435209e+02 5.803548826572526877e+02 5.332821424483811370e+02 4.880923445538597321e+02 4.445524938887584767e+02 4.024726621653347820e+02 4.603939021691047060e+02 5.202227966922926043e+02 5.803786208288860280e+02 6.370789057445746266e+02 6.856644150472079673e+02 7.199876052720886719e+02 7.320900761271489046e+02 7.200211186908745731e+02 6.881457555925338738e+02 6.436360976897348110e+02 5.919745703860741060e+02 5.371096573272416208e+02 4.816051459077127106e+02 4.268613607178983784e+02 3.732752241709112582e+02 3.214796295659422753e+02 2.722335316123931648e+02 2.251619045513333788e+02 2.659123658602654245e+02 3.079781386905460749e+02
5.712408187953371816e-04 1.069676378624303879e+03 1.051565877780382380e+03 1.017149396308094651e+03 9.728453601668713873e+02 9.231740374812837899e+02 8.706368215569135600e+02 8.171175048003967731e+02 7.645676292791096103e+02 7.133947330976260446e+02 6.635432635717736503e+02 6.147479162827567052e+02 5.676746329732497998e+02 5.224858503850750822e+02 4.789494156721578406e+02 4.368763171227064959e+02 3.961100247019338099e+02 4.509740577994446653e+02 5.095730096212215017e+02 5.714417110983229122e+02 6.302339373093534505e+02 6.823398946178750748e+02 7.221904320997085733e+02 7.421036869984392297e+02 7.324900476659227024e+02 6.991938009870484620e+02 6.521036699781641346e+02 5.977238838215907890e+02 5.402794199375393873e+02 4.823681789651732288e+02 4.254219433048534142e+02 3.705760783456971694e+02 3.187804745340450268e+02 2.695343906603764594e+02 2.224627821037557851e+02 2.620259345073621375e+02 3.027766515722555027e+02
4.843716787298997452e-04 1.088090449708853612e+03 1.063845591596384793e+03 1.023781762818615448e+03 9.743165453168903696e+02 9.197496163097713406e+02 8.625392982860972779e+02 8.039284972503809286e+02 7.490675099442761393e+02 6.972617792602097779e+02 6.480099330428658959e+02 6.009353903307686551e+02 5.557464761522849130e+02 5.122115188123284497e+02 4.701423229687705998e+02 4.293829049045214674e+02 3.898025813861978008e+02 4.446685742922192048e+02 5.032688234575539923e+02 5.647032235313333786e+02 6.244265675159914508e+02 6.786506299073056425e+02 7.217538613594485923e+02 7.455564818136579106e+02 7.383688519452003902e+02 7.048909447544875775e+02 6.564028145012603090e+02 6.001989354915139074e+02 5.408659094045486881e+02 4.811728809573006629e+02 4.227266173604260189e+02 3.678807364752959188e+02 3.160851247190499294e+02 2.668390551942786715e+02 2.197674627376454168e+02 2.593306019475990070e+02 3.000813004853108055e+02
2.068451030733695713e-04 1.096632825003918470e+03 1.069461131616507146e+03 1.025849878949654794e+03 9.729759072301748120e+02 9.154888583895016154e+02 8.562900141459851966e+02 7.976795376901479813e+02 7.428190126081506151e+02 6.910137535421715711e+02 6.417622821287559418e+02 5.946879477551379978e+02 5.494990146653418606e+02 5.059637101460438657e+02 4.638936913426343835e+02 4.231329387019275146e+02 3.835512402640908931e+02 4.384190445928334157e+02 4.970206644464118426e+02 5.585935721370524334e+02 6.189838817757282641e+02 6.745467950903229166e+02 7.196217124711962470e+02 7.456990091738443880e+02 7.403591289200059009e+02 7.070923511879179841e+02 6.578602612557828024e+02 6.004641795622810605e+02 5.397689017190172081e+02 4.786264938253017931e+02 4.200350772335378338e+02 3.651891808107753263e+02 3.133935623175832461e+02 2.641475072578184040e+02 2.170759287218490670e+02 2.566390568903751159e+02 2.973897372530693133e+02
6.350790751150114152e-04 1.099507896628227854e+03 1.070750014257527482e+03 1.024963263719290808e+03 9.699219099712663592e+02 9.106048707468422663e+02 8.500953067884242955e+02 7.914851699648013437e+02 7.366251072705681509e+02 6.848203064517774692e+02 6.355691868475237243e+02 5.884950289921437161e+02 5.433060303585159545e+02 4.997703099205406261e+02 4.576993936808417516e+02 4.169373057164215766e+02 3.773544395046822046e+02 4.322238549815318152e+02 4.908268932140072707e+02 5.526605156842847464e+02 6.135837380566482580e+02 6.700576439110044475e+02 7.164132810409987542e+02 7.439771503514512005e+02 7.400224129521787972e+02 7.070908686093729330e+02 6.575081717641019168e+02 5.994050472225593467e+02 5.378785345922946135e+02 4.759387291521358634e+02 4.173473052710012894e+02 3.625013937414708494e+02 3.107057696592449361e+02 2.614597290495345305e+02 2.143881625079170874e+02 2.539512815125208078e+02 2.947019441743107109e+02
4.445142257621581880e-05 1.098997620721068188e+03 1.069315435931486945e+03 1.022191760612714688e+03 9.657859719966388639e+02 9.053098091338645190e+02 8.439536220587530124e+02 7.853438381355269939e+02 7.304842364326311781e+02 6.786798794837905007e+02 6.294290878409306060e+02 5.823550730628026031e+02 5.371659596898416567e+02 4.936297545596615350e+02 4.515578783584908251e+02 4.107944864629261588e+02 3.712106924841389173e+02 4.260814761725450239e+02 4.846859523762873891e+02 5.467754339611352634e+02 6.081265764423719702e+02 6.652611156837646149e+02 7.125151711809382959e+02 7.411427803653415367e+02 7.382781374580067677e+02 7.057310739182998987e+02 6.560475841792411984e+02 5.975798700706510544e+02 5.356016594854372670e+02 4.732547155360902025e+02 4.146632839614493946e+02 3.598173577931908653e+02 3.080217292063281320e+02 2.587757029227714725e+02 2.117041467195134885e+02 2.512672581500252420e+02 2.920179036798028847e+02
2.587755256573135636e-04 1.096426409752766176e+03 1.066185804491006365e+03 1.018234878893650830e+03 9.609717603950964531e+02 8.997610995291076961e+02 8.378634795081042057e+02 7.792540600297340916e+02 7.243949164543902270e+02 6.725909880248171930e+02 6.233404995521027558e+02 5.762665926847791980e+02 5.310773132057450994e+02 4.875405562926059133e+02 4.454676723086806192e+02 4.047030394641505495e+02 3.651185789681524625e+02 4.199904568141064942e+02 4.785963613839735444e+02 5.409069635686629454e+02 6.026027387743725967e+02 6.602426715350562745e+02 7.081747064325321617e+02 7.376278443590005054e+02 7.356784065164164303e+02 7.035439302247915521e+02 6.539195258660722629e+02 5.953109306315109279e+02 5.331183323221314367e+02 4.705744355630948803e+02 4.119829959333372926e+02 3.571370556263073581e+02 3.053414235533198848e+02 2.560954113848541169e+02 2.090238641419459782e+02 2.485869692969921800e+02 2.893375983323054470e+02
9.331972164780122500e-04 1.092592550608217380e+03 1.062008318568370896e+03 1.013542435547026344e+03 9.557405391172800364e+02 8.940652386361060735e+02 8.318234675429246181e+02 7.732144223914458507e+02 7.183557326950924562e+02 6.665522164771452935e+02 6.173020053498632933e+02 5.702281694654957391e+02 5.250386709061897363e+02 4.815012986202681304e+02 4.394273759288140013e+02 3.986615945008396693e+02 3.590767374273668793e+02 4.139494172378970802e+02 4.725567116767089715e+02 5.350529500536304113e+02 5.970306878788599079e+02 6.550762145903887586e+02 7.035541552217042636e+02 7.336943114139976387e+02 7.325588201708047791e+02 7.008564248342587462e+02 6.513923979963233251e+02 5.927831869636862621e+02 5.305196183687470466e+02 4.678978719579063750e+02 4.093064239533766226e+02 3.544604700343614923e+02 3.026648354268227195e+02 2.534188370961198018e+02 2.063472977128940897e+02 2.470329701919640115e+02 2.887170394393809829e+02
6.400716757463165195e-04 1.087986574648561827e+03 1.057188826021259956e+03 1.008401060777971566e+03 9.502604564498996069e+02 8.882917953056798979e+02 8.258322389794955143e+02 7.672235764355796164e+02 7.123653350569219356e+02 6.605622137888567522e+02 6.113122530679305555e+02 5.642384495212214688e+02 5.190486780204535080e+02 4.755106320959262689e+02 4.334356581622369049e+02 3.926688462048373935e+02 3.530838586155526286e+02 4.079570435162372064e+02 4.665656621010438130e+02 5.292187404130783079e+02 5.914331180545844973e+02 6.498187329709309097e+02 6.987608910114751097e+02 7.295052532803458689e+02 7.291246973108827660e+02 6.978679590614233348e+02 6.486275609522456307e+02 5.901038830242830500e+02 5.278552605472810910e+02 4.652248656046355677e+02 4.066334089467352442e+02 3.517874419638856125e+02 2.999918057065102062e+02 2.507458208903215393e+02 2.036742885367666531e+02 2.444246731975544833e+02 2.864903113389182749e+02
