_codes/_figurecodes/_data/highRvar/steadystate/20m_HalfMtrThresh_Diffusion_Tc10/topographic_elevation_depth20m_tc10.asc
ncols 200
nrows 200
xllcorner 0.0
yllcorner 0.0
cellsize 50.0
[rows 153 to 169 of 200, columns 37 to 73 of 200]
1.500019649930194419e+02 1.735012949469375485e+02 1.865042838283794424e+02 1.891970587277336620e+02 1.689531925501458147e+02 1.786188190365067499e+02 1.883259704188692751e+02 1.981179728003284879e+02 2.079973467651988130e+02 2.179667450598256835e+02 2.280289632398187223e+02 2.381869504647287670e+02 2.484438204244945041e+02 2.588028626636430545e+02 2.692675548437746897e+02 2.798555082292518819e+02 2.905716945023269204e+02 3.014214314616811521e+02 3.124262617279455299e+02 3.235114571014649982e+02 3.592630388929635501e+02 3.988260605531466467e+02 4.771794830778473511e+02 5.321695430538883329e+02 5.692998153843684577e+02 5.926227967443264788e+02 6.106123406877965181e+02 6.256182800858013024e+02 6.391014214961185189e+02 6.519559442486140597e+02 6.646198496003715945e+02 6.739561475741530785e+02 6.788769737617391229e+02 6.743042248142379549e+02 6.569642190603372001e+02 6.289861956345549743e+02 5.942036435452421301e+02
1.214509082999229577e+02 1.308603267392171858e+02 1.402981585202939243e+02 1.497839886865147889e+02 1.593285074018034209e+02 2.120672013040718582e+02 2.384190207702248472e+02 2.544501185001178953e+02 2.671454688875766692e+02 2.786222191750478032e+02 2.895928655774740719e+02 3.002747113437007442e+02 3.106271979566586197e+02 3.203608843264835855e+02 3.287803817487455831e+02 3.371929603949334933e+02 3.444254179408724212e+02 3.491069632580388884e+02 3.512880547702030185e+02 3.349933343120809468e+02 3.789109130542161097e+02 4.202229450177878789e+02 4.668513398693568774e+02 5.042307177285965167e+02 5.295113332871654848e+02 5.480461006648713465e+02 5.645928864786862960e+02 5.800166241613933380e+02 5.952746182932498868e+02 6.115503182750890119e+02 6.297445062833461407e+02 6.478361167905718503e+02 6.677625725735700826e+02 6.847587465121742980e+02 6.862038628196955869e+02 6.715761305875291782e+02 6.446055215331504087e+02
1.493493344374018079e+02 1.760566909212149085e+02 1.948005213352904548e+02 2.118398936190725976e+02 2.301079309519836045e+02 2.631439339272461098e+02 2.886238641792978115e+02 3.072120486835394786e+02 3.220917352061769634e+02 3.351496501349103596e+02 3.472823794335843672e+02 3.587992085330365057e+02 3.695860050728784358e+02 3.790869862807959976e+02 3.861306132170315095e+02 3.923393198862986537e+02 3.954861075779737121e+02 3.924879819838037633e+02 3.811166603711270682e+02 3.465491385437489384e+02 3.845282619994573565e+02 4.145777108886032352e+02 4.408128412229243622e+02 4.618701189512887026e+02 4.789108670303464237e+02 4.938716144996217849e+02 5.088931664097311796e+02 5.239555241964865218e+02 5.396100851869017561e+02 5.575530297359447331e+02 5.779748112610132011e+02 6.007416388710815909e+02 6.340525978338021105e+02 6.733446336927395350e+02 6.995942167166011814e+02 7.052896385032914850e+02 6.908261621915464730e+02
1.616955387396410799e+02 2.038506150944933495e+02 2.352240681662385668e+02 2.601807302917036395e+02 2.823018857370419710e+02 3.087263608764084211e+02 3.321670171085366405e+02 3.514195576493209501e+02 3.676840036309649804e+02 3.822051500872697716e+02 3.957586558352033990e+02 4.086304719503923479e+02 4.206176853373704034e+02 4.309683694685777482e+02 4.379034906477324398e+02 4.429794576589906683e+02 4.429135345259970791e+02 4.325157225159143195e+02 4.049270232138423466e+02 3.581614259997985528e+02 3.701544370834473057e+02 3.823653499157085207e+02 3.948560896457608465e+02 4.076492548452430356e+02 4.207993822173702938e+02 4.343738461224422736e+02 4.484220331202034799e+02 4.628838931258260914e+02 4.776735583042649296e+02 4.965809977797474630e+02 5.160985858406849047e+02 5.364187590024037036e+02 5.856638653746317686e+02 6.522462075364196608e+02 7.004190524228043842e+02 7.291472424623801771e+02 7.324121413101081544e+02
1.678429808584370164e+02 2.158021046614390741e+02 2.547533871625232962e+02 2.869858569484151189e+02 3.133171744675589139e+02 3.374546766631852392e+02 3.591101349523702311e+02 3.781388639239539202e+02 3.951877336982425390e+02 4.110708431964322926e+02 4.264078157848390447e+02 4.414506343764666667e+02 4.559290669349381346e+02 4.693152251333842742e+02 4.787484311325619046e+02 4.854298734807557594e+02 4.857145486420089355e+02 4.737770888833278491e+02 4.458410129190584144e+02 4.074069273250950118e+02 4.193633474211148950e+02 4.294364485653570114e+02 4.419271122910351437e+02 4.547202227168015156e+02 4.678703138841476061e+02 4.822457793255989031e+02 4.956252188587017713e+02 5.043640317431193125e+02 4.995138793975728504e+02 5.375349813303261044e+02 5.570852024309510853e+02 5.585787213079278217e+02 5.818004191157034484e+02 6.438117382843773839e+02 7.020121278876728184e+02 7.464605664045651565e+02 7.692246659679592540e+02
1.811121208036180406e+02 2.220190949423443385e+02 2.580362125677888798e+02 2.890541193015902763e+02 3.153598102353664103e+02 3.365262785661535077e+02 3.557759170453356319e+02 3.738411792418266941e+02 3.912047295785941969e+02 4.084164853200339849e+02 4.260368838070855873e+02 4.444140630074879255e+02 4.629356758610525731e+02 4.834122255013441531e+02 5.002462882084533362e+02 5.129741113321488228e+02 5.196218320285189520e+02 5.128530668448847791e+02 4.896915830738030877e+02 4.592017764700832458e+02 4.704271595276888434e+02 4.786815844283959223e+02 4.911722232282085656e+02 5.039653192759379294e+02 5.171154040789950841e+02 5.300998573769768427e+02 5.404680043527182534e+02 5.416654288822556964e+02 5.215120851759273819e+02 5.702047380561316459e+02 5.979810552996215165e+02 6.056591732115105060e+02 6.058325478115253873e+02 6.315442921573743433e+02 7.031773870893385947e+02 7.596515360616836006e+02 7.987565497555584670e+02
1.835475355509179280e+02 2.174618875606826407e+02 2.451631881579211267e+02 2.688703535584974134e+02 2.893600926325806881e+02 3.060956790714488420e+02 3.231266016036573205e+02 3.401667170217453418e+02 3.573659283553723185e+02 3.751270901377822611e+02 3.941224912409036278e+02 4.152987631695850723e+02 4.379125385526260743e+02 4.653205503661354783e+02 4.905199011769030335e+02 5.139559863282119068e+02 5.369469547618854222e+02 5.454565399445135654e+02 5.335499134457717219e+02 5.140470872569104586e+02 5.239764421775403207e+02 5.304763208419724378e+02 5.429669595468694752e+02 5.557600604258841486e+02 5.675654954461280113e+02 5.778464719702199091e+02 5.837232210027057135e+02 5.767984660854091317e+02 5.438378351757431801e+02 5.996878343432618976e+02 6.370027132832354937e+02 6.509160804845497523e+02 6.547177448522526220e+02 6.584125076854353438e+02 7.160868535517059854e+02 7.752177572440003814e+02 8.230649748986892291e+02
1.666499413063730799e+02 1.892451658672616759e+02 2.077808633614512246e+02 2.256194019947928666e+02 2.422638850552774841e+02 2.570715657149157778e+02 2.727969968146329052e+02 2.890258521551708100e+02 3.058330868608066453e+02 3.235094673242559793e+02 3.428014217615532289e+02 3.664382776720299262e+02 3.921617919229749418e+02 4.228594341787845678e+02 4.537374436745491266e+02 4.866226051984308469e+02 5.341530582265960447e+02 5.680471302938697136e+02 5.757477499564470236e+02 5.726381274257511222e+02 5.801357142219310390e+02 5.853216615859620333e+02 5.978123159696856419e+02 6.091261557603788788e+02 6.186090076704930425e+02 6.253412041187791601e+02 6.255543590874157189e+02 6.087607238134681893e+02 5.665079742821128548e+02 6.261443717315050890e+02 6.716168062871017810e+02 6.931931226162529356e+02 6.977740435867617634e+02 6.866310437687632202e+02 7.178853708816519656e+02 7.882854183311784482e+02 8.422289412813998979e+02
1.272151663012271854e+02 1.408540707294630749e+02 1.546926038624397393e+02 1.688131436744587290e+02 1.832358025735803153e+02 1.979832573753507745e+02 2.131270396354895524e+02 2.287558906845560500e+02 2.451007298906983749e+02 2.622144006004164680e+02 2.798366158265556578e+02 3.067053513117574539e+02 3.349243390250388757e+02 3.656774887890534842e+02 3.992516173973078253e+02 4.367481667514607011e+02 5.261013339343277266e+02 5.870308350708907028e+02 6.163548028378885419e+02 6.277169735855464978e+02 6.371571106817619921e+02 6.439128286613421324e+02 6.542733427399365382e+02 6.633707658707614883e+02 6.699353190098885307e+02 6.724832750954085441e+02 6.664986027186714637e+02 6.397234111802438292e+02 5.899237345102363861e+02 6.531803533536844952e+02 7.047484524296327209e+02 7.347918990440911102e+02 7.448117070811543954e+02 7.440845330723249162e+02 7.514594799902729392e+02 8.138565432418072305e+02 8.642534909795913336e+02
1.885695078364148287e+02 2.035833798785890281e+02 2.170177452999106151e+02 2.308543042231959532e+02 2.445758999006427246e+02 2.576003042976926167e+02 2.688434926903966016e+02 2.780018374863603299e+02 2.921776825636600279e+02 3.040181188021109620e+02 3.019970810504579504e+02 3.517734303799576878e+02 3.924686980907712268e+02 4.278986487406961601e+02 4.614582316418914729e+02 4.859933734592423775e+02 5.445844187805590764e+02 6.177927862742262732e+02 6.592462201969524358e+02 6.800047766441307431e+02 6.933250818840987222e+02 7.020310915956511053e+02 7.107137447917224335e+02 7.175195858161333717e+02 7.208354645557502636e+02 7.187676924083618815e+02 7.062910568281961332e+02 6.700051569339641446e+02 6.141736912441799632e+02 6.798833737619551130e+02 7.362264544815570844e+02 7.747635909755947523e+02 7.905484189783738884e+02 7.926387624041232129e+02 7.880489077286893007e+02 8.438799952394608681e+02 8.871380416750910172e+02
2.470426027122768176e+02 2.643509787385066261e+02 2.783315254886004482e+02 2.922657010222122835e+02 3.054807453391177887e+02 3.169243395116932902e+02 3.249262712700247562e+02 3.297974905482018357e+02 3.383007943311908434e+02 3.421110348083363988e+02 3.244933369991410927e+02 3.824403983661002826e+02 4.343384040075563348e+02 4.794866896312554445e+02 5.203363859288256208e+02 5.576405224606642150e+02 6.068297420807379012e+02 6.645160983017062790e+02 7.055463875298385119e+02 7.305902267147223483e+02 7.471077966731264723e+02 7.572096277033371052e+02 7.651438078302689973e+02 7.699523908431365271e+02 7.699970225261433825e+02 7.629372012490121051e+02 7.423782375477547930e+02 6.982668734453893649e+02 6.393659378467874603e+02 7.049796075256189170e+02 7.640261438461623129e+02 8.100267977299381528e+02 8.341043023941084584e+02 8.394422834714645205e+02 8.287993600157510627e+02 8.758709300860206213e+02 9.095525362486860104e+02
3.003723066998550735e+02 3.201296049201537812e+02 3.353671475031018758e+02 3.501473433006903520e+02 3.636435283503030860e+02 3.743664075359428693e+02 3.800706372089584875e+02 3.814551037616179201e+02 3.833377441126855274e+02 3.785272173160860234e+02 3.475266933537581622e+02 4.049078095115525571e+02 4.599636691568861693e+02 5.122522998406853958e+02 5.621866059855776712e+02 6.087350334812282426e+02 6.565651821320625459e+02 7.069711811759733564e+02 7.483354535520255695e+02 7.763146800221622925e+02 7.955750854171423043e+02 8.069826039149763801e+02 8.147449918918874801e+02 8.181083702557831430e+02 8.153958265870862760e+02 8.039140787822777838e+02 7.761381994190094247e+02 7.274187743858402655e+02 6.662341683606903189e+02 7.305745105526228826e+02 7.909786815022577002e+02 8.420047435182864319e+02 8.756538299397587934e+02 8.901122206191573696e+02 8.984805436170958046e+02 9.218102823862011519e+02 9.378673199153156474e+02
3.429866268516109358e+02 3.651953242590147397e+02 3.826820507719238549e+02 3.995772578664970638e+02 4.149802262823234287e+02 4.268993683849853937e+02 4.319904776572386709e+02 4.304795150333145557e+02 4.265701537197104471e+02 4.124688461517728797e+02 3.715591864023623430e+02 4.233542965508681277e+02 4.772370649856410409e+02 5.306355030045601779e+02 5.837493050154221237e+02 6.353496334585308887e+02 6.858797541460156708e+02 7.348454356976719737e+02 7.780806068380261422e+02 8.109484163536470760e+02 8.334063660254694241e+02 8.466015600482387526e+02 8.548852543824102668e+02 8.577396030034924479e+02 8.535073259399678136e+02 8.392096527920272138e+02 8.066246378218683049e+02 7.561437264726675949e+02 6.952190457139680575e+02 7.534979869896827722e+02 8.140685984748560031e+02 8.679809414969146246e+02 9.095298387673227580e+02 9.334890159917302981e+02 9.488849717803491330e+02 9.624399088343125186e+02 9.667028548393814162e+02
3.637257170064029310e+02 3.893713824660781597e+02 4.115128728033787979e+02 4.324224813956200251e+02 4.525795946136771022e+02 4.695984214791773752e+02 4.778527471523198642e+02 4.759628196205622999e+02 4.682085121828201864e+02 4.462968900236344894e+02 3.981222721091035623e+02 4.450569883093921248e+02 4.943028697513585143e+02 5.460976662239361303e+02 6.009430661103147031e+02 6.534983726723074824e+02 7.033875985488448350e+02 7.501636426226145886e+02 7.919112346368951876e+02 8.263622177791551167e+02 8.520939653367263418e+02 8.684424642757961692e+02 8.780490111039615613e+02 8.818056587817292211e+02 8.782622604491567699e+02 8.634177640003913439e+02 8.314135418010338299e+02 7.824100724284867283e+02 7.275641498905903291e+02 7.683144911999172564e+02 8.353469191587018940e+02 8.901998504184094827e+02 9.341058811047753352e+02 9.645493477213761935e+02 9.835147976157426228e+02 9.937600757082831251e+02 9.932872304504001022e+02
3.577852628921239102e+02 3.835706565284316980e+02 4.094953049040765904e+02 4.356444235593031067e+02 4.648412595273715624e+02 4.945583962975570103e+02 5.141771412007000208e+02 5.168778567629856298e+02 5.088458733201184145e+02 4.822066302573083476e+02 4.293765490251336701e+02 4.643501945813267753e+02 5.161449618745616590e+02 5.706916045100264228e+02 6.220071999750829264e+02 6.705899094447087236e+02 7.162477739703552970e+02 7.582542825395951240e+02 7.949853992179198485e+02 8.252338469747104455e+02 8.466988836004536552e+02 8.618340014542176277e+02 8.724598408308177113e+02 8.789661228630222922e+02 8.804161983422034155e+02 8.739808191291235744e+02 8.549203228730854107e+02 8.271820406295190651e+02 8.059565632633308496e+02 8.153860380121972184e+02 8.633690188446356615e+02 9.077422582877122750e+02 9.461083784545650133e+02 9.759845928868877536e+02 9.971621339459251203e+02 1.008961792187302990e+03 1.010261015107164440e+03
3.223494161726059133e+02 3.483351367499339517e+02 3.769285443350399873e+02 4.092736833543400508e+02 4.488364895940393922e+02 4.980816891338087089e+02 5.385695305787279494e+02 5.528678132768395699e+02 5.495995126420142469e+02 5.320427078619625263e+02 5.087287004958245689e+02 5.095371725456482750e+02 5.534030324341740652e+02 5.982302480125072179e+02 6.413531383622589601e+02 6.821045806626692638e+02 7.199120008804096642e+02 7.537561615009777825e+02 7.804940245979837528e+02 8.014230620733712840e+02 8.162235223870409300e+02 8.291983541492568293e+02 8.402730558994752528e+02 8.493771491824013538e+02 8.562791207047106354e+02 8.606564849689812036e+02 8.585467802029809263e+02 8.520623902758803752e+02 8.476873336005429564e+02 8.567246926944964116e+02 8.861384910227220644e+02 9.176400279284116550e+02 9.466812712535878518e+02 9.685367286170062471e+02 9.846552416955136096e+02 9.962331320019129635e+02 1.004014613058250688e+03
3.809411933620028208e+02 4.069267161889400199e+02 4.355199189206763322e+02 4.701378917433480638e+02 5.061303325396439732e+02 5.439644916245629247e+02 5.733368124809277333e+02 5.853504725536811293e+02 5.825473427183620743e+02 5.697829529098910371e+02 5.583089119713770287e+02 5.622150198530348462e+02 5.857068598618259330e+02 6.167305207008508887e+02 6.487556574153685460e+02 6.780501357685984658e+02 7.040482076754470881e+02 7.264361750635295039e+02 7.432298916646603857e+02 7.576455532659505252e+02 7.686200629602935805e+02 7.801857686081375505e+02 7.916175640775155671e+02 8.026636567543629326e+02 8.134838326213650816e+02 8.246618419074055737e+02 8.330477286063896827e+02 8.411506946385477477e+02 8.492362144563179527e+02 8.622815795968159591e+02 8.820502900843785028e+02 9.033459433944367447e+02 9.224887026829658225e+02 9.362188188336160692e+02 9.478409333568641841e+02 9.587155277601899570e+02 9.729892880186866932e+02
