_codes/_figurecodes/_data/highRvar/steadystate/20m_HalfMtrThresh_Diffusion_Tc10/topographic_elevation_depth20m_tc10.asc
ncols 200
nrows 200
xllcorner 0.0
yllcorner 0.0
cellsize 50.0
[rows 102 to 118 of 200, columns 148 to 184 of 200]
7.214267480415691125e+02 7.316720144882776822e+02 7.417075318793364431e+02 7.509790361681353943e+02 7.586146451463935136e+02 7.630790454389297111e+02 7.618032340197569283e+02 7.547196968618159190e+02 7.427008379729567196e+02 7.897723978207798154e+02 8.389010359214054233e+02 8.899809578446023579e+02 9.437394843559565061e+02 1.000841700483295654e+03 1.061858840247640501e+03 1.126477650970766490e+03 1.190745066881132516e+03 1.250041424084123037e+03 1.299059016364329636e+03 1.330878485424926339e+03 1.343109913247918030e+03 1.344231707860133838e+03 1.342087472940990210e+03 1.338143257477914631e+03 1.327417600908747545e+03 1.304132531088325777e+03 1.267179475845734487e+03 1.221370842420870986e+03 1.170623525541747085e+03 1.117630259452151904e+03 1.064713737192082363e+03 1.013423009331076742e+03 9.623771595904464675e+02 1.012446105950332367e+03 1.063351556876496488e+03 1.117404833444514452e+03 1.173538888596803645e+03
6.608292197801496286e+02 6.713914908017079597e+02 6.820183726728251941e+02 6.924352360673032081e+02 7.021583958427654579e+02 7.100531078284428759e+02 7.128902207848045691e+02 7.016076742330927800e+02 7.214561740641619281e+02 7.685275860801667704e+02 8.177734468899617468e+02 8.695690123832880545e+02 9.244150312675770920e+02 9.830065616705936691e+02 1.046359713310142070e+03 1.116070579430151611e+03 1.181880652153781512e+03 1.238116971113383670e+03 1.279471037012127454e+03 1.298388685184591168e+03 1.300362001106960406e+03 1.294803578470821549e+03 1.291098784836412051e+03 1.290915745170111677e+03 1.288306295194287031e+03 1.278524407212486494e+03 1.255304801366957918e+03 1.217442053152352628e+03 1.169796498353185598e+03 1.116419088561191302e+03 1.060416855136120830e+03 1.003713090501710440e+03 9.469485263063601224e+02 1.000756333525396258e+03 1.055948604975648550e+03 1.112935884130323075e+03 1.170846125115456744e+03
5.990218723587580598e+02 6.099634429351993958e+02 6.211473606519610939e+02 6.326106463150190393e+02 6.443979198951507215e+02 6.565418708681031603e+02 6.690812230887271426e+02 6.820900762827616290e+02 7.233101488171103028e+02 7.691058710984685831e+02 8.184691237001975423e+02 8.712188883330516092e+02 9.275262715420452651e+02 9.875944641095078396e+02 1.051087030806729672e+03 1.115998647471570621e+03 1.176588164653528338e+03 1.225973857657241979e+03 1.255335512190766167e+03 1.259753438392210228e+03 1.251107672987026035e+03 1.237225792186533226e+03 1.231399479947411237e+03 1.235277122915597602e+03 1.238467796925876883e+03 1.238762081015019930e+03 1.229743110372758338e+03 1.204398268738165143e+03 1.162739513211154417e+03 1.110719157174776001e+03 1.053079763232368805e+03 9.929504439045939534e+02 9.321586983552905394e+02 9.870043213509419502e+02 1.044699203094230597e+03 1.103968302726277898e+03 1.163530985969214044e+03
6.508164642441320211e+02 6.592084206236474984e+02 6.682181753553787757e+02 6.777975116154539137e+02 6.892649764332472841e+02 6.991231036034143926e+02 7.052288303522351498e+02 6.988043526037768061e+02 7.162758492121425888e+02 7.636462524692192346e+02 8.141319604998784598e+02 8.679757043448885270e+02 9.255153991882839364e+02 9.869417547802930812e+02 1.051245772473528632e+03 1.113901963337116058e+03 1.169340429187641121e+03 1.209858717562852007e+03 1.224856998751415631e+03 1.216819819981255023e+03 1.198269724162294551e+03 1.173872656585175491e+03 1.168046357948684772e+03 1.175315625063935840e+03 1.181393254650192603e+03 1.189949546606995909e+03 1.192095332353013191e+03 1.180789272848180190e+03 1.149116297925100980e+03 1.100776885649247788e+03 1.043307528760687092e+03 9.814085566013205835e+02 9.178896585900978380e+02 9.727353770694800232e+02 1.031326562058368381e+03 1.092425196369119249e+03 1.153369189785163144e+03
7.056618449137926063e+02 7.110032669459890258e+02 7.174634220969595617e+02 7.248686106190990586e+02 7.354835136591635774e+02 7.434223329138610552e+02 7.468646499664737348e+02 7.426743295875384092e+02 7.345457914160886048e+02 7.537504123287642415e+02 8.055459348256896419e+02 8.603921408128794610e+02 9.189839422351112717e+02 9.823373115894574994e+02 1.050299979999175548e+03 1.111583605183570853e+03 1.161603412864021720e+03 1.191944085235722696e+03 1.191656561802421720e+03 1.171413618421857564e+03 1.145355127648273992e+03 1.115281477977963505e+03 1.109455179140136579e+03 1.114902760848746539e+03 1.118375819714427962e+03 1.135916109756527703e+03 1.147566003563392542e+03 1.147429581254891218e+03 1.127777425508902297e+03 1.085465186909457998e+03 1.030189017228749435e+03 9.683494365632217296e+02 9.040509531419869518e+02 9.588967752878022566e+02 1.017488021769343277e+03 1.079773498073061091e+03 1.141691056213365073e+03
7.637996909736421003e+02 7.658489985484948193e+02 7.692586113603075546e+02 7.741141922917635156e+02 7.837410572109312170e+02 7.901366732037218981e+02 7.920154959232198735e+02 7.881074505136987227e+02 7.803157908284666746e+02 7.739494117936214934e+02 8.187115281208334636e+02 8.712126789248181922e+02 9.293839809733752872e+02 9.917601199992965348e+02 1.055059103515885454e+03 1.112406052670515237e+03 1.155699576946468369e+03 1.173279107323054859e+03 1.156720952947203841e+03 1.123140285820669533e+03 1.092793125951743150e+03 1.060436082979206276e+03 1.054609768375165231e+03 1.056401475624468731e+03 1.055022850874209780e+03 1.080401533389554970e+03 1.099944657576317013e+03 1.109935032590622313e+03 1.102476639186551665e+03 1.067636548364633882e+03 1.015805493035278232e+03 9.549902846467882682e+02 8.906021539987507367e+02 9.454480841215507780e+02 1.004039401668325127e+03 1.066879613863205805e+03 1.129357484546946580e+03
8.234338389719448514e+02 8.243000914438317750e+02 8.241046016925446338e+02 8.259096248138663441e+02 8.345237358073113683e+02 8.395526898283791297e+02 8.400030890939552819e+02 8.346808113843256933e+02 8.221778007837090172e+02 7.951942702944288612e+02 8.176904436800434723e+02 8.726751476136616930e+02 9.326920531042273979e+02 9.965323932703366836e+02 1.058661727066457161e+03 1.112733026113450023e+03 1.149227918156393116e+03 1.152974269520085727e+03 1.120539944789534957e+03 1.068896590422688405e+03 1.040558588397084577e+03 1.008641223439274654e+03 1.002814877594683708e+03 1.001553737018130278e+03 9.964316331765561472e+02 1.025785448351334708e+03 1.050940755061770233e+03 1.070604798476603719e+03 1.075050862865453382e+03 1.049761099135032509e+03 1.002056897375085555e+03 9.424650722887294023e+02 8.775088947929900769e+02 9.323549324508705922e+02 9.909463290803828386e+02 1.054043509711991874e+03 1.116815632913518357e+03
8.830738172554854373e+02 8.837031260285865528e+02 8.826302372765462678e+02 8.807556804625787663e+02 8.882030005500424750e+02 8.919258412714777933e+02 8.911585773930164578e+02 8.848483159516173373e+02 8.717383991231720302e+02 8.500405419735034229e+02 8.415116024429818253e+02 8.669596347899544071e+02 9.303132612644778874e+02 1.000024342495263681e+03 1.062632508189777354e+03 1.114629230167629430e+03 1.146621765197099649e+03 1.142774504197542228e+03 1.101221256793379325e+03 1.028146631280831116e+03 9.906501650290442740e+02 9.593958733500254539e+02 9.535694819774869302e+02 9.502377339250913337e+02 9.415859487382767838e+02 9.722831884128685260e+02 1.000218594399526182e+03 1.030435886243637697e+03 1.045604819182138954e+03 1.029688100121893740e+03 9.866106815997428612e+02 9.289923591747342471e+02 8.647155180964387000e+02 9.195616578031401787e+02 9.781531395199961025e+02 1.041369284664508314e+03 1.104283901769224485e+03
9.404694373443381892e+02 9.425989215814124691e+02 9.418894676925252725e+02 9.393473561798014089e+02 9.448570509865179474e+02 9.471974277943955940e+02 9.454746056414635405e+02 9.387870277310207712e+02 9.264581764590511739e+02 9.086324081058367028e+02 8.993030123720835718e+02 8.941456062074214515e+02 9.489241824749962007e+02 1.010631761061807879e+03 1.069754253190800000e+03 1.119605506010050931e+03 1.149142982114133247e+03 1.143392476649003356e+03 1.105337254821697570e+03 1.049857479428827673e+03 9.949143652508258810e+02 9.322101107293511859e+02 9.064980545736909789e+02 9.028843319835948478e+02 8.897905647358619490e+02 9.199338599237701146e+02 9.450575037349448166e+02 9.911801658774804764e+02 1.018392508575028046e+03 1.010422850931996891e+03 9.712422073365640927e+02 9.155230765231326586e+02 8.522002928511113851e+02 9.070465237667316387e+02 9.656380938324800809e+02 1.028898768739699563e+03 1.091868723752790402e+03
9.923571594998857108e+02 9.987610588537658032e+02 1.000691211709832714e+03 1.000817946785984873e+03 1.003514008818596267e+03 1.004528560839541569e+03 1.002169195826207556e+03 9.955496912252542643e+02 9.843341061200715103e+02 9.691122945168255001e+02 9.524197685082253884e+02 9.235409353897464371e+02 9.558861162844382307e+02 1.019727273726251155e+03 1.077014129603676565e+03 1.127010132123129551e+03 1.155197254397415008e+03 1.148012826381528839e+03 1.111483050334408517e+03 1.059984098906992813e+03 1.003365177269137348e+03 9.437360058115419861e+02 8.832759574302788224e+02 8.611155472227615064e+02 8.405445569890666775e+02 8.708222248596049440e+02 9.065737122843972884e+02 9.683120762617027140e+02 1.000299463626937722e+03 9.945428887392960178e+02 9.571260729178991369e+02 9.025546625543539676e+02 8.399440382746211071e+02 8.947903446497915638e+02 9.533820031374899600e+02 1.016645625260353313e+03 1.079619695071236265e+03
1.034261589738939620e+03 1.048815213965306157e+03 1.055674989242586889e+03 1.058610319664756162e+03 1.061224800946680489e+03 1.061853835644630180e+03 1.059380991142098082e+03 1.053204131371687254e+03 1.043145409746221276e+03 1.029422161732015411e+03 1.012045798574479932e+03 9.868942063598199184e+02 9.916372549395523492e+02 1.032387306947201751e+03 1.081632533967032941e+03 1.138402925523912245e+03 1.164286118460081525e+03 1.153058277557043539e+03 1.115449241903977736e+03 1.064877771499077880e+03 1.009643625425745427e+03 9.544500583302024097e+02 9.035566660629006037e+02 8.631045098413519554e+02 8.234995342896638704e+02 8.712572233579472822e+02 9.171609174875748067e+02 9.625173359686128833e+02 9.892752341045978710e+02 9.817734647282069318e+02 9.443766189753800973e+02 8.901871755964656359e+02 8.279297204292261085e+02 8.827760825329853560e+02 9.413678260959883346e+02 1.004610328046194127e+03 1.067556902617536934e+03
1.061143973213695517e+03 1.088759054718497964e+03 1.103421574789400211e+03 1.110547873723580551e+03 1.114724747517237802e+03 1.115879302258328835e+03 1.113834413689887697e+03 1.108513345661898256e+03 1.100007008087905206e+03 1.088559629840073967e+03 1.074281214920464436e+03 1.056605041535154896e+03 1.061348034696973627e+03 1.094627182813996114e+03 1.130523984927286165e+03 1.165789802698374160e+03 1.177179106205241169e+03 1.156013409715559192e+03 1.114841484608293058e+03 1.063421938008908910e+03 1.008355584214595638e+03 9.537656347340442835e+02 9.021393087453727730e+02 8.542767207343515565e+02 8.072135905590261018e+02 8.621120794297773955e+02 9.126657652945359587e+02 9.553756598830253779e+02 9.795503399509686915e+02 9.703214461592615407e+02 9.324639192919505604e+02 8.782825846623001098e+02 8.161421273913708774e+02 8.709885228109750415e+02 9.295803447055911874e+02 9.927876795069455511e+02 1.055685667706295817e+03
1.074141171849763168e+03 1.114147152349784164e+03 1.139854783292377988e+03 1.152731974701493300e+03 1.159353109024399828e+03 1.161471710304506814e+03 1.160143784298956689e+03 1.156010789450338507e+03 1.149575390080638272e+03 1.141400915496508105e+03 1.132299901889124158e+03 1.124262791571242815e+03 1.129987200231202451e+03 1.150438347415257795e+03 1.173976911987542962e+03 1.192384827004844738e+03 1.187197954859969286e+03 1.157032837203232020e+03 1.111516444777068500e+03 1.057978004116728016e+03 1.001619611343711881e+03 9.458588027988702152e+02 8.923963587673354141e+02 8.414005322060726257e+02 7.916354779590292310e+02 8.496388168356038477e+02 9.026390964605403724e+02 9.455893552845158183e+02 9.691186679688297545e+02 9.590914863675973265e+02 9.209153983117817006e+02 8.666766739397581887e+02 8.045676051088069016e+02 8.594140102561818821e+02 9.180059006234858998e+02 9.811718108884304002e+02 1.044006657561430529e+03
1.080275332991563801e+03 1.126334548312768220e+03 1.160212762654575272e+03 1.179711188996064720e+03 1.188203816551153068e+03 1.190678547043146409e+03 1.189757362835911863e+03 1.186855137290735684e+03 1.182868175520138493e+03 1.178617209412481543e+03 1.174997034440734069e+03 1.172977544971403404e+03 1.179181662427505898e+03 1.192411527935494632e+03 1.205488806675136630e+03 1.209554392444862742e+03 1.190674933162445541e+03 1.153562965527388997e+03 1.104361863815998959e+03 1.048456358767661186e+03 9.900258912879060063e+02 9.325597577411153907e+02 8.777137341948266567e+02 8.259180803712303032e+02 7.766720679730228767e+02 8.361450652118201106e+02 8.905192949451512732e+02 9.341581990646054692e+02 9.578419759160442482e+02 9.477262372166755995e+02 9.094949857004539808e+02 8.552658434428313967e+02 7.931938406940089408e+02 8.480402323295576252e+02 9.066321787075625025e+02 9.697617113949557961e+02 1.032527873139714302e+03
1.084856769664125750e+03 1.131077402705163649e+03 1.164973428947686216e+03 1.184784253346030482e+03 1.190960643118676899e+03 1.191340788318911109e+03 1.189593695859598483e+03 1.187547362353785275e+03 1.186200803069035828e+03 1.186553213242058746e+03 1.189597499464733119e+03 1.195034554524793521e+03 1.203169215800091706e+03 1.213008213902459602e+03 1.219290399327774594e+03 1.213125905181652342e+03 1.188478021545087586e+03 1.148093312474688219e+03 1.096729548058886394e+03 1.038684553416044537e+03 9.767674935850418478e+02 9.181759420462815342e+02 8.633298567184612011e+02 8.115341942799227581e+02 7.622882560177347386e+02 8.224979839497100329e+02 8.776761175579354131e+02 9.219404363718788318e+02 9.460344589991912017e+02 9.362143831111749250e+02 8.981336914983246515e+02 8.440051219348196128e+02 7.820096831996721676e+02 8.368560397939048698e+02 8.954480278022555240e+02 9.585697293451617043e+02 1.021289443712131515e+03
1.092913935669740340e+03 1.132494100104895324e+03 1.158279425387913989e+03 1.167358003189990541e+03 1.165807842044186145e+03 1.162175889106692921e+03 1.158567192110436054e+03 1.156424435100940173e+03 1.156240440470059866e+03 1.159130605354268482e+03 1.167013478347645787e+03 1.179363704088080794e+03 1.191266824842459982e+03 1.201387058396770726e+03 1.206403069109093167e+03 1.201185522910274130e+03 1.179697195827485302e+03 1.140610129599951733e+03 1.089736338508003882e+03 1.031924112439818828e+03 9.711319319985273069e+02 9.111721232264769696e+02 8.542127894170221225e+02 8.002109131310443217e+02 7.484153957930011529e+02 8.090151335851797967e+02 8.646860570724008994e+02 9.094441212022396712e+02 9.339965917732442904e+02 9.246432959732616155e+02 8.868373132195847575e+02 8.328823476087981135e+02 7.710049942899887583e+02 8.258512970827009667e+02 8.844433112035496833e+02 9.476301995357431451e+02 1.010431701582062601e+03
1.097667430032088305e+03 1.125028940312091891e+03 1.134957429352076815e+03 1.131398116273293226e+03 1.122028571971331985e+03 1.114235466692863838e+03 1.108352867889410845e+03 1.105803519245048847e+03 1.105652340716621438e+03 1.108970078661856405e+03 1.120514835147757594e+03 1.137368148778733030e+03 1.152924863273692154e+03 1.165610246848772249e+03 1.173348225669086787e+03 1.173099064599448866e+03 1.160607713828348324e+03 1.127512789536963965e+03 1.079935903643547135e+03 1.023592067848327588e+03 9.627875809009022987e+02 9.002002400248603635e+02 8.416083596092344123e+02 7.867621502529607369e+02 7.349667367973818273e+02 7.957970229752330624e+02 8.517912544504308698e+02 8.969348666864419783e+02 9.219259605665006347e+02 9.130984760616793210e+02 8.756306323684375457e+02 8.218971989235977844e+02 7.601705229490298734e+02 8.150167566255328211e+02 8.736087809983147281e+02 9.369623942747924730e+02 1.000419507649740353e+03
