_codes/_figurecodes/_data/highRvar/steadystate/20m_HalfMtrThresh_Diffusion_Tc10/topographic_elevation_depth20m_tc10.asc
ncols 200
nrows 200
xllcorner 0.0
yllcorner 0.0
cellsize 50.0
[rows 136 to 152 of 200, columns 0 to 36 of 200]
2.621500126248068555e-04 9.928508567416279220e+02 9.612808185619578580e+02 9.112500094312102874e+02 8.516787624281465696e+02 7.883954937443490962e+02 7.250984968934642438e+02 6.664966098829945622e+02 6.116442267316283505e+02 5.598441998979739083e+02 5.105932030524137986e+02 4.635135049503186906e+02 4.183135479624629625e+02 3.747639478242693372e+02 3.326815133628409740e+02 2.919168334811580507e+02 2.523441209389262099e+02 2.990946313188763952e+02 3.492959612526888691e+02 4.003083466103169599e+02 4.499471485774702160e+02 5.016593256474810119e+02 5.523519717887230627e+02 5.963848633914957418e+02 6.250862607181443309e+02 6.257051182446397206e+02 5.968891483793711359e+02 5.500423926696323633e+02 4.933170129093991818e+02 4.322694480763756815e+02 3.706036051218056855e+02 3.120117945057684778e+02 2.571656317639984195e+02 2.053701827149070027e+02 1.561246297807820156e+02 2.109704374768668345e+02 2.695622532607326320e+02
6.007541973191939718e-04 9.893885429328211103e+02 9.577066995678462717e+02 9.074085007376428393e+02 8.473170429486516468e+02 7.832131469538543342e+02 7.198448142315551195e+02 6.612432250437249195e+02 6.063909849362188424e+02 5.545908667713807745e+02 5.053395191386786678e+02 4.582592878257589177e+02 4.130588317935233249e+02 3.695090534514649789e+02 3.274269019384244643e+02 2.866627887025092605e+02 2.470906211095178264e+02 2.829398919683029021e+02 3.336852466197262856e+02 3.819530711002578869e+02 4.201795900343685730e+02 4.709489392073149929e+02 5.232648320880892925e+02 5.707134345410767082e+02 6.048829375232020311e+02 6.137457762610935106e+02 5.912011753524458300e+02 5.480119845770459506e+02 4.928037482847141746e+02 4.313416327314917567e+02 3.679882245399818999e+02 3.093964101910352724e+02 2.545502534527283842e+02 2.027548169364567059e+02 1.535092822011374949e+02 2.111797227493669311e+02 2.703794423851912825e+02
3.364436637594585473e-04 9.867162255048589259e+02 9.550530018693450529e+02 9.046843555929023069e+02 8.441017478563478562e+02 7.779806037405046482e+02 7.146126091930092343e+02 6.560113036642812858e+02 6.011591831468467717e+02 5.493589459826746406e+02 5.001072269998584261e+02 4.530264661398788348e+02 4.078255494623243749e+02 3.642756502462265757e+02 3.221938180814082102e+02 2.814302684918985165e+02 2.418586406240386566e+02 2.366478908421130427e+02 3.031768336451697223e+02 3.494360715982761008e+02 3.701772273930314441e+02 4.287680918736208469e+02 4.865476642452313740e+02 5.393345449512120240e+02 5.800799047899079142e+02 5.983412117307428844e+02 5.851699846450906080e+02 5.469256090798779724e+02 4.942897311170805779e+02 4.345991417273426123e+02 3.730219106285018142e+02 3.133265313495164719e+02 2.564907355104164708e+02 2.025753337935218497e+02 1.508960454754337377e+02 2.093089260069343993e+02 2.682841682066868998e+02
4.916837665526731455e-04 9.848066179373405475e+02 9.534398949421141651e+02 9.037342950356506890e+02 8.445544732710585549e+02 7.818316788098817369e+02 7.202196922990140138e+02 6.616191447557823722e+02 6.067653487169508253e+02 5.549623238952814290e+02 5.057997473577532332e+02 4.590568383565225190e+02 4.145331766116285053e+02 3.721092908760577416e+02 3.318127925654867454e+02 2.939753313136505426e+02 2.596194196315354361e+02 2.314450709832840971e+02 2.821511702042707839e+02 3.174614655397999741e+02 3.230880104511462036e+02 3.817011889404178078e+02 4.450737458911182216e+02 5.034672848299027237e+02 5.505113841389730851e+02 5.783307293609684621e+02 5.759688192387762911e+02 5.436165598505651815e+02 4.939954312650251609e+02 4.356013449766711574e+02 3.741485532339763722e+02 3.133550358099211053e+02 2.549259555098409749e+02 2.000799395273584764e+02 1.482847824219391555e+02 2.067342151973368232e+02 2.644166675267397295e+02
2.246185909360667323e-04 9.832363993516587470e+02 9.522009150192766356e+02 9.031412647241435252e+02 8.449723521160163955e+02 7.835937357596094444e+02 7.228065577089529370e+02 6.645175423903151568e+02 6.096630407108742702e+02 5.578584311201881292e+02 5.088187189383523332e+02 4.623413533944616916e+02 4.182326908184283525e+02 3.763212199349728735e+02 3.364310784596617054e+02 2.983248666198784917e+02 2.616623685798719521e+02 2.262669503359893497e+02 2.590916182598647879e+02 2.859876904677979610e+02 2.855790289420840509e+02 3.488678989618297805e+02 4.124361737334484133e+02 4.730182929495108510e+02 5.249012567627598855e+02 5.599142660770154407e+02 5.661635636835549121e+02 5.395847994195640922e+02 4.929869601417839249e+02 4.354343377107529136e+02 3.731891596456588331e+02 3.109083788233828045e+02 2.523164977631778072e+02 1.974704952991843925e+02 1.456753568791497173e+02 2.021804946415476252e+02 2.563114703402816872e+02
2.274030988162866330e-04 9.815316058665562196e+02 9.507273727207427783e+02 9.020486597048620752e+02 8.443228191939772387e+02 7.833256265329698635e+02 7.227021591207450228e+02 6.644939311774503494e+02 6.096394284409094553e+02 5.578346873544674054e+02 5.088230050323758746e+02 4.624073179109886951e+02 4.184113232085319964e+02 3.766753417905936772e+02 3.369606945529806694e+02 2.986263195440199070e+02 2.596005518658704432e+02 2.211105964951856038e+02 2.159756892562140820e+02 2.520335652273230949e+02 2.526307609676127583e+02 3.156890011290570897e+02 3.796663817626686068e+02 4.428541082224708134e+02 4.992040561867611359e+02 5.407460644251902977e+02 5.561334777453197376e+02 5.362033067108566229e+02 4.930371347169055412e+02 4.361444577842047465e+02 3.716542423940309163e+02 3.083006171528185746e+02 2.497087423945447426e+02 1.948627537381264005e+02 1.430676336391957761e+02 1.931853018184994255e+02 2.392506242976838564e+02
5.077869139859057107e-04 9.793592525680104472e+02 9.486939052454753210e+02 9.001765726172635596e+02 8.424672429847628337e+02 7.811530840904243860e+02 7.199415024270429058e+02 6.615000612409729683e+02 6.066462514394712571e+02 5.548429738701715905e+02 5.057329025084326872e+02 4.591157865093721853e+02 4.148634204597166786e+02 3.730231802619939003e+02 3.340050470362408532e+02 2.990792815461838927e+02 2.661279361641850301e+02 2.359051358766657245e+02 2.108457816900746877e+02 2.294531834752876307e+02 2.228008487660063395e+02 2.814050090923889798e+02 3.447782688344992721e+02 4.123578275047353259e+02 4.733262119244073460e+02 5.207739945635424874e+02 5.453959770664291682e+02 5.350591129121593212e+02 4.965663336775462540e+02 4.417385134095299009e+02 3.785303526430670331e+02 3.138381648396892842e+02 2.526722705818722261e+02 1.951933336817967870e+02 1.404614783806093214e+02 1.746965641037850219e+02 2.026382891779091153e+02
6.906843025102987147e-04 9.765162230861798207e+02 9.460002600014109930e+02 8.976584820868470160e+02 8.399027234806652586e+02 7.776757108108600960e+02 7.143076728064290819e+02 6.557063170254799616e+02 6.008541467872777275e+02 5.490538775588472618e+02 4.998021884726593953e+02 4.527215734302898227e+02 4.075209020293974049e+02 3.639711837857180399e+02 3.218892549659486804e+02 2.916018093832368550e+02 2.621992356210915318e+02 2.336010752998127202e+02 2.057381297869659420e+02 2.006740345272910133e+02 1.956122372516017549e+02 2.542133907688511272e+02 3.175839718845855373e+02 3.873171521612128458e+02 4.526866378829097357e+02 5.046091027425811149e+02 5.357234219499835035e+02 5.339481118462824725e+02 5.007839894828664455e+02 4.485611400220024620e+02 3.843588842386029114e+02 3.146474649545942270e+02 2.512937623465924446e+02 1.927020404111341350e+02 1.378563667291296611e+02 1.352533376977077069e+02 1.326505687309982022e+02
8.986867894633091729e-04 9.727820416291367565e+02 9.425336515859557949e+02 8.947333828467748162e+02 8.379591317252512681e+02 7.777434148628078674e+02 7.177810246678443491e+02 6.608046367038805329e+02 6.073172209398550194e+02 5.572384951051262760e+02 5.103825920277637920e+02 4.666132898361505568e+02 4.259113179461790537e+02 3.884444359251711489e+02 3.547554913406439709e+02 3.300324221912914027e+02 3.018595284551038276e+02 2.728482197707399450e+02 2.447474303005216143e+02 2.214752039048817096e+02 1.906007692505492912e+02 2.492017527177582679e+02 3.121773097444659015e+02 3.770693567792171166e+02 4.392962037327818052e+02 4.922878825725568959e+02 5.278250166826553595e+02 5.339531684996841250e+02 5.072348351080565863e+02 4.606329022098298651e+02 4.033403573170594427e+02 3.426050266721243815e+02 2.846230504188965256e+02 2.317995827786341181e+02 1.863911486415772742e+02 1.627955845834930528e+02 1.300487088647905978e+02
8.023346108760730667e-04 9.677646007713273093e+02 9.377632989588395276e+02 8.904715409493293237e+02 8.345533305194020386e+02 7.756409114376241405e+02 7.172735127251190761e+02 6.615185612997519229e+02 6.091797584457333414e+02 5.604611879936055630e+02 5.153638737126539127e+02 4.738766522883801144e+02 4.360472856253753093e+02 4.019590259664752239e+02 3.715604656905251204e+02 3.441683630129310245e+02 3.149674912374890141e+02 2.836555011100333559e+02 2.512919211067573144e+02 2.192484920975568059e+02 1.855984024599767679e+02 2.437867265554657479e+02 3.046181773208426762e+02 3.670277797228442296e+02 4.274889460857945096e+02 4.809301384212100743e+02 5.200075992552451680e+02 5.338136940253958755e+02 5.142016352897544493e+02 4.733710982132748768e+02 4.211604592994277141e+02 3.647970392894600877e+02 3.092893774589297209e+02 2.573987516204016970e+02 2.106666491413343749e+02 1.697739301419416904e+02 1.274472383080772886e+02
6.175346011150583780e-05 9.610982449498865208e+02 9.311827498448782308e+02 8.840927056468277669e+02 8.285389883514329767e+02 7.701625508116159153e+02 7.124048432916124511e+02 6.571624287848160293e+02 6.052782694073615630e+02 5.570261667056014403e+02 5.124521119342305155e+02 4.715783608899935189e+02 4.345212531791426045e+02 4.015664582852635363e+02 3.732344774925421120e+02 3.503933508182166747e+02 3.233223308830346809e+02 2.904826832398474039e+02 2.529767664542680450e+02 2.163813790654480727e+02 1.806254748368428409e+02 2.354797998796859702e+02 2.940853071319820060e+02 3.552165025568866668e+02 4.142289462384385956e+02 4.676711359148708311e+02 5.095405233716149951e+02 5.308912287654023885e+02 5.202803532566496187e+02 4.849219617436245358e+02 4.361941118045170924e+02 3.816897491953956774e+02 3.262423681918452303e+02 2.725203648765487969e+02 2.215818317962207118e+02 1.730499402930629174e+02 1.248471933693259359e+02
3.216468404303378750e-04 9.526455047370169495e+02 9.225693373339660184e+02 8.752408886018223484e+02 8.194477437348339208e+02 7.608750150559275198e+02 7.029460802648262643e+02 6.474827593836481583e+02 5.952603600961830352e+02 5.464729383623208605e+02 5.010596595106988502e+02 4.589036385088618886e+02 4.199632742571536141e+02 3.843954340132831362e+02 3.529376041811407845e+02 3.490560501558987880e+02 3.320059880020783112e+02 3.027297350024042544e+02 2.652449198448238690e+02 2.226993894231469540e+02 1.756825518582842278e+02 2.304716939809780740e+02 2.868037412126551544e+02 3.442351965817559289e+02 4.009990828782147219e+02 4.540261297751213760e+02 4.979749893541045935e+02 5.245232511270160103e+02 5.217138341008351290e+02 4.914726813760935329e+02 4.456310568218827939e+02 3.921371943143442422e+02 3.360311601586528809e+02 2.802018123405838423e+02 2.259963250085715742e+02 1.735565316558317193e+02 1.222483129006820946e+02
2.919702616703968422e-04 9.426191523992067687e+02 9.120942430801994760e+02 8.640207486030024029e+02 8.073272779238754993e+02 7.478378230379290699e+02 6.890678384198199637e+02 6.328010447679708932e+02 5.796744593170774351e+02 5.296984775904595608e+02 4.825986556518848261e+02 4.379692277182738849e+02 3.953411521563863289e+02 3.539962687671157937e+02 3.120781910354260731e+02 3.263517890427219754e+02 3.210844480125120413e+02 2.995925187324730246e+02 2.651336717229812052e+02 2.215935899290591919e+02 1.707527893306455553e+02 2.238633246218423096e+02 2.770553687514538979e+02 3.305910138981581099e+02 3.847970443184015608e+02 4.373215216397901486e+02 4.832061391534729182e+02 5.144208333736582972e+02 5.190631621364132116e+02 4.939047629592065505e+02 4.508217506766881115e+02 3.981431753906219342e+02 3.413049708687772181e+02 2.836060063080297482e+02 2.270971267514536009e+02 1.725859110118206559e+02 1.207909222439078860e+02
8.956207585416562115e-04 9.316407224117454007e+02 9.003767641325327986e+02 8.510151675059306626e+02 7.926659217541623548e+02 7.314412819544485274e+02 6.712091467571111707e+02 6.137899458099377625e+02 5.596047593029445579e+02 5.084049510180488483e+02 4.597229468565168986e+02 4.129204882325433346e+02 3.675615394175021606e+02 3.238980608852342016e+02 2.817433839869852363e+02 2.959849975477152384e+02 2.936656734404304530e+02 2.796496023270169076e+02 2.532856701792600234e+02 2.146067420879642498e+02 1.658350265214479009e+02 2.160468870118348264e+02 2.636824054242800344e+02 3.107069612007752539e+02 3.621921578239252426e+02 4.148666970347992446e+02 4.634025177295829963e+02 4.997753753589909707e+02 5.125113254923252271e+02 4.932557737730878671e+02 4.533026293455931750e+02 4.016471305460916597e+02 3.442688914857670852e+02 2.845663585977628713e+02 2.259745572284033983e+02 1.711287015237374476e+02 1.193337195606336962e+02
7.724598481155300336e-04 9.207409462006820604e+02 8.885309143821615407e+02 8.373846058558928007e+02 7.764430284247517875e+02 7.122290475698684986e+02 6.497498246480637363e+02 5.910281284386690004e+02 5.360374375736776074e+02 4.840692922983794233e+02 4.346320277041971849e+02 3.873760726802115073e+02 3.420376777186971822e+02 2.983962032174428600e+02 2.562489233865906613e+02 2.607344222243591503e+02 2.548427484021904945e+02 2.431370441105702014e+02 2.257212682410385582e+02 1.994105481589948283e+02 1.609281255422652919e+02 2.076798592053822858e+02 2.440840304010232558e+02 2.770401006849536429e+02 3.288469703295376121e+02 3.842577586285208326e+02 4.372991591945390724e+02 4.797696581987298146e+02 5.015676403239900196e+02 4.907764333212309111e+02 4.546393105338783016e+02 4.044766160018565415e+02 3.474848944684988510e+02 2.881021974400118779e+02 2.292281927329065923e+02 1.724228966104987251e+02 1.178767423381375608e+02
3.799065146972623540e-04 9.112363854275370159e+02 8.781733037142990952e+02 8.251707801387052541e+02 7.605985329129857746e+02 6.907013769132344123e+02 6.272038576029428896e+02 5.684727063416038391e+02 5.134663389872608832e+02 4.614857341364091781e+02 4.120478253577286978e+02 3.648049059722656580e+02 3.194858207005070199e+02 2.758563840018935593e+02 2.337064812144164421e+02 2.202307964330758239e+02 2.070582806102463280e+02 1.941147252241755155e+02 1.813365840641687612e+02 1.686663271504439763e+02 1.560245454070349354e+02 1.849400609836264948e+02 2.016573697048775671e+02 2.221003044556037764e+02 2.853850514885136249e+02 3.485608328859910330e+02 4.096090912925989755e+02 4.591056879422657744e+02 4.880211786996843557e+02 4.845666256591532033e+02 4.522809009876822870e+02 4.039878354770376632e+02 3.477995916003790171e+02 2.886418815352263323e+02 2.293532129838309572e+02 1.712655413338009396e+02 1.164199904598440156e+02
5.406842996071547754e-04 9.042978044137570350e+02 8.710972885329495057e+02 8.178399047940432638e+02 7.528538394007791794e+02 6.828351078797355740e+02 6.192213547463647956e+02 5.603552951656399728e+02 5.051949802031223840e+02 4.530619578275720869e+02 4.034996601543475094e+02 3.561726184954194423e+02 3.107951498949580582e+02 2.671067346446125157e+02 2.502114081823465881e+02 2.626503085128055091e+02 2.591134702190381063e+02 2.489778942163489717e+02 2.329242445646247006e+02 2.054405440026441170e+02 1.513360362718943861e+02 1.466513400394920268e+02 1.419686068048836773e+02 1.785615655333128018e+02 2.419242253055855087e+02 3.116504620692367666e+02 3.852559440037068157e+02 4.409708011498746032e+02 4.747946051767163453e+02 4.765394693956046694e+02 4.473356345236306879e+02 4.008294052933384819e+02 3.456525310263456277e+02 2.870415269640103020e+02 2.279611173414178893e+02 1.698089892217237207e+02 1.149634450448689194e+02
