_codes/_figurecodes/_data/highRvar/steadystate/20m_HalfMtrThresh_Diffusion_Tc10/topographic_elevation_depth20m_tc10.asc
ncols 200
nrows 200
xllcorner 0.0
yllcorner 0.0
cellsize 50.0
[rows 102 to 118 of 200, columns 74 to 110 of 200]
7.807002138975936987e+02 7.204704427080010873e+02 6.604623750280921968e+02 6.022339018000834585e+02 5.473891064425322384e+02 4.955945385270321140e+02 5.537955622338945432e+02 6.029445534705996579e+02 6.360931329495391537e+02 6.436520660243531893e+02 6.228079612059627834e+02 5.841191219577272022e+02 5.355370296504843282e+02 4.824117242506058005e+02 4.276198605593975230e+02 3.722649115007459955e+02 4.188427213654132402e+02 4.651655192966541108e+02 5.111070555799699946e+02 5.563856103218250837e+02 6.009321234264036775e+02 6.448905713417732386e+02 6.859378354791494985e+02 7.195365102576673735e+02 7.385471936913126001e+02 7.323569284304870735e+02 7.004051662652416326e+02 6.504742278573966132e+02 7.053180401712954790e+02 7.639071329332530240e+02 8.246446831071413044e+02 8.845753660367953444e+02 9.401671736537549577e+02 9.861310750231170914e+02 1.014728108170233440e+03 1.014782816864527490e+03 9.862724813887449500e+02
7.699048714018748569e+02 7.086243158820235521e+02 6.470196376559506461e+02 5.884294783187563098e+02 5.335846039528970550e+02 4.817900015374887062e+02 5.389379572727043524e+02 5.863547444743110191e+02 6.178024048061679423e+02 6.260217877600445036e+02 6.113991746982711675e+02 5.768737061035229772e+02 5.304756040148519105e+02 4.784144872618367117e+02 4.242937122870110898e+02 3.692992248776208157e+02 4.171552360127914767e+02 4.634184533486158557e+02 5.074495921533791147e+02 5.488687728747854635e+02 5.888620771502075968e+02 6.322783519287343097e+02 6.759356968927645539e+02 7.150517794257330024e+02 7.425526980025996409e+02 7.474897666261701943e+02 7.239012385884192327e+02 6.790665785353510273e+02 7.315203415584784352e+02 7.900739949739930807e+02 8.513391849181036832e+02 9.104662919223954987e+02 9.631408298002711490e+02 1.003425684816936837e+03 1.022881285734567314e+03 1.011021242372236429e+03 9.747067671319198325e+02
7.582093201220048968e+02 6.961182757870969908e+02 6.336021356367704129e+02 5.750118883057253925e+02 5.201669475373761315e+02 4.683723231365756874e+02 5.237300079558330026e+02 5.667064327085885225e+02 5.917581485446688703e+02 5.985278270863079797e+02 5.901810432902598222e+02 5.620300884583685956e+02 5.184572201974988275e+02 4.683521374260130870e+02 4.171371080918002576e+02 3.663365388895438173e+02 4.159703434289652364e+02 4.600007623318597325e+02 4.991621961095414690e+02 5.319246729431513359e+02 5.597148134566707540e+02 6.053323518473109743e+02 6.535460255013219921e+02 6.993067469172409574e+02 7.364425303896445030e+02 7.567660267245103114e+02 7.485514211515146599e+02 7.126393726007369196e+02 7.501344633780604454e+02 8.134850874814278541e+02 8.789882300996821414e+02 9.373408681392672861e+02 9.861724691493963064e+02 1.019185775122205769e+03 1.026081641834301763e+03 1.002702933184844255e+03 9.597524872489208292e+02
7.463611707853543749e+02 6.835552555499104983e+02 6.205093022036777484e+02 5.619189728196290616e+02 5.070739775500515520e+02 4.552793416146735694e+02 5.055186322646361532e+02 5.386221126055427249e+02 5.551399234011927319e+02 5.619464717784126151e+02 5.580853111441414285e+02 5.364369050737109319e+02 4.952218314321094681e+02 4.463794513394167325e+02 3.997162576871083957e+02 3.633754460136061653e+02 4.066457318984127483e+02 4.409786660274251631e+02 4.695384064545572187e+02 4.924645209117085187e+02 5.082134942591283107e+02 5.655967063391439069e+02 6.222116899536115397e+02 6.763208877749781323e+02 7.232505417301679245e+02 7.587540951388970143e+02 7.765702665356050147e+02 7.782997356854800728e+02 7.953198464593970129e+02 8.540629045245873385e+02 9.116079805692510263e+02 9.642561088765385193e+02 1.006703853982764372e+03 1.030727831052266993e+03 1.025084821656350186e+03 9.928586545920366007e+02 9.444518692640880317e+02
7.347240961385233504e+02 6.710418020299817954e+02 6.076900226746631688e+02 5.490996181658911155e+02 4.942545794180073813e+02 4.424599400038472368e+02 4.808867644929272274e+02 4.993724259332786914e+02 5.087560034169828214e+02 5.187760689889320247e+02 5.202598031347163214e+02 5.033591161437096844e+02 4.612646592846115254e+02 4.068911911477896979e+02 3.574688866291073168e+02 3.604147459809439624e+02 3.803778239537809327e+02 4.005765873397044174e+02 4.212762147485050264e+02 4.425207002566557435e+02 4.646806438290004166e+02 5.232714534952245913e+02 5.866237025659360143e+02 6.489481335027709292e+02 7.022960053788015102e+02 7.491001833051157064e+02 7.883790302095500238e+02 8.175407692388922669e+02 8.463590048596809083e+02 8.932202828089617697e+02 9.428186555090169350e+02 9.890267326788409719e+02 1.024324493661200222e+03 1.037743744420288749e+03 1.020012815549569837e+03 9.806827568744511154e+02 9.279627478445993347e+02
7.236555269545716556e+02 6.584779807304983024e+02 5.951261290896464971e+02 5.365356571022846310e+02 4.816905848585100784e+02 4.298959467562395957e+02 4.483074352387615704e+02 4.507807549257846063e+02 4.516116373375801345e+02 4.719432455947984977e+02 4.813146295475380043e+02 4.688048961908318120e+02 4.237232886214108021e+02 3.515795005900373553e+02 3.545240012134149765e+02 3.989586524825197102e+02 4.294616574241703688e+02 4.523856732873316560e+02 4.722376995246407887e+02 4.864192382383436666e+02 4.909493566317431146e+02 5.344821657338737850e+02 5.796688026343374531e+02 6.267391219320044229e+02 6.759832897252156272e+02 7.277768081665001318e+02 7.826207386945992539e+02 8.296222197627843116e+02 8.722050340586843049e+02 9.176047765807290943e+02 9.635799361622675860e+02 1.005185905488149388e+03 1.034390326111720242e+03 1.038802765493580864e+03 1.013715653024439121e+03 9.695873719711238437e+02 9.142268175333116460e+02
7.142752618174012014e+02 6.461300973566951598e+02 5.827781745408113920e+02 5.241876429144500662e+02 4.693425456046670661e+02 4.175479089030419573e+02 4.055971573904639627e+02 3.937085621056014020e+02 3.819011816145302305e+02 4.260041563447053363e+02 4.455729256752391620e+02 4.413113093943149465e+02 4.047135615664841453e+02 3.486361678127820483e+02 3.853350140076707362e+02 4.259488734205888818e+02 4.621541055251013290e+02 4.902989385341754200e+02 5.115895297482755382e+02 5.233821618214507225e+02 5.222033989926286495e+02 5.640769177007101689e+02 6.069705576787295058e+02 6.519334315864026621e+02 6.986950929747232522e+02 7.464235308095285291e+02 7.939394325475237792e+02 8.388737891140674492e+02 8.831848494959488107e+02 9.284445223783278607e+02 9.729791155283751323e+02 1.012041731797815714e+03 1.037282618162980270e+03 1.035624594663745711e+03 1.005947046153452334e+03 9.587539324538686287e+02 9.016734196266207846e+02
7.103745148842644994e+02 6.503033206725548325e+02 5.937800534711349201e+02 5.426859153987529680e+02 4.974843936495063303e+02 4.583756787350798163e+02 4.362018250488912940e+02 4.076415754716801985e+02 3.703079882109066716e+02 3.955039344937254668e+02 4.142441005514240260e+02 4.173555379397215006e+02 3.901194915587918786e+02 3.456940012972893328e+02 3.919149867846957136e+02 4.351721008702162408e+02 4.739276129194409464e+02 5.067267213098480738e+02 5.326300416359005112e+02 5.495086907284811559e+02 5.589655291069357190e+02 5.912785933579139055e+02 6.304114624489775451e+02 6.737494346281711159e+02 7.186602066977437744e+02 7.625002114909908641e+02 8.030607851537969282e+02 8.402707268124446500e+02 8.821450995787201919e+02 9.269602146047465112e+02 9.713644383669247873e+02 1.009793338361199289e+03 1.033399336603434676e+03 1.028713025729513447e+03 9.965997996051326027e+02 9.476820143840417359e+02 8.895617622583094999e+02
7.032356960709263376e+02 6.471024918243889488e+02 5.947909264198463006e+02 5.489656356896006173e+02 5.107016548716625834e+02 4.759783220485043103e+02 4.423986774291471420e+02 4.022854304403698507e+02 3.587523085889694130e+02 3.474313075138731506e+02 3.816012031516453931e+02 3.910946238775824781e+02 3.724340780092488785e+02 3.427533899549776493e+02 3.915549430401156883e+02 4.346340723991204413e+02 4.719889619712255922e+02 5.039764753120403498e+02 5.293152329192740808e+02 5.499444506368820385e+02 5.681023513392005952e+02 6.023473636437587402e+02 6.447872679863098710e+02 6.911016732880610789e+02 7.364841247840319056e+02 7.762531793553430361e+02 8.059159129460440454e+02 8.235233593827595087e+02 8.655805808943698594e+02 9.125822074702298323e+02 9.591703711751119954e+02 9.991340694116429404e+02 1.023408902553275425e+03 1.018491866694913142e+03 9.857487386750244696e+02 9.361934146493462094e+02 8.775980274640755852e+02
6.924647237697515720e+02 6.362271940160101167e+02 5.833731607663253271e+02 5.381547082869651604e+02 5.094259307022603025e+02 4.818762146545336691e+02 4.508200911963399449e+02 4.143582761207790099e+02 3.744841433187237953e+02 3.362637493510335958e+02 3.594515150779797636e+02 3.613391175655754637e+02 3.368746810529356708e+02 3.398137466302337089e+02 3.858964876742162460e+02 4.225304364681692277e+02 4.516870336158582973e+02 4.771336882687867273e+02 4.991697315207977113e+02 5.209185300993535748e+02 5.415377416125982108e+02 5.896197702404763277e+02 6.430976374114544569e+02 6.969883338924404370e+02 7.439423466831052565e+02 7.775979328006046671e+02 7.893553783715442478e+02 7.755896465853785458e+02 8.317258762336482505e+02 8.865561221184622127e+02 9.381888187443431661e+02 9.816736461127801476e+02 1.008518414138293679e+03 1.005624182288738780e+03 9.736899385623619310e+02 9.243564170725671829e+02 8.657317386506464345e+02
6.759232128984451720e+02 6.160021540841205479e+02 5.560571664449180389e+02 4.998035663484655515e+02 4.767696343189759887e+02 4.602571936541683044e+02 4.405417957397382338e+02 4.109175288804598836e+02 3.716606149765200939e+02 3.251784589831772792e+02 3.280971356078952681e+02 3.310161886521778456e+02 3.339359985877053418e+02 3.519540851571672988e+02 3.703990161255121620e+02 3.893065694099205416e+02 4.088241885431511378e+02 4.292682603418749636e+02 4.508037945819704646e+02 4.740254710375943432e+02 4.994729809093216204e+02 5.628254004369998711e+02 6.325350710087172956e+02 6.981303222759896698e+02 7.455200075373803656e+02 7.707615650032041685e+02 7.646304112397820063e+02 7.320562844691991131e+02 7.951064003856379259e+02 8.559881776111096769e+02 9.125247392479390101e+02 9.600381904286219878e+02 9.904163511942019795e+02 9.909999233732589801e+02 9.609104410115693327e+02 9.124363838894931860e+02 8.540831635867314162e+02
6.550587161346720677e+02 5.908012607552694817e+02 5.210912981711195471e+02 4.577387641331454802e+02 4.219878812379315036e+02 4.159635839583141319e+02 4.092068252274106612e+02 3.892920439983141137e+02 3.567374665206446025e+02 3.223141896282682524e+02 3.628056167541840296e+02 3.870159328710687987e+02 4.005486167895195422e+02 4.172121742097398851e+02 4.350659792752194335e+02 4.517814320133164188e+02 4.674150640184190024e+02 4.874054481908909224e+02 5.055233892394320492e+02 5.221203380289813367e+02 5.324131188731474822e+02 5.916413071786753335e+02 6.549851748912006997e+02 7.113072097873471193e+02 7.502097978252019175e+02 7.617053511798351337e+02 7.403871094096830348e+02 6.970825197117285370e+02 7.604357935945139388e+02 8.252400729544031037e+02 8.854910096578063303e+02 9.365900088240965715e+02 9.706716233297418057e+02 9.754932522202681184e+02 9.480061898325891434e+02 9.008897426276461147e+02 8.429639466031858319e+02
6.373220230350775637e+02 5.785268221268923980e+02 5.147049215626747127e+02 4.511403891241185420e+02 3.884140005306415446e+02 3.581366221611839364e+02 3.687398022429557045e+02 3.517960263659624616e+02 3.165868952948031847e+02 3.194502752733086481e+02 3.869344362839719906e+02 4.322320400416438702e+02 4.583703159056405525e+02 4.789833311005116343e+02 4.983214006378096883e+02 5.148272719392344925e+02 5.302942611873125998e+02 5.471380665151745006e+02 5.616458024260530237e+02 5.722284444045822056e+02 5.690018915721846042e+02 6.110663462099239496e+02 6.773705176911449826e+02 7.269128747320845605e+02 7.543372078862404351e+02 7.500980175830766257e+02 7.173271267604543482e+02 6.668054026496700999e+02 7.301585000698564727e+02 7.965311544919018161e+02 8.590204755218267110e+02 9.128330706454050869e+02 9.502765048353957127e+02 9.596388308097001527e+02 9.356024454698036834e+02 8.904390628763743507e+02 8.331205792979584430e+02
6.165986906105258640e+02 5.643876533568821969e+02 5.049247282052480159e+02 4.433150930664783118e+02 3.829480593036867617e+02 3.291512363580572469e+02 3.340777475732537596e+02 3.108615625273654928e+02 3.137238718428349671e+02 3.671603430340242085e+02 4.227994860548130305e+02 4.712506628970888869e+02 5.073344647300869497e+02 5.341378765670228859e+02 5.572792464070121241e+02 5.755076490108705229e+02 5.914778476741126951e+02 6.072029397339357502e+02 6.201882224014007079e+02 6.310466109419819531e+02 6.387114865533532111e+02 6.603106258463762970e+02 7.107565703883001333e+02 7.466115840926776173e+02 7.574670405032867393e+02 7.366062086760257444e+02 6.945400226457334156e+02 6.396199090310775546e+02 7.029728551406631141e+02 7.699920919922013809e+02 8.337086897998219683e+02 8.893236694379475011e+02 9.293901120605381720e+02 9.430133050811842850e+02 9.242604752034452531e+02 8.821047282001005669e+02 8.268843980883898439e+02
5.879316829950151941e+02 5.438583593294989669e+02 4.893767186762050301e+02 4.294704767744216838e+02 3.656363497872330868e+02 3.022821231211814279e+02 3.051405106016066497e+02 3.079997895096651064e+02 3.515339057995609551e+02 4.009272648020183283e+02 4.505510754538443621e+02 4.983228144944936275e+02 5.414722423414190189e+02 5.773809648899112972e+02 6.072923409105255814e+02 6.300572436240870502e+02 6.485146506384215854e+02 6.650747188721780958e+02 6.781448857207834635e+02 6.904961626019288587e+02 7.039399048897579405e+02 7.232998786042738857e+02 7.512403943402500772e+02 7.668719086666833391e+02 7.567648741043467453e+02 7.228062038893909858e+02 6.734332570743652013e+02 6.149138347505178217e+02 6.782666672265602301e+02 7.453708324578607289e+02 8.095626120092719020e+02 8.660309350984504135e+02 9.073876572601549242e+02 9.228064457185048468e+02 9.095962991315672070e+02 8.713599483285834140e+02 8.188146715493568308e+02
5.517302494150382017e+02 5.178688307886498023e+02 4.704680512327928454e+02 4.164976010288738166e+02 3.590400656198073079e+02 2.994313401396610175e+02 3.303574212952706830e+02 3.533397897915146473e+02 3.849606814150024547e+02 4.238185473950848632e+02 4.663088901178302876e+02 5.111879743979972659e+02 5.565841624072810419e+02 6.003912904566633415e+02 6.407018369443194388e+02 6.731055046002965128e+02 6.972719685831532388e+02 7.167198990159588448e+02 7.307312378468611769e+02 7.435506355656016240e+02 7.570251889183052754e+02 7.703325598357461104e+02 7.818878768812638782e+02 7.770296804884725361e+02 7.499510071475975792e+02 7.063467967200582507e+02 6.521040792657214524e+02 5.920647560776524188e+02 6.554175123400824532e+02 7.223220247803573102e+02 7.864284884236586777e+02 8.428892324061941963e+02 8.842928784921529086e+02 8.999170801052196111e+02 8.917100209025940103e+02 8.582411275876826267e+02 8.093360021990839641e+02
5.069872135704721927e+02 4.807380751639370828e+02 4.420702120887007709e+02 3.970269208033114410e+02 3.493844064511044394e+02 2.965816171974912550e+02 3.328870904519264400e+02 3.648044423813490198e+02 3.966156999830685663e+02 4.305642163671772096e+02 4.674496630522165788e+02 5.102359202538124805e+02 5.572099219522771136e+02 6.062423057281824867e+02 6.546558527097125761e+02 6.980778512384733858e+02 7.323302606327598596e+02 7.567464311922859679e+02 7.721318582102910568e+02 7.838064683630631180e+02 7.938648423815933484e+02 7.999192062100947851e+02 7.976382264302511658e+02 7.765949755028279924e+02 7.389004540014697113e+02 6.889988895887112221e+02 6.316087839651623881e+02 5.708202786542195781e+02 6.341729907317471771e+02 7.006314997408410363e+02 7.641882975484749068e+02 8.198408435352790775e+02 8.599942235675085840e+02 8.738773678714809421e+02 8.689652671016652903e+02 8.422078742489413798e+02 7.993989213891618419e+02
