_codes/_figurecodes/_data/lowRvar/nonsteady/20m_HalfMtrThresh_Diffusion_Tc5/topographic_elevation_depth20m_tc5.asc
nrows 200
cellsize 50.0
xllcorner 0.0
ncols 200
yllcorner 0.0
[rows 51 to 67 of 200, columns 74 to 110 of 200]
8.172175098110157023e+02 8.538757933181097997e+02 8.877387784799077508e+02 9.183182311177331485e+02 9.430978040036369521e+02 9.656832914750619921e+02 9.929536594862311176e+02 1.033595676642902617e+03 1.078022763080460209e+03 1.128992652138916583e+03 1.173151903368981493e+03 1.200739665409904319e+03 1.199026467594691894e+03 1.168425793124938082e+03 1.120399031331366359e+03 1.062938799364869510e+03 1.002791273241596400e+03 9.455175050593935566e+02 8.923568127691460177e+02 8.436155756184820120e+02 7.999133081191930614e+02 7.719610968544202478e+02 7.341690347708178024e+02 6.748541574739463158e+02 6.577936094733881873e+02 6.410634850480005298e+02 6.245827945206599452e+02 6.082235247492324106e+02 5.919277795635363191e+02 6.295217201201138550e+02 6.398001399248995540e+02 6.240612902233270916e+02 5.937816997572563196e+02 5.975183280227020077e+02 6.445569181351546604e+02 6.662211032661497256e+02 6.831383266299844763e+02
8.112466678980364350e+02 8.491070156421315005e+02 8.853704555656433968e+02 9.205865818778929679e+02 9.545328597735976928e+02 9.884834669657329869e+02 1.025083592409743005e+03 1.066852153582095980e+03 1.111680387369254959e+03 1.157012358537732325e+03 1.195304371914623061e+03 1.216746976703071141e+03 1.208503973128831376e+03 1.175240177546158975e+03 1.128005892895823536e+03 1.074440888958434698e+03 1.019859594152182353e+03 9.675996581981879672e+02 9.189391696418363153e+02 8.742004365507141301e+02 8.334249560949126590e+02 7.966444083763824437e+02 7.582007265138124694e+02 7.184266983903811479e+02 6.975120559277609118e+02 6.745448819229522996e+02 6.493269938730409194e+02 6.194465842747409852e+02 5.837966340945151842e+02 6.121550846858758632e+02 6.101450896537096469e+02 5.863134743837172209e+02 5.900471744681742621e+02 6.501446521677984265e+02 6.946512586676567480e+02 7.221543371585682962e+02 7.421005130736988349e+02
8.080485074883902143e+02 8.400034517057795256e+02 8.755875656304684753e+02 9.135315436791222510e+02 9.530918307866079431e+02 9.943611217787184842e+02 1.038015971140935108e+03 1.084335271749261437e+03 1.131554961330279866e+03 1.175996962342955158e+03 1.210996833521108101e+03 1.227055632319911410e+03 1.212720093488681186e+03 1.176929771687367293e+03 1.130060191596200866e+03 1.079062805574805225e+03 1.028276707312643794e+03 9.799602643759469629e+02 9.349288206822171787e+02 8.930864062414462978e+02 8.537959658882452914e+02 8.162124772699286268e+02 7.791587819694203745e+02 7.435357139977029419e+02 7.121190208666268973e+02 6.804942854131010108e+02 6.474750072958729561e+02 6.123934318151217440e+02 5.756896254056897533e+02 5.931441029041611728e+02 5.788524949889588243e+02 5.825823431673982213e+02 6.417416733014280226e+02 6.984602785560335860e+02 7.440008247439295701e+02 7.749571796730604092e+02 7.975317743663841838e+02
7.965376302380295783e+02 8.166335693460961238e+02 8.545371952762372985e+02 8.965017381654475912e+02 9.413260292991930100e+02 9.888036215358806658e+02 1.038948786327239077e+03 1.091044818474091016e+03 1.142240268262788732e+03 1.187854515753194846e+03 1.220662042087188183e+03 1.229805545976086250e+03 1.209143225715764856e+03 1.170467576912378718e+03 1.123097637645057603e+03 1.073528892063785406e+03 1.025580729085081884e+03 9.806144261617113216e+02 9.390919967095360334e+02 9.006174238427424825e+02 8.638324714258066024e+02 8.275284543919617590e+02 7.910061923772343562e+02 7.543643494237265941e+02 7.177956838444994219e+02 6.808649938823735965e+02 6.434757237040403197e+02 6.051748140155797273e+02 5.676783907197047938e+02 5.714009576397835417e+02 5.751243647412509290e+02 6.243675710694309373e+02 6.823052468470795020e+02 7.366214534863911467e+02 7.839783486156434265e+02 8.195656620102078023e+02 8.448368265488165889e+02
7.605481873118319527e+02 7.727715222189171982e+02 8.211917977912863762e+02 8.697664203456964742e+02 9.203253782172027968e+02 9.737385330423078358e+02 1.030388827209578494e+03 1.089442093895776907e+03 1.145472701556147967e+03 1.192717734600453696e+03 1.223557400310009143e+03 1.226618674881744482e+03 1.200421860013958394e+03 1.157653583399471245e+03 1.107676764488656090e+03 1.057478815840488323e+03 1.011413317932494579e+03 9.689439841436847018e+02 9.307853711153625227e+02 8.971979383014131599e+02 8.650525284456340387e+02 8.321183388986150931e+02 7.972713536115571742e+02 7.604336662170683212e+02 7.204903411607833732e+02 6.797417044538455002e+02 6.401799574226013192e+02 6.016971330444526984e+02 5.642007260557788868e+02 5.995933100351215899e+02 6.284593631412989225e+02 6.684406541321100121e+02 7.168075826730263316e+02 7.658223832605776806e+02 8.110215839887787297e+02 8.487649598207278814e+02 8.770293455881143245e+02
7.139733092235148888e+02 7.377953949692803235e+02 7.870441249414716367e+02 8.388436309457947573e+02 8.936946297661206700e+02 9.522920403552869857e+02 1.015651699838170885e+03 1.085369593677993862e+03 1.146844468454966318e+03 1.194910819354083515e+03 1.222978150547121686e+03 1.219458710211980815e+03 1.187112160749921486e+03 1.138370986828377227e+03 1.082196585354153513e+03 1.027311896138340899e+03 9.834631715953056528e+02 9.416637332392366488e+02 9.048084534139031803e+02 8.793792200065656743e+02 8.559031747033621969e+02 8.301550863321639326e+02 7.998799866331919475e+02 7.676523311717970728e+02 7.333166414517498879e+02 6.947939440472578099e+02 6.526040329780096272e+02 6.076850551374243423e+02 5.607295271789146227e+02 6.055950742324695284e+02 6.484024399659929259e+02 6.929821805346294923e+02 7.393796356084603758e+02 7.846694970678759091e+02 8.254891712863469593e+02 8.590313308755560229e+02 8.848558282618802195e+02
7.575566496583526259e+02 7.735489185973847270e+02 8.110484186087278431e+02 8.628482649189327276e+02 9.171845619724186918e+02 9.743240185157874294e+02 1.034638663603269606e+03 1.096584280047203492e+03 1.153595265178229283e+03 1.198405030393616926e+03 1.221586128242102859e+03 1.210510687515938116e+03 1.171803489168689111e+03 1.115944164039054840e+03 1.047730972396058633e+03 9.780238723549878159e+02 9.309552629739004033e+02 8.874244434246885476e+02 8.466764473961009116e+02 8.341809789617559545e+02 8.200121683872690710e+02 8.014155932379696878e+02 7.782781899690437513e+02 7.550570125466651916e+02 7.333837128445632061e+02 7.011673468996922338e+02 6.593030710785584461e+02 6.106102745134704719e+02 5.572637416265345109e+02 6.087325637840198169e+02 6.585390890442616865e+02 7.069648689541913882e+02 7.532011383174399271e+02 7.948850141026400706e+02 8.286830931338754453e+02 8.513155344659752473e+02 8.657287709012223331e+02
7.857924344382254276e+02 8.115716277053962813e+02 8.442180125566616198e+02 8.875212586042837302e+02 9.375081442131049698e+02 9.922839875623694752e+02 1.050273055356058876e+03 1.108731473337637681e+03 1.162351715724387986e+03 1.203292209551765836e+03 1.219919122240982688e+03 1.201162970574543806e+03 1.158454958215417264e+03 1.100996123795992389e+03 1.035809584247503381e+03 9.724557073426740317e+02 9.148298818301084339e+02 8.599871980589189207e+02 8.081947999918520509e+02 7.764122356424825284e+02 7.704744973204830103e+02 7.529056190854962551e+02 7.317344319999393747e+02 7.139219788770847117e+02 7.134410172173800220e+02 6.956377531443818043e+02 6.585345483665388429e+02 6.097137394087262692e+02 5.538016612571823316e+02 6.092176606622332429e+02 6.623138703528838960e+02 7.118911245156680252e+02 7.559955416654219107e+02 7.913344714650158949e+02 8.130795075257123017e+02 8.206126123853701984e+02 8.223759662375169910e+02
7.803164516525903309e+02 8.148098362521402578e+02 8.534667716044187955e+02 8.978943221093492184e+02 9.477892997523670147e+02 1.002200630725537394e+03 1.059406977780970465e+03 1.116284488751924073e+03 1.167610004999595276e+03 1.205305263995262067e+03 1.217067035498374025e+03 1.194550040105505332e+03 1.149883849885922928e+03 1.091440806566464971e+03 1.023952392601560859e+03 9.606027133390690551e+02 9.020145369164298472e+02 8.471717828852331422e+02 7.953792962649375795e+02 7.461362816716311954e+02 7.195744858290020147e+02 6.941278055333439170e+02 6.694223795377830584e+02 6.453907142443039220e+02 6.805457496796673240e+02 6.807505782260458318e+02 6.511601516696615590e+02 6.052860796498724767e+02 5.503426025321446104e+02 6.075577635079928314e+02 6.609248623209133484e+02 7.084125049454268037e+02 7.470209279746877655e+02 7.720196407005811352e+02 7.810242245914757859e+02 7.755602243959139059e+02 7.602390494139772272e+02
7.594433745418617718e+02 8.027715019817937900e+02 8.476808966204316675e+02 8.959365735247091607e+02 9.482274138750017300e+02 1.004262699106182595e+03 1.062400019405683906e+03 1.119159238788800849e+03 1.169269319712639344e+03 1.204774228919036432e+03 1.213649566614693413e+03 1.189825720655963551e+03 1.145629103444459588e+03 1.089729038404113453e+03 1.028498116232813800e+03 9.680097152727375942e+02 9.105399646750756801e+02 8.568610926107171508e+02 8.074083372206434888e+02 7.631041519298871663e+02 7.263697586376067648e+02 6.919463968245352135e+02 6.577845585097568346e+02 6.223581226492951828e+02 6.579012088306761825e+02 6.639526634026516376e+02 6.403683001480699204e+02 5.988064258184327855e+02 5.468862223395566389e+02 6.033065032192188255e+02 6.534492416927810154e+02 6.948422378008259557e+02 7.236062733446085531e+02 7.385933531690778864e+02 7.409795174219892715e+02 7.263276674792635959e+02 6.813843901961399752e+02
7.379716870218085205e+02 7.848605752559051325e+02 8.337913330172567612e+02 8.856515783539318818e+02 9.410864746457469892e+02 1.000098625002386484e+03 1.060796851363588530e+03 1.118395835844926069e+03 1.167760518769333657e+03 1.201528583422133124e+03 1.208672988538336540e+03 1.184994520460279546e+03 1.142374103318854168e+03 1.089005791806702064e+03 1.030705182387963077e+03 9.717238659929460027e+02 9.145255168681607074e+02 8.607283028898817747e+02 8.107181280510021679e+02 7.646521099660986920e+02 7.223033457630356224e+02 6.818189796629512784e+02 6.418825407037777495e+02 6.016586495114494255e+02 6.356334863538525042e+02 6.424576923639912138e+02 6.257957280993490485e+02 5.900386465519868580e+02 5.434321801723075396e+02 5.949272122675529317e+02 6.369577587635433247e+02 6.669564280673765779e+02 6.856802098972893873e+02 6.963543180360885572e+02 6.997642610140209172e+02 6.941536492683725328e+02 6.636081527799042306e+02
7.139681546651918325e+02 7.632163909060917604e+02 8.150149922414216235e+02 8.698646295399047403e+02 9.284601490448987988e+02 9.918174832923825761e+02 1.057667793359459438e+03 1.115991013642502594e+03 1.163739873863972207e+03 1.194858070416070404e+03 1.200183589440889136e+03 1.177884519305215463e+03 1.137908798295869246e+03 1.087332667840242266e+03 1.031150166052020040e+03 9.728180469473052199e+02 9.144372511466741571e+02 8.595944958622209242e+02 8.078000258476299678e+02 7.589148768621325871e+02 7.126695521532795965e+02 6.682143276636379596e+02 6.247185019931019951e+02 5.826540039069558361e+02 6.107576254786506524e+02 6.127255072901914446e+02 6.011371927164027511e+02 5.728830961928365468e+02 5.399798051245099941e+02 5.789493060248067877e+02 6.058338774025031626e+02 6.240086127996635241e+02 6.372588823074364655e+02 6.472558167052618501e+02 6.544504967647669673e+02 6.582020876098267763e+02 6.461370252347038559e+02
7.213890928080203366e+02 7.700204163481437263e+02 8.218222812711799179e+02 8.766717926390642788e+02 9.352672367553893764e+02 9.986245682990054320e+02 1.060038111808752319e+03 1.114638609396353786e+03 1.157507994048327646e+03 1.182828820248634656e+03 1.184364647265463873e+03 1.165933862153472091e+03 1.130652111123010172e+03 1.084230635906750649e+03 1.030913294980824048e+03 9.737948717979585354e+02 9.150913377391556196e+02 8.565448791215249003e+02 8.017019936634650321e+02 7.499093301050936589e+02 7.006659168005367064e+02 6.535962326636066564e+02 6.084100342738978497e+02 5.648773823581385614e+02 5.806992497494213694e+02 5.735906613196933677e+02 5.643456502372455361e+02 5.331695717635359415e+02 5.365280897757736511e+02 5.476131764326192979e+02 5.587637743067333531e+02 5.700154384463990027e+02 5.814067269299763439e+02 5.929622234351382986e+02 6.047295777227994904e+02 6.167435271283719658e+02 6.289541766556785660e+02
7.223521948239350650e+02 7.731984337426110869e+02 8.279533385203947091e+02 8.863130826285216699e+02 9.467077624388110735e+02 1.007591100962460587e+03 1.064944335833266678e+03 1.113638843689370105e+03 1.147684985080978095e+03 1.161011316919052661e+03 1.156136068673011778e+03 1.141465074391952157e+03 1.115078118031063696e+03 1.076036082278722233e+03 1.027964346152945154e+03 9.737547373345038295e+02 9.155342708544360448e+02 8.547590904066948951e+02 7.961706533476385630e+02 7.413275120931457423e+02 6.895344786495060134e+02 6.402905592383308431e+02 5.932203065728235742e+02 5.480335602414994582e+02 5.478364442236562581e+02 5.231003898213059529e+02 5.264555709974638376e+02 5.298116610454414968e+02 5.787447258064112248e+02 6.035454889221094845e+02 6.185520394943274596e+02 6.302595659022475729e+02 6.411908054838490898e+02 6.505315696324910277e+02 6.585900414302716399e+02 6.612474441869750308e+02 6.448454896468692823e+02
7.169678253854015111e+02 7.718168408651505388e+02 8.304124987506351090e+02 8.937703827621936625e+02 9.560033921101099850e+02 1.015557165930458723e+03 1.068509672869451151e+03 1.108869190725740054e+03 1.128729059805402585e+03 1.127347836338145044e+03 1.115475797332717320e+03 1.101284623790401383e+03 1.084330089194733773e+03 1.058170605313109490e+03 1.019609378762054348e+03 9.717981390853475432e+02 9.170688259524143859e+02 8.568120407686768658e+02 7.934620029591579851e+02 7.348731731671682610e+02 6.800295637141034604e+02 6.282359361271821854e+02 5.789913987484462723e+02 5.319207749595149153e+02 5.163930495937113392e+02 5.197464196585051468e+02 5.657848166420537837e+02 5.941223826231083649e+02 6.311654320144932626e+02 6.586839932496678784e+02 6.765514507904703123e+02 6.895160131657272586e+02 7.005872852890588547e+02 7.087352142085474043e+02 7.149906771441914088e+02 7.163001603448886954e+02 7.081964719917050388e+02
7.392949139300368415e+02 7.867606024543646299e+02 8.424394831477704884e+02 9.030441821365568558e+02 9.641748891757138153e+02 1.021224484512654385e+03 1.068196485351776346e+03 1.097214003589837375e+03 1.099274557038772855e+03 1.083517966787172327e+03 1.064110283541008585e+03 1.047654741120507424e+03 1.037784268847742396e+03 1.024720596686752970e+03 1.001686954162462257e+03 9.654746629404490932e+02 9.192620431981772526e+02 8.660584654457284159e+02 8.092902476750724645e+02 7.527656064297934790e+02 6.979069337601308689e+02 6.454711598080702970e+02 5.961610081505768903e+02 5.511392364512437325e+02 5.130802753706118438e+02 5.531595955917181300e+02 5.980305058704166186e+02 6.379889507890848108e+02 6.763871924628463148e+02 7.079620244977732000e+02 7.297686558370248804e+02 7.452607950842020728e+02 7.576252860567548169e+02 7.659253947202248582e+02 7.724268275238275692e+02 7.760773874165849975e+02 7.779043431577543970e+02
7.631172155856645531e+02 7.888308755247035151e+02 8.477593771515635126e+02 9.102323830884251947e+02 9.720014408863887638e+02 1.026793227269953377e+03 1.066602385895820362e+03 1.080578628075136521e+03 1.063257069127681461e+03 1.030969771855541694e+03 1.004530583471031264e+03 9.815565301753232461e+02 9.800225694575163971e+02 9.767526420381366279e+02 9.680462511842443973e+02 9.496026278021278131e+02 9.164031656424634775e+02 8.721707186318043341e+02 8.210344472119004422e+02 7.667362638187333914e+02 7.118090453239382214e+02 6.578848857283468305e+02 6.059952663160895554e+02 5.566922840487952726e+02 5.097712684422381813e+02 5.598445492922585345e+02 6.095754775358801680e+02 6.575086859337673104e+02 7.029408630441985224e+02 7.429935324317156073e+02 7.729024731287827308e+02 7.933194536910343686e+02 8.086070147557284145e+02 8.184154783923638661e+02 8.263718507960406896e+02 8.325723155102357396e+02 8.386215467700159252e+02
