_codes/_figurecodes/_data/lowRvar/nonsteady/20m_HalfMtrThresh_Diffusion_Tc5/topographic_elevation_depth20m_tc5.asc
nrows 200
cellsize 50.0
xllcorner 0.0
ncols 200
yllcorner 0.0
[rows 51 to 67 of 200, columns 111 to 147 of 200]
6.992358214362685658e+02 7.150077489328684806e+02 7.307171378191766280e+02 7.465134682512626796e+02 7.623868181573435550e+02 7.786093685441588832e+02 7.952552044739526309e+02 8.124331385608164737e+02 8.302044534983252788e+02 8.486254151182035912e+02 8.666047597617258589e+02 8.831556260291251874e+02 9.036585663400708199e+02 9.231821547163002606e+02 9.409501113812506219e+02 9.524226313917290554e+02 1.015754956463542953e+03 1.081600883890618434e+03 1.135260711940161400e+03 1.172138764847380344e+03 1.187171516759545284e+03 1.176074519438479683e+03 1.147975247547331946e+03 1.115687731257001587e+03 1.096682294788520267e+03 1.116930553355895881e+03 1.146840099358975749e+03 1.208282452717516207e+03 1.260755058196318259e+03 1.298921634568638865e+03 1.324004426379476399e+03 1.343088901459342196e+03 1.358032447556998022e+03 1.375389537944974109e+03 1.391162099630815419e+03 1.406264104717563441e+03 1.422150210116478775e+03
7.600261786036792273e+02 7.769326159740054436e+02 7.933758242568892456e+02 8.096825175872064619e+02 8.260332754741392591e+02 8.426257166222884507e+02 8.595617512244280078e+02 8.768918642853514029e+02 8.945677267926199647e+02 9.123451140531483361e+02 9.294408936222022248e+02 9.450525595906323133e+02 9.620138185068059329e+02 9.772847341908674252e+02 9.877177524055257436e+02 9.873857104188732592e+02 1.049873973601949501e+03 1.107378940686369788e+03 1.153422624756836285e+03 1.181278753818870882e+03 1.182187017599338787e+03 1.156111780259460147e+03 1.110695019937135157e+03 1.052103953775389982e+03 1.002858714384813538e+03 1.044923729466037230e+03 1.091994701298622658e+03 1.166311758414896076e+03 1.219768643691519628e+03 1.252167824748891007e+03 1.272927324575828834e+03 1.289323134475917414e+03 1.303311876550370471e+03 1.323310037429675504e+03 1.342690061748673315e+03 1.361957459685011145e+03 1.382606846103340104e+03
8.172716884568188789e+02 8.353486807996609969e+02 8.525801836818291122e+02 8.694809564403458353e+02 8.863555608082328945e+02 9.034048834862226158e+02 9.207284449011923471e+02 9.383365186009032186e+02 9.561122973726465943e+02 9.737043025893509594e+02 9.902857132540075327e+02 1.004745309967557432e+03 1.019271298277227061e+03 1.031002227044353958e+03 1.035811292581986663e+03 1.026934936533936934e+03 1.085308567481068849e+03 1.134738261623854669e+03 1.170188717760547206e+03 1.184882432139068897e+03 1.170904887013584585e+03 1.135614950854614335e+03 1.086783168674702893e+03 1.029832181999991690e+03 9.710746685226204136e+02 1.028408276881913707e+03 1.083074323487788206e+03 1.137493594093826459e+03 1.177412775915635393e+03 1.200153387694107096e+03 1.215985881605347913e+03 1.229294892499915932e+03 1.239479392374012150e+03 1.263212991607171489e+03 1.284664652852685549e+03 1.305704699004700160e+03 1.328926187477359463e+03
8.661426021228224954e+02 8.851432931732937277e+02 9.030305578052740429e+02 9.205078456283365540e+02 9.379577270704339753e+02 9.555839070182721571e+02 9.734704967691851607e+02 9.916063396749304957e+02 1.009881193680103138e+03 1.028025819568688121e+03 1.044984874239044984e+03 1.059205294569967464e+03 1.072896133872477776e+03 1.083310440982568707e+03 1.086275491905447325e+03 1.073988375623401225e+03 1.123881864617223300e+03 1.162139387709286211e+03 1.182989473586529130e+03 1.178577095323511685e+03 1.151497430723758043e+03 1.110343596819641107e+03 1.060896784291195218e+03 1.003831671928238279e+03 9.428560333968094938e+02 1.004682893299777788e+03 1.058739788122351229e+03 1.101052971920930759e+03 1.128270379889658898e+03 1.144279423707572505e+03 1.156357903989945044e+03 1.168068438934641790e+03 1.176126255737896145e+03 1.201387524120032140e+03 1.222956263719666595e+03 1.243429373479372316e+03 1.268711378622404254e+03
8.989959535118798613e+02 9.181471930677505497e+02 9.362822732094509774e+02 9.542122055630762816e+02 9.722908249057758212e+02 9.906666845247120818e+02 1.009377351258152089e+03 1.028384660876152111e+03 1.047648017454772798e+03 1.067643261165283320e+03 1.086730697738847311e+03 1.102755398472265369e+03 1.117975313259685663e+03 1.130586756661864229e+03 1.138689442894265540e+03 1.143422389073876047e+03 1.168625343380065488e+03 1.187081928898096066e+03 1.185518838095159708e+03 1.162086026093488499e+03 1.124240338631912209e+03 1.079427655103271718e+03 1.035956822142803276e+03 9.802860708819738420e+02 9.171440062885329780e+02 9.761399965830260044e+02 1.023868252659095447e+03 1.054696378868218744e+03 1.074297417409931313e+03 1.086264713493869976e+03 1.095603492422151248e+03 1.108436058957919840e+03 1.117535097387132055e+03 1.141397107134826001e+03 1.161358435181907453e+03 1.180076227929796914e+03 1.206977692912269276e+03
9.042599168964436558e+02 9.218381246515880321e+02 9.395163445214274134e+02 9.577306955643563242e+02 9.765438774493968594e+02 9.959324504398441604e+02 1.015832927110120409e+03 1.036095830918877482e+03 1.056302057029406342e+03 1.080490119694212126e+03 1.104688338951101514e+03 1.126296642109800359e+03 1.145602152596750329e+03 1.163323048934160852e+03 1.177773870614145153e+03 1.187851695582220373e+03 1.199997008940294563e+03 1.198359687447163196e+03 1.175505995671921028e+03 1.136490384160064195e+03 1.087616976808566278e+03 1.034175895507986297e+03 1.001660021558722860e+03 9.522300269530771857e+02 8.926691206898221935e+02 9.450087306626314785e+02 9.813944695925499673e+02 1.002660790025101846e+03 1.017639792985550912e+03 1.027999968767116115e+03 1.037012408368885417e+03 1.051535866953194272e+03 1.062689737273462470e+03 1.084377737561185086e+03 1.102767320506409760e+03 1.121485078311911820e+03 1.146978794354941556e+03
8.781347368107483362e+02 8.932620034903465012e+02 9.103158556182837629e+02 9.286869140985824060e+02 9.480326104357455961e+02 9.681753096455488503e+02 9.890113915739502772e+02 1.010469947963775439e+03 1.032639042620090777e+03 1.062742831134829657e+03 1.091111845701710308e+03 1.117780522732660756e+03 1.142277723930553066e+03 1.168905725635411045e+03 1.193349781022328443e+03 1.209778655409342491e+03 1.214145452973547435e+03 1.196218834311991259e+03 1.158711006657732923e+03 1.106522649397003306e+03 1.047127812109042225e+03 9.849306275973925722e+02 9.605123979411861228e+02 9.206906217710993587e+02 8.690533164319535899e+02 9.071066491079474190e+02 9.306418627158424215e+02 9.463553121875713714e+02 9.595957715807836621e+02 9.704277589870002885e+02 9.821669726467329156e+02 9.974986260132156985e+02 1.010894934833438811e+03 1.030223261474376159e+03 1.047921994032730709e+03 1.066639750369387230e+03 1.089538758553486105e+03
8.304043309399525015e+02 8.444208558951199848e+02 8.614643792904623751e+02 8.801788142837971236e+02 9.000125812087765098e+02 9.207441801119620095e+02 9.422705369947359486e+02 9.645222814901704851e+02 9.876826117264226923e+02 1.020244930712080077e+03 1.051516930395364170e+03 1.082187189873108991e+03 1.112270046401289164e+03 1.147472457250997195e+03 1.182948479355192148e+03 1.208624572415760667e+03 1.213572897552812492e+03 1.189950234890703314e+03 1.144019645089837923e+03 1.078431524218386585e+03 1.008720754229096656e+03 9.453676813014475329e+02 9.111174131564775962e+02 8.781766372200880824e+02 8.458310431961112954e+02 8.595028752554126186e+02 8.732406628242539455e+02 8.871136704137954894e+02 9.011981085644007408e+02 9.155819639962533074e+02 9.303718397615199365e+02 9.457035829234080211e+02 9.616495963349135536e+02 9.784283569903607258e+02 9.961271414121473526e+02 1.014844933986597084e+03 1.034693411811716942e+03
7.687415735528801406e+02 7.840329111203833463e+02 8.019845606292817592e+02 8.213022126491148356e+02 8.416138628952680847e+02 8.628111429110779227e+02 8.848483995572812546e+02 9.075427681710089018e+02 9.299828055498503545e+02 9.640454452427285332e+02 9.968019463123819150e+02 1.030274692251320175e+03 1.065104250231180231e+03 1.107139220140101315e+03 1.157647041067695000e+03 1.194710497744461463e+03 1.207179934406159873e+03 1.186317105233766370e+03 1.142822396309851683e+03 1.085922309478507032e+03 1.025708070705483351e+03 9.696733244495825375e+02 9.226621816541543240e+02 8.783464516993174129e+02 8.341028393240943615e+02 8.754860632870544350e+02 9.078342348488545213e+02 9.336172784060175900e+02 9.546558263171123144e+02 9.739993915241228706e+02 9.905202094138558095e+02 1.006518264161255843e+03 1.020950136902884196e+03 1.036129510934933478e+03 1.052572324305388292e+03 1.069620404005582259e+03 1.087080212104385737e+03
6.998285305390453459e+02 7.187353331200652065e+02 7.381459371227101656e+02 7.581081028890195057e+02 7.788069229631511234e+02 8.003416059373149665e+02 8.228364308591490044e+02 8.464507492747144397e+02 8.713948274802579590e+02 9.016703699910397063e+02 9.340134934549931813e+02 9.689851179579528662e+02 1.007466320874289295e+03 1.054534711921850658e+03 1.128330369667299010e+03 1.176698354817118116e+03 1.198529476157086265e+03 1.184470951132595246e+03 1.144784033865682431e+03 1.091823141645375699e+03 1.034369043846736076e+03 9.779013674100350499e+02 9.246703877093984829e+02 8.733323212969243059e+02 8.225656728722908611e+02 8.739674480568095305e+02 9.196330977369733546e+02 9.599839454455143368e+02 9.935718327928121880e+02 1.021220113441542821e+03 1.042551700109833973e+03 1.060638005421564003e+03 1.074133593034700880e+03 1.086359327280581283e+03 1.098015262039177969e+03 1.108396157613805144e+03 1.119387369722217045e+03
7.032666343079207536e+02 7.364321562975512734e+02 7.648061746235746341e+02 7.881550873044809578e+02 8.097752269105812957e+02 8.312253068442485073e+02 8.530502971912146677e+02 8.751179056664971085e+02 8.958824179337201485e+02 9.222293344777152697e+02 9.519608423328704703e+02 9.852984999746504400e+02 1.022892027711136507e+03 1.068356324254879837e+03 1.121894346314728182e+03 1.166631722357669787e+03 1.190650363221888256e+03 1.180597265972653986e+03 1.143553958093351412e+03 1.092298496118915637e+03 1.035203916109849843e+03 9.771685705925414140e+02 9.203787319251135841e+02 8.651281728555263726e+02 8.112271458244321138e+02 8.652877633655143654e+02 9.169726643971888507e+02 9.658035862273851535e+02 1.010570897938676808e+03 1.049997125027820857e+03 1.080874514489382364e+03 1.103391710414145109e+03 1.116502955560464670e+03 1.123591318180422604e+03 1.124826379659108852e+03 1.118565048465803329e+03 1.111494280479194913e+03
6.944459564118571961e+02 7.333093405898911215e+02 7.644023235052004566e+02 7.885646162372506751e+02 8.099356350607134800e+02 8.307256774184955930e+02 8.517365734162680155e+02 8.732573836035728618e+02 8.955449923310876557e+02 9.206214559443577627e+02 9.489071197461495331e+02 9.810695329221861130e+02 1.015258572033343512e+03 1.061255597056943316e+03 1.112376939807088320e+03 1.157057321455594092e+03 1.182684289997503356e+03 1.174989192492418852e+03 1.139278811923299372e+03 1.088492128510929206e+03 1.030954027131627299e+03 9.715012478408174275e+02 9.125311831957900495e+02 8.549558698952323539e+02 8.001093273272960005e+02 8.537349804122241039e+02 9.077030866489648133e+02 9.614127572667141521e+02 1.012726899892976462e+03 1.059650866540190691e+03 1.099434496069884972e+03 1.129075109471032874e+03 1.143513966183855018e+03 1.142827773879927463e+03 1.126246102135549791e+03 1.095230370593080579e+03 1.052252003556055342e+03
6.805561455578973664e+02 7.149096570075854515e+02 7.397913193126930764e+02 7.597148748215726073e+02 7.793503426582911970e+02 7.991105863986789473e+02 8.193403991190596116e+02 8.402893980731316788e+02 8.622947528646880073e+02 8.861728902331292375e+02 9.129607480835521756e+02 9.456742843339146702e+02 9.794797615293670106e+02 1.036402835275048801e+03 1.096209853584286520e+03 1.146282242472560483e+03 1.174594702262973215e+03 1.168147715706280678e+03 1.132613349696047862e+03 1.081533359823284627e+03 1.023342815898383833e+03 9.629000038815693188e+02 9.026677148499613850e+02 8.440757580222722254e+02 7.892292432245914142e+02 8.410251604899175391e+02 8.958713965215637245e+02 9.539315495645885221e+02 1.009588822911400939e+03 1.061168448978654851e+03 1.105577015310066599e+03 1.138261043750250792e+03 1.152701014350104288e+03 1.141600027499302087e+03 1.110990123857822709e+03 1.066562717215091652e+03 1.011502010926025378e+03
6.610725041982121866e+02 6.776600954271423234e+02 6.947042650295937847e+02 7.122498120079915225e+02 7.304336201126681090e+02 7.492446842095233706e+02 7.687615005562170154e+02 7.890808606683805237e+02 8.103245131684301441e+02 8.326493434932885975e+02 8.562636480033826274e+02 8.928508215624403874e+02 9.324113701705709900e+02 1.002118027486767005e+03 1.080971310185979746e+03 1.139482170440161099e+03 1.168996656607452678e+03 1.161086257853407005e+03 1.124158483431651348e+03 1.072099179551746829e+03 1.013228059926929859e+03 9.523436940139309854e+02 8.920234598102198333e+02 8.334314676829325208e+02 7.785849994416066693e+02 8.331873038150331467e+02 8.899869837616192854e+02 9.484532440734926695e+02 1.006149254284427570e+03 1.060300293237731694e+03 1.106837531646895741e+03 1.139527007176753386e+03 1.148656502951343555e+03 1.128511246611555180e+03 1.089174850205540906e+03 1.037463904284527189e+03 9.779280796006153196e+02
7.244232954132670557e+02 7.407909577562575123e+02 7.574708492426713065e+02 7.750050090722553477e+02 7.940100362876139570e+02 8.127942013500653502e+02 8.318312425818437532e+02 8.510363543117786094e+02 8.695379241498916372e+02 8.844573995551380676e+02 8.860874071407222345e+02 9.184305764222327753e+02 9.765891790894539781e+02 1.039002909588552484e+03 1.100366470647172036e+03 1.147559064732946808e+03 1.169082027536696842e+03 1.154295697207794547e+03 1.113936900022914188e+03 1.060220996699140414e+03 1.000601744967563604e+03 9.395302675472858027e+02 8.799506556807614288e+02 8.228332647765773800e+02 7.681470924935684934e+02 8.229935104393437086e+02 8.813739619237962870e+02 9.410289560840651575e+02 1.000071863911935793e+03 1.055500102138288412e+03 1.102576943741296418e+03 1.133873283570040712e+03 1.137909751507073906e+03 1.111789170119974870e+03 1.066915717512974652e+03 1.010930709455551550e+03 9.489431321762363041e+02
7.892407176406100007e+02 8.034630714952494372e+02 8.190365204131566088e+02 8.359121665585290657e+02 8.547030709414258354e+02 8.729489878024718337e+02 8.913447214263975411e+02 9.097332365815037747e+02 9.269458983224800477e+02 9.403726006364372552e+02 9.465816401951948365e+02 9.550175371874804569e+02 1.013635962892527800e+03 1.073182263164794904e+03 1.125844310738752483e+03 1.162176322463481711e+03 1.170244354944982433e+03 1.145681782179158063e+03 1.100939905728315807e+03 1.045379302552324816e+03 9.850236804307899092e+02 9.231366135482015807e+02 8.645447806080683222e+02 8.096985011795381979e+02 7.579027679743468298e+02 8.127491144973162136e+02 8.713411328996402290e+02 9.321517223219292418e+02 9.921176483369728203e+02 1.048113152019492645e+03 1.094948477696139207e+03 1.124420792585781328e+03 1.124066176902411826e+03 1.093654604176101657e+03 1.045105074286982017e+03 9.864452446194380855e+02 9.229575819129095180e+02
8.486799903361392126e+02 8.611922887951059238e+02 8.751335026193258955e+02 8.903664485779987672e+02 9.075936816593281264e+02 9.243203393507146757e+02 9.419226568684022141e+02 9.602678599490091074e+02 9.781739020383852221e+02 9.928334011178301353e+02 1.000117415183547450e+03 9.970800766113628697e+02 1.044148448205240584e+03 1.105345797440168099e+03 1.151057773479441721e+03 1.176096063945351943e+03 1.170137356067321662e+03 1.136983439479930439e+03 1.087857452839486314e+03 1.030504701754785401e+03 9.701083050357528919e+02 9.104162784145690921e+02 8.535351544871579108e+02 7.995895714185910492e+02 7.478523147659954020e+02 8.026985809487011920e+02 8.612905917876979629e+02 9.226928849591935204e+02 9.831283199674193156e+02 1.039227812424213425e+03 1.085424384513728683e+03 1.112989696412450940e+03 1.108869401618290340e+03 1.075182700432214460e+03 1.024047577071055002e+03 9.636069338925942702e+02 8.991365339905705696e+02
