_codes/_figurecodes/_data/lowRvar/nonsteady/20m_HalfMtrThresh_Diffusion_Tc5/topographic_elevation_depth20m_tc5.asc
nrows 200
cellsize 50.0
xllcorner 0.0
ncols 200
yllcorner 0.0
[rows 85 to 101 of 200, columns 37 to 73 of 200]
4.125986806154080000e+02 4.077938907796181525e+02 3.880660936470007982e+02 3.471618679336746141e+02 3.427441645454500758e+02 3.178768804606026492e+02 3.210776894460499307e+02 3.802382579007190202e+02 4.338333083496189033e+02 4.710037079009392187e+02 4.924061029247959027e+02 5.018593991486071104e+02 5.023041938897081877e+02 4.964101860864993228e+02 4.831969908684979487e+02 4.643077093533226503e+02 4.421870966117899684e+02 4.550065007393977794e+02 4.678791027039669075e+02 5.375900333180137523e+02 6.088378342908306422e+02 6.637117099555708819e+02 7.044950175693787742e+02 7.302298684117454286e+02 7.457407828374171004e+02 7.559548853373099746e+02 7.659247275604274137e+02 7.779383256928036872e+02 7.883465759748330584e+02 8.260408513499972969e+02 8.713613985798027670e+02 9.224081849594056166e+02 9.772428151705011032e+02 1.032788958956296710e+03 1.084918925004314360e+03 1.128040916226369063e+03 1.154573280983960558e+03
3.687055170644228497e+02 3.647738087843208064e+02 3.536828819658168186e+02 3.260574864415512479e+02 3.114809452532226715e+02 3.146783973229074149e+02 3.692413551683292781e+02 4.249346358603312979e+02 4.770644319113065990e+02 5.171012762139449706e+02 5.411441712715367203e+02 5.520145835689963860e+02 5.521103447172015422e+02 5.452895378582819603e+02 5.318801544551067764e+02 5.132853372624183521e+02 4.914323273738771150e+02 4.961000267418862109e+02 4.810580437540062348e+02 5.404321253354529517e+02 5.949024723953214107e+02 6.394938281928150445e+02 6.709573694860864634e+02 6.918203329268416155e+02 7.084306531477304816e+02 7.222945630383493381e+02 7.344504894441413398e+02 7.431791763755518332e+02 7.402553769346709487e+02 7.930384678097623237e+02 8.468780885316907643e+02 9.040469422070010523e+02 9.638881399549708249e+02 1.022323430398616551e+03 1.074852209784121442e+03 1.115721796138949230e+03 1.137265869569976076e+03
3.201859326365940888e+02 3.151493605039548243e+02 3.101186491603091326e+02 3.050901418143876640e+02 3.082847874505463892e+02 3.545139367004385917e+02 4.051001596302089638e+02 4.579206662393158354e+02 5.094145321615888520e+02 5.540226512706810809e+02 5.846464288000448732e+02 5.993780709957371755e+02 6.010531613159702147e+02 5.947951864382471285e+02 5.817426683434420056e+02 5.635985764833935718e+02 5.432273165098309846e+02 5.303593158285428899e+02 4.943545727979065418e+02 5.391620039019906017e+02 5.750196264878259171e+02 6.027404058711277912e+02 6.233977668047655243e+02 6.404245460090999131e+02 6.567833518541550575e+02 6.724508678071711074e+02 6.872921900247119993e+02 6.995139033326063327e+02 7.027570832123612945e+02 7.576052977990327690e+02 8.161995266065644046e+02 8.795554080159678279e+02 9.468862885719804581e+02 1.008321379062748520e+03 1.059783733047053602e+03 1.095530973784992057e+03 1.109059838154543513e+03
3.741976026667190354e+02 3.601419624067268614e+02 3.375352308642251842e+02 3.022895786889802139e+02 3.371239860211699693e+02 3.802841089578400329e+02 4.286596059724092243e+02 4.799864827805963614e+02 5.314797872062821398e+02 5.792049299512552807e+02 6.178792131015377436e+02 6.407889947233925341e+02 6.469267134379970230e+02 6.431618088657802446e+02 6.313536117888064609e+02 6.132065105421048656e+02 5.898784159713198960e+02 5.592641230409011541e+02 5.077416298104270140e+02 5.216143732568552878e+02 5.357714747444272234e+02 5.503130463387061582e+02 5.652762616248937775e+02 5.808038586787263284e+02 5.970312989340424110e+02 6.140083485117601185e+02 6.318644686491312541e+02 6.507723851227165142e+02 6.709717831532084347e+02 7.295655757608087697e+02 7.929217823121176707e+02 8.626358616091936256e+02 9.344976177751105979e+02 9.962347252029505853e+02 1.043223304041473057e+03 1.068407347008679380e+03 1.071748245393798470e+03
4.164344372500606823e+02 3.882569507038355141e+02 3.486930865887122195e+02 2.994905106572120985e+02 3.443935929767479251e+02 3.911998036819362596e+02 4.406557899483791516e+02 4.922311848454798451e+02 5.444034242485716959e+02 5.945722058960401455e+02 6.388913110976355938e+02 6.720168847823547367e+02 6.868761073479822699e+02 6.882774258890705141e+02 6.794328920463690338e+02 6.624922418693749933e+02 6.385428329764388309e+02 6.067069443406757046e+02 5.625873062711693819e+02 5.764376751334688151e+02 5.875667096741716477e+02 6.021084189284731565e+02 6.145221085498454840e+02 6.300499065371612915e+02 6.488273039101923132e+02 6.658046322283732934e+02 6.824587929176605030e+02 6.955204050343567133e+02 6.969581039995387073e+02 7.255525150015120062e+02 7.889088635927384985e+02 8.586229883414553115e+02 9.290564660375615631e+02 9.862275464239315852e+02 1.023616708978157931e+03 1.033620992608142842e+03 1.026107509348022859e+03
4.415081075881063271e+02 4.001420319436813315e+02 3.514049661632013795e+02 2.966932664310139671e+02 3.450121546920545370e+02 3.941969616382559138e+02 4.449173552004331214e+02 4.971498651632069254e+02 5.501211142100547704e+02 6.021866854601296382e+02 6.506327665099379374e+02 6.913166895142010162e+02 7.177852064743883602e+02 7.274546806478944063e+02 7.241531317778834591e+02 7.107221981997251987e+02 6.889806289613214858e+02 6.596853199996000967e+02 6.211791287644284694e+02 6.339637022496594909e+02 6.424131837220767238e+02 6.561548155328382563e+02 6.663183137659548265e+02 6.818463519060662748e+02 7.026788273320752296e+02 7.204267127731550318e+02 7.358161584106509281e+02 7.471734524047656123e+02 7.518063347084246288e+02 7.568084496743758791e+02 7.925614659197977971e+02 8.668965962098393447e+02 9.329876673508657632e+02 9.813035723034057582e+02 1.002900397169158055e+03 9.938459809133119052e+02 9.731109044736174383e+02
4.491096768199167855e+02 4.010212690799684765e+02 3.488709572243639059e+02 2.938980073753259035e+02 3.424059952455325515e+02 3.919988883545081535e+02 4.428771045097888646e+02 4.950252394786613195e+02 5.480174515174961698e+02 6.008311651232033910e+02 6.516390751727449242e+02 6.975566325937719512e+02 7.343645882177108888e+02 7.567261457130218787e+02 7.626110781185536780e+02 7.558921176286306718e+02 7.395729153508317495e+02 7.160044771520491622e+02 6.845339357441973789e+02 6.951989367936345161e+02 7.010063007086797597e+02 7.132786230135959613e+02 7.211659106847147314e+02 7.366941424803156906e+02 7.589884369971742899e+02 7.772487216372643388e+02 7.922476382998748932e+02 8.034892993708723452e+02 8.104005889202292110e+02 8.154027779094010384e+02 8.321263620034121686e+02 8.813738955209680626e+02 9.438502752824000481e+02 9.787203119748627387e+02 9.788274127813845098e+02 9.493019661778108684e+02 9.129287063023410838e+02
4.474022506218565809e+02 3.967335294540825998e+02 3.444157956576100901e+02 2.911052224027489501e+02 3.381779081489321470e+02 3.870141865925131697e+02 4.370026692529392562e+02 4.881359310010623744e+02 5.402107077943273907e+02 5.926438617270520126e+02 6.442818228051620508e+02 6.932116605440145349e+02 7.366010980938705188e+02 7.706445425233163178e+02 7.904477377470037709e+02 7.945073260306880911e+02 7.873370024246078174e+02 7.733066613984992728e+02 7.542475187876217433e+02 7.601292712312740605e+02 7.643620082625682244e+02 7.739192792092304671e+02 7.797598113037008716e+02 7.952881287618940860e+02 8.179730226071063726e+02 8.362657517070176709e+02 8.511339599766328092e+02 8.627623931546114591e+02 8.714838461772266101e+02 8.787587029514753567e+02 8.954820980341775112e+02 9.330393849358518992e+02 9.698609821252643997e+02 9.814142210207157859e+02 9.568906041658360664e+02 9.035828989405587208e+02 8.543382265351443721e+02
4.382721262414625016e+02 3.878350812479324645e+02 3.377690108269356983e+02 2.883152323393229608e+02 3.335039130004017807e+02 3.805756357145534707e+02 4.287524140836983975e+02 4.779068441100811810e+02 5.280793133978704645e+02 5.790437216485101999e+02 6.301516439638618294e+02 6.801976259196005685e+02 7.273130010470541720e+02 7.689006886668929610e+02 8.015821899505763213e+02 8.212054510351140379e+02 8.271297594362827112e+02 8.256441796744318253e+02 8.205210874369413432e+02 8.242999368642535956e+02 8.291108365095516319e+02 8.367820204323739972e+02 8.431157419247263078e+02 8.586440292414299620e+02 8.789247215980324199e+02 8.962812318272818857e+02 9.107601310715568843e+02 9.226605192649411720e+02 9.327450075812838577e+02 9.430212206103050221e+02 9.583881826905798107e+02 9.810834083007126765e+02 9.972839153411182451e+02 9.864068154199204628e+02 9.473762853089069722e+02 8.882157232045962019e+02 8.158554506940988631e+02
4.245713980695830969e+02 3.754627135431885563e+02 3.289035436917445736e+02 2.855285177730891064e+02 3.290189098681171913e+02 3.735075295859233506e+02 4.187563777676811583e+02 4.648572846034647910e+02 5.121294473562710436e+02 5.606442367266208748e+02 6.100976003382820636e+02 6.597548621620802578e+02 7.084093649181564842e+02 7.543412579105896612e+02 7.953090069564531177e+02 8.286764823456530848e+02 8.517266897465763122e+02 8.648754871971165130e+02 8.720508393784614327e+02 8.807434866487775480e+02 8.884208981914038077e+02 8.975088259324298861e+02 9.063931829006050975e+02 9.205310340700910956e+02 9.383331511425399185e+02 9.541928996204516125e+02 9.677789555870847380e+02 9.793318667499198682e+02 9.894857146965821357e+02 9.993800643527368948e+02 1.010389498333535130e+03 1.020972813517015879e+03 1.019219188911648985e+03 9.916677576709191726e+02 9.442302549585898532e+02 8.831198944042798757e+02 8.139576771563677084e+02
4.076969237035644369e+02 3.585730611144008435e+02 3.140754876420509163e+02 2.827455531873492873e+02 3.234970724547231953e+02 3.651422667642773376e+02 4.065507834383341219e+02 4.483852673996099156e+02 4.918453369413757628e+02 5.371995611916365760e+02 5.842519571744869609e+02 6.324860657551693066e+02 6.811117116616375142e+02 7.290074457793741658e+02 7.746411495379525149e+02 8.162897448211653000e+02 8.524034687421132048e+02 8.822609337436774695e+02 9.048907280018897836e+02 9.232633549998229228e+02 9.372433688980719353e+02 9.501053480201409229e+02 9.610733896980781310e+02 9.747118741344008868e+02 9.907147108418068910e+02 1.004655416603960589e+03 1.016672743911806720e+03 1.027074433699167457e+03 1.036192706764082686e+03 1.044144072279155580e+03 1.050145136122255508e+03 1.050690777091852624e+03 1.034428016767531972e+03 9.977960436217690585e+02 9.465480280708790133e+02 8.857157704001519960e+02 8.192415205956184536e+02
3.852973678130211965e+02 3.320343923612296635e+02 2.771872573080138977e+02 2.799650276824369257e+02 3.184499094538641657e+02 3.566492385129284912e+02 3.921907476344526913e+02 4.276528479111009347e+02 4.669420625192011585e+02 5.092490474134470446e+02 5.539652140228851067e+02 6.005163964067785400e+02 6.484159271414426939e+02 6.970329926695046652e+02 7.451112993421347710e+02 7.914001989390384324e+02 8.349857020464928610e+02 8.753080626832053213e+02 9.116706446889190829e+02 9.436351043720427469e+02 9.687915043447690095e+02 9.879673432701072215e+02 1.001743968006356454e+03 1.014941606706375410e+03 1.028434427251086163e+03 1.039428255855155157e+03 1.048861769404287998e+03 1.057256737550721709e+03 1.064748905300899878e+03 1.070641815165359958e+03 1.072734472598489219e+03 1.065550412531798884e+03 1.041152929686375046e+03 1.001311817997837920e+03 9.501681283736787691e+02 8.922953613553015657e+02 8.321403964974725795e+02
3.615892351674564793e+02 3.141129096128403830e+02 2.744122326004483057e+02 2.986359032712351791e+02 3.247484574021726189e+02 3.493920633185609859e+02 3.732487507897376986e+02 3.975541251401821796e+02 4.355508931680337810e+02 4.766304153929783070e+02 5.200725994141106412e+02 5.652605809287992997e+02 6.123321437479160068e+02 6.615434679933688358e+02 7.108986802305533956e+02 7.593434262285389877e+02 8.068110903331419195e+02 8.535641090842857466e+02 8.986483093531825261e+02 9.401215999141136308e+02 9.754581063245846053e+02 1.002863667287655289e+03 1.020807550406314817e+03 1.032478661754200630e+03 1.040221867398480981e+03 1.046134361666264795e+03 1.051420079340198754e+03 1.056843663563146720e+03 1.062714726040477444e+03 1.067848138511135630e+03 1.069761108082102965e+03 1.063575495844072975e+03 1.040737505052221195e+03 1.003023483243228611e+03 9.543802101606754604e+02 8.993486028754359722e+02 8.421203551484391028e+02
3.172583016392172794e+02 2.688903633899644774e+02 2.716376917447346386e+02 2.855803199999323851e+02 2.996649556603845781e+02 3.139722431755436673e+02 3.285954491876670431e+02 3.579910632907700005e+02 3.987412870465471428e+02 4.408063262465920502e+02 4.843393655028972944e+02 5.295265507112595742e+02 5.765979748082576180e+02 6.258439287222439589e+02 6.759043372346236538e+02 7.240694787869629181e+02 7.724622583409901608e+02 8.238665621337726179e+02 8.760407804726831955e+02 9.245715514726423407e+02 9.652832010962100640e+02 9.944786940013718777e+02 1.009684606334953742e+03 1.016755746859013584e+03 1.018589266095253265e+03 1.020165845282110581e+03 1.022017847429516110e+03 1.025126679407937900e+03 1.030683098512215793e+03 1.037022957898599998e+03 1.042217840644835633e+03 1.043543802806622807e+03 1.031584238890359075e+03 1.001287505077377432e+03 9.573266774545679709e+02 9.051392315472714927e+02 8.493494075307272624e+02
2.633969661177985699e+02 2.661435069518817613e+02 3.136737468455746694e+02 3.356339671613262681e+02 3.472150104310202892e+02 3.519919607829279471e+02 3.447656091020264739e+02 3.785135458973193181e+02 4.173976062493272252e+02 4.564813242056640661e+02 4.949557761037117984e+02 5.333115755393349673e+02 5.716228735583966909e+02 6.074397498942674929e+02 6.414792652303897285e+02 6.841341184641592008e+02 7.288787778010297416e+02 7.865661059204971934e+02 8.478631918804023826e+02 9.023979558903397447e+02 9.444521118091347489e+02 9.681624741744830089e+02 9.764201432193173105e+02 9.781612775603039154e+02 9.759596483049473363e+02 9.742434138410595779e+02 9.730664913512262046e+02 9.737580053037465859e+02 9.802459707952421013e+02 9.887442195390632378e+02 9.980248486776522441e+02 1.007642091728158903e+03 1.009381018739626711e+03 9.926175655481060858e+02 9.559449254614373785e+02 9.073070121474379448e+02 8.526542048731986370e+02
2.606507404260650560e+02 3.121202820681733101e+02 3.570187062862813150e+02 3.825021855772878325e+02 3.924861761989183151e+02 3.892232041194297381e+02 3.613539132613171887e+02 3.783309603584982597e+02 4.214109713738043865e+02 4.561436037350160859e+02 4.860332761465130034e+02 5.140290677388306904e+02 5.411490143410809424e+02 5.646043746859353405e+02 5.792003358583949648e+02 6.227339836800418880e+02 6.698060660622110163e+02 7.395188734281889538e+02 8.183791719084630358e+02 8.769277325800196650e+02 9.152517483484784862e+02 9.293295541233750328e+02 9.301249112885643626e+02 9.264758519660098273e+02 9.214311242123567354e+02 9.174936894065087927e+02 9.133840488558266770e+02 9.097629871391961842e+02 9.194646246522851243e+02 9.302471358599071891e+02 9.425507581503751453e+02 9.604970215861509359e+02 9.756777362256616470e+02 9.750324823544082165e+02 9.481227047507334191e+02 9.041942789024774356e+02 8.510512262570131270e+02
2.979167412130240677e+02 3.477506710915054668e+02 3.941731052889940088e+02 4.256342969386959112e+02 4.379241225847630972e+02 4.357131193438426067e+02 4.180068971876873434e+02 3.955141151875005789e+02 4.131360459701861032e+02 4.313205320912633738e+02 4.501323255148436147e+02 4.698684109455458042e+02 4.908346072863776044e+02 5.135047841304648273e+02 5.384500779813139388e+02 6.018035739429865316e+02 6.715158442742257421e+02 7.445525202054993770e+02 8.093288273601895071e+02 8.575780725557980304e+02 8.822183056980335323e+02 8.838856947445246988e+02 8.764411412982190086e+02 8.671691052197950285e+02 8.610048092132493593e+02 8.564665204186666188e+02 8.499913073807300634e+02 8.400521628403364502e+02 8.549557850017793044e+02 8.669557047721151548e+02 8.784774915198161125e+02 9.051424827374032702e+02 9.354451998032737947e+02 9.508990126639051823e+02 9.366760490820412315e+02 8.981932743489153381e+02 8.466943185861297252e+02
