_codes/_figurecodes/_data/lowRvar/nonsteady/20m_HalfMtrThresh_Diffusion_Tc5/topographic_elevation_depth20m_tc5.asc
nrows 200
cellsize 50.0
xllcorner 0.0
ncols 200
yllcorner 0.0
[rows 34 to 50 of 200, columns 148 to 184 of 200]
1.125861445976279811e+03 1.140709263312472558e+03 1.154123991270065289e+03 1.164166920444491325e+03 1.168209530268167100e+03 1.193508701880443596e+03 1.220918514417171764e+03 1.250557220131422127e+03 1.285889686737039256e+03 1.321617374741921140e+03 1.357612145431752424e+03 1.387217369559740064e+03 1.387504383993810507e+03 1.355519117754764238e+03 1.305394312176033964e+03 1.245783196820274952e+03 1.181904115517981609e+03 1.244030103700975815e+03 1.306123179012166702e+03 1.363518347112765014e+03 1.409690915517807980e+03 1.435431907475466915e+03 1.427647076226051013e+03 1.391011717797370920e+03 1.338055746946008185e+03 1.277012960700795475e+03 1.212991228814380293e+03 1.149638205548055794e+03 1.211850514817044996e+03 1.272862561665326893e+03 1.328888177326678260e+03 1.373769010541254829e+03 1.398036883315169462e+03 1.387933646097417295e+03 1.349621358672038241e+03 1.295734199378967560e+03 1.234726562791411652e+03
1.062055861304637119e+03 1.078191442985026697e+03 1.093151285470654557e+03 1.103849494085477545e+03 1.098493334375472841e+03 1.126010001974235365e+03 1.155407140290750476e+03 1.187194732839600420e+03 1.222950938049371644e+03 1.262520040497401851e+03 1.314322844025795575e+03 1.365138777032239659e+03 1.368772163656568182e+03 1.335943806481280944e+03 1.284486798981817856e+03 1.223968569631787204e+03 1.159744113091877125e+03 1.222878612402603039e+03 1.285193077480824741e+03 1.342926877419144830e+03 1.389950261488835622e+03 1.417043190377735527e+03 1.410877807692740362e+03 1.375222990820641371e+03 1.322729583736517043e+03 1.261801483922888110e+03 1.197707319198311097e+03 1.134354349439747011e+03 1.196609083363497120e+03 1.257744575399095311e+03 1.314013336111987883e+03 1.359316049850923037e+03 1.384273513702155469e+03 1.375240016248641268e+03 1.337687827881668909e+03 1.284130535749950013e+03 1.222828807709321154e+03
9.987919707185171774e+02 1.016117960654110220e+03 1.034054369712033576e+03 1.052772073088041680e+03 1.072507988042583975e+03 1.127643100502780044e+03 1.171865227568709088e+03 1.220371559687992885e+03 1.266739579061387985e+03 1.306214180192029744e+03 1.343574759883100342e+03 1.366774087951177989e+03 1.356179215226947008e+03 1.317831014714434104e+03 1.264179749468180262e+03 1.203058926781443006e+03 1.139044449785905499e+03 1.202397432175542690e+03 1.265064851063489641e+03 1.323238755471015338e+03 1.370968709401462320e+03 1.399110136659753152e+03 1.394335541751430355e+03 1.359567736433907839e+03 1.307573931206407906e+03 1.246891908033239361e+03 1.182917612657979817e+03 1.119564684958731505e+03 1.181857385952790310e+03 1.243100833782654945e+03 1.299580967317367822e+03 1.345243236820302172e+03 1.370763784323152322e+03 1.362549279882666497e+03 1.325524604722453205e+03 1.272185890584661820e+03 1.210822389843585597e+03
1.051991873150490619e+03 1.074362576711906286e+03 1.092208717917215381e+03 1.104417202887604162e+03 1.101492971300513091e+03 1.132748454683973023e+03 1.167725184555529268e+03 1.237436361056400301e+03 1.292636115062388399e+03 1.335139406073080181e+03 1.363335648836230348e+03 1.367727631444080089e+03 1.343168925555282613e+03 1.298860375405033437e+03 1.243197976768571152e+03 1.182159034275875001e+03 1.119526854391588813e+03 1.182879777427378713e+03 1.245833317045632839e+03 1.304401579212154275e+03 1.352727575102346009e+03 1.381741327776076332e+03 1.378171217140347380e+03 1.344211520444716371e+03 1.292724387376090363e+03 1.232349448352751779e+03 1.168572566995872194e+03 1.105219671286731000e+03 1.167546546362720392e+03 1.228884257658479783e+03 1.285546591091080927e+03 1.331513629366885880e+03 1.357500218657862206e+03 1.349946544235855981e+03 1.313344351719673341e+03 1.260210302541840065e+03 1.198886806020768290e+03
1.089344812503554749e+03 1.122989812880984573e+03 1.146426594247143385e+03 1.161898620621637292e+03 1.171208847925891178e+03 1.190108501982148937e+03 1.207293056985168960e+03 1.268759674109513526e+03 1.320104399018966888e+03 1.357133185946152480e+03 1.374540045245076499e+03 1.363708770337438182e+03 1.329442053525941446e+03 1.280388955878975139e+03 1.223121843783976374e+03 1.162404216000723409e+03 1.101082178093520270e+03 1.164435059399100055e+03 1.227536860534909465e+03 1.286405145787761285e+03 1.335222219895463695e+03 1.364975583781555088e+03 1.362456892146332166e+03 1.329230090910542231e+03 1.278233124745800296e+03 1.218183056569770315e+03 1.154630531020457965e+03 1.091277658201764780e+03 1.153635461237731306e+03 1.215056077075011672e+03 1.271876937023927439e+03 1.318106849608390348e+03 1.344492504149995966e+03 1.337504282791239120e+03 1.301274577994211995e+03 1.248349375631759358e+03 1.187116571481161145e+03
1.110661696693733347e+03 1.157609017053967591e+03 1.192650215524082796e+03 1.215601102007166901e+03 1.231188680569075586e+03 1.245880252731333258e+03 1.254371343019671940e+03 1.305995827979053956e+03 1.348882633421233095e+03 1.374797040892850646e+03 1.376736354846731729e+03 1.353284982466953352e+03 1.312284085611074715e+03 1.260122676620490893e+03 1.201907822502751742e+03 1.142127119096481692e+03 1.083536060856866243e+03 1.146888914652528456e+03 1.210100487390667467e+03 1.269203800717068589e+03 1.318427149760738303e+03 1.348812765025825911e+03 1.347214630629791145e+03 1.314647178565754075e+03 1.264109221645976504e+03 1.204378613039206584e+03 1.141056077847154711e+03 1.077703220758675798e+03 1.140089321689072449e+03 1.201583893536250343e+03 1.258545283547701956e+03 1.305008007960514533e+03 1.331748438842112137e+03 1.325268631345594258e+03 1.289386624249005536e+03 1.236677926937900565e+03 1.175568063976202666e+03
1.125486315882055123e+03 1.179313890088193375e+03 1.225870650386466878e+03 1.260481993743995190e+03 1.283335312718632622e+03 1.300676333022204290e+03 1.317504199634299084e+03 1.347549559121606762e+03 1.373595052974262444e+03 1.383085964178918175e+03 1.369891439769215822e+03 1.338412176054227984e+03 1.293718009492808733e+03 1.239977284135313084e+03 1.180258213917529702e+03 1.121667123666011321e+03 1.066821781561154467e+03 1.130174619350894318e+03 1.193455509141086623e+03 1.252740038851799227e+03 1.302300392146420563e+03 1.333228972100157307e+03 1.332437048984198782e+03 1.300457457766337939e+03 1.250338354038890884e+03 1.190907930376907871e+03 1.127815195554653656e+03 1.064465921725671024e+03 1.126878164334873418e+03 1.188439673965275688e+03 1.245528107903201089e+03 1.292202394825958208e+03 1.319268507071330305e+03 1.313262709153892274e+03 1.277715857860927599e+03 1.225230701731145246e+03 1.164263149607140804e+03
1.134170539234560010e+03 1.192158742758469998e+03 1.246055374892822329e+03 1.291526010053440132e+03 1.324120809875850455e+03 1.344697875033898072e+03 1.360070931393822320e+03 1.375044246064041545e+03 1.381596250343479824e+03 1.374640283442523241e+03 1.354548477069068667e+03 1.320298270485345711e+03 1.275821130991644168e+03 1.223697666769945045e+03 1.166971758246543232e+03 1.108791792519936507e+03 1.050875906178126570e+03 1.114228738037718813e+03 1.177525810023678105e+03 1.236945674716614803e+03 1.286788261822494405e+03 1.318186583310301103e+03 1.318101527093851473e+03 1.286641765151723121e+03 1.236894367414345879e+03 1.177723803557824340e+03 1.114803470177022746e+03 1.051539374254848781e+03 1.113975682505817986e+03 1.175598182744595533e+03 1.232803007082425893e+03 1.279673214145562497e+03 1.307045249441052647e+03 1.301492244684244952e+03 1.266274814355063427e+03 1.214020786879514390e+03 1.153212273353740784e+03
1.134876160057155857e+03 1.199401873101983711e+03 1.258565861260867905e+03 1.310046846282276647e+03 1.349756162177486885e+03 1.373317865221428747e+03 1.381755705326725774e+03 1.378343847818179484e+03 1.365296268312610437e+03 1.346755934695189126e+03 1.323564328438805433e+03 1.292068024267356805e+03 1.252939731345398968e+03 1.205264448175766802e+03 1.152212894301430424e+03 1.095202322087241328e+03 1.035544327035184097e+03 1.098897161776495068e+03 1.162201111479715337e+03 1.221739167345616352e+03 1.271830529514095815e+03 1.303642639780010995e+03 1.304180852219889857e+03 1.273180838047325551e+03 1.223763566731112860e+03 1.164824535405080724e+03 1.102061453056199753e+03 1.038900520276454017e+03 1.101358278981833791e+03 1.163035780646676585e+03 1.220347319957248146e+03 1.267400469001404645e+03 1.295063584029583581e+03 1.289949300373937149e+03 1.255059198418170809e+03 1.203044051284309489e+03 1.142409416963537069e+03
1.148104502945082686e+03 1.209310469629027921e+03 1.269637187385020979e+03 1.323168557115817748e+03 1.363903352440890558e+03 1.384858865842903924e+03 1.380041680058651082e+03 1.356285832829388028e+03 1.329786821962992690e+03 1.302857283289705492e+03 1.276164219684339287e+03 1.246228557940491100e+03 1.214077881806853838e+03 1.175771592395609332e+03 1.131222679568173817e+03 1.079086614960361658e+03 1.020668736329447711e+03 1.084021581601676417e+03 1.147374218112740209e+03 1.207046973736681366e+03 1.257374189023232930e+03 1.289557964640228192e+03 1.290648155444026315e+03 1.260055318513125258e+03 1.210932546301807179e+03 1.152203010688196400e+03 1.089586739395534551e+03 1.026529066908522282e+03 1.089004278443023850e+03 1.150729385536315249e+03 1.208136927823305541e+03 1.255359959855923762e+03 1.283300782135379905e+03 1.278614343852921138e+03 1.244051276708363048e+03 1.192282084571273572e+03 1.131831776748059610e+03
1.149126710526330044e+03 1.218846319118379142e+03 1.282628209383974081e+03 1.337141358577331857e+03 1.375633738299681909e+03 1.386586573683243159e+03 1.363045682340830581e+03 1.317427120720816674e+03 1.280623724663055555e+03 1.247643926164289724e+03 1.217866829902121026e+03 1.188248437211216014e+03 1.159346729729257959e+03 1.128033887709709916e+03 1.094914651594725910e+03 1.055216005284883522e+03 1.006127170817192223e+03 1.069480032914289040e+03 1.132984527119401946e+03 1.192832919971295496e+03 1.243389471663528866e+03 1.275904684688421412e+03 1.277478921692186077e+03 1.247244728126684549e+03 1.198384851877628989e+03 1.139845858454249765e+03 1.077366297513625796e+03 1.014407040130746054e+03 1.076893190580229202e+03 1.138655372915987300e+03 1.196144800796069148e+03 1.243521717156092564e+03 1.271725433381643370e+03 1.267456928106140822e+03 1.233222642281542676e+03 1.181708008872529035e+03 1.121452361319575630e+03
1.178954960203805967e+03 1.237163883425252834e+03 1.297996665956708512e+03 1.351349748440868780e+03 1.386786785307412174e+03 1.388485124043487986e+03 1.348376227459151778e+03 1.265503620370884846e+03 1.221970342107487795e+03 1.185381202911068385e+03 1.153036290849818442e+03 1.123211154610064114e+03 1.095351479430961035e+03 1.068483339028443197e+03 1.042498081525760426e+03 1.017050522038536656e+03 9.918582604706348320e+02 1.055211171115582601e+03 1.119086276593986895e+03 1.179127998249662369e+03 1.229877263159451559e+03 1.262665725903311113e+03 1.264648860317725166e+03 1.234725740250416266e+03 1.186100461356598998e+03 1.127736036106786059e+03 1.065384458412014737e+03 1.002518426944881071e+03 1.065004947016146161e+03 1.126788217157604549e+03 1.184338878856984365e+03 1.231847176113402156e+03 1.260294462500523196e+03 1.256433773372273663e+03 1.222534029519802289e+03 1.171288162716603892e+03 1.111242641164828001e+03
1.211304315811427159e+03 1.247060967160387918e+03 1.312528877903235298e+03 1.367146721466383042e+03 1.402379073916163634e+03 1.404746122156309184e+03 1.371968299673605543e+03 1.320128980674882541e+03 1.277386490669938894e+03 1.237178448621283451e+03 1.199600391017599804e+03 1.163911697588915558e+03 1.129001361503660519e+03 1.092906594577107853e+03 1.056708367113028089e+03 1.019507742001925067e+03 9.791172341435218414e+02 1.042470174007730293e+03 1.106041669065994029e+03 1.166026000507315075e+03 1.216843472303151657e+03 1.249816788315729127e+03 1.252125442047211209e+03 1.222468406476990140e+03 1.174054688972552412e+03 1.115853732685959130e+03 1.053624829229179113e+03 9.908488866840041283e+02 1.053319072637761792e+03 1.115098732844356618e+03 1.172678864226372070e+03 1.220284229095849469e+03 1.248946914757284503e+03 1.245482871934110563e+03 1.211931200273563263e+03 1.160980087945651121e+03 1.101171840752224625e+03
1.281025659861269332e+03 1.286630058562882596e+03 1.331823765590311723e+03 1.386675534598651666e+03 1.421489670213988120e+03 1.425760438843837619e+03 1.397654371396573424e+03 1.354297570993840964e+03 1.308714796636215851e+03 1.263460203996832661e+03 1.219512429114382485e+03 1.176892506788619585e+03 1.135091632038285752e+03 1.093432727590802415e+03 1.051773462938042485e+03 1.009653519800919184e+03 9.666265446190576540e+02 1.029979521734804393e+03 1.093453936781302446e+03 1.153373621558519972e+03 1.204201972635272341e+03 1.237292030899577185e+03 1.239856045809578518e+03 1.210431136126126603e+03 1.162216224690349463e+03 1.104176058838586869e+03 1.042070536778675660e+03 9.793855138711558084e+02 1.041813885116603842e+03 1.103551945908004200e+03 1.161111510089394415e+03 1.208758890448702232e+03 1.237592383898376966e+03 1.234511402841892732e+03 1.201335625569497552e+03 1.150726971625794931e+03 1.091204427972343183e+03
1.356539578913633477e+03 1.364641498532972491e+03 1.393271176618708523e+03 1.427478140651790682e+03 1.449417255330899252e+03 1.446839346608106780e+03 1.417712853867206377e+03 1.374798859572375022e+03 1.326618108409335036e+03 1.277080049454985328e+03 1.228030678647481864e+03 1.180292946961618782e+03 1.133835418369211993e+03 1.088324076209303712e+03 1.043460739567599603e+03 9.989318413867134723e+02 9.545263130519322203e+02 1.017879338573918744e+03 1.081240398896162560e+03 1.141064163144684926e+03 1.191851733372679973e+03 1.224999658474081571e+03 1.227765672304326017e+03 1.198556806389799931e+03 1.150544912583195583e+03 1.092676330496552055e+03 1.030704096392369593e+03 9.681166437603289978e+02 1.030466178549282859e+03 1.092105156155696022e+03 1.149564184673574118e+03 1.197161530310795797e+03 1.226089968080735389e+03 1.223372992105169033e+03 1.190627252826448057e+03 1.140447761142732361e+03 1.081295993622862170e+03
1.412242513701937241e+03 1.421577179578337564e+03 1.441112879270069243e+03 1.462234688307477654e+03 1.473353625790583010e+03 1.462523369151054567e+03 1.430473195026739631e+03 1.385977800914677800e+03 1.335239985053868850e+03 1.282007151892615411e+03 1.228554019144204631e+03 1.176925823895395979e+03 1.127303086808250328e+03 1.079408150944501131e+03 1.032906367777413152e+03 9.874713282478473957e+02 9.427786053775727169e+02 1.006131691240717373e+03 1.069325670074522804e+03 1.128996234625517218e+03 1.179675787742456805e+03 1.212818163316077971e+03 1.215748362457781013e+03 1.186765959650283094e+03 1.138988689501074987e+03 1.081323558260298796e+03 1.019507590837773364e+03 9.570316901203535735e+02 1.019252812532216922e+03 1.080708212316122626e+03 1.137937329065187441e+03 1.185324258209762547e+03 1.214209028749477739e+03 1.211824740918524867e+03 1.179614146962961058e+03 1.130021696921645571e+03 1.071387809166907346e+03
1.442331822022276810e+03 1.453554165996529491e+03 1.468566503894785228e+03 1.481910851016985816e+03 1.484979270102093778e+03 1.468687876967456305e+03 1.435363142531149379e+03 1.390140883605130966e+03 1.337773767030041199e+03 1.281563119889392510e+03 1.223028195002039411e+03 1.168182632173825596e+03 1.116387791609296301e+03 1.067142653953110994e+03 1.020071698223171666e+03 9.748846563512482817e+02 9.313513534971930312e+02 9.946191378672325527e+02 1.057610625301532309e+03 1.117050746725754607e+03 1.167523187963523469e+03 1.200574257011622876e+03 1.203644908013996883e+03 1.174943395717743442e+03 1.127479625777810952e+03 1.070083637635368177e+03 1.008464371010286300e+03 9.461210096764486934e+02 1.008158233976891552e+03 1.069311792673069476e+03 1.126099193709606652e+03 1.172984030790176575e+03 1.201551621922914137e+03 1.199442208216191375e+03 1.167979838991774614e+03 1.119267148992499415e+03 1.061402342617895101e+03
