_codes/_figurecodes/_data/highRvar/nonsteady/20mGeneral/topographic_elevation_depth20m.asc
nrows 200
cellsize 50.0
xllcorner 0.0
ncols 200
yllcorner 0.0
[rows 119 to 135 of 200, columns 0 to 36 of 200]
6.684302636580485412e-05 1.082913465831299163e+03 1.051982682646490730e+03 1.002993445758552070e+03 9.446400477093267227e+02 8.824866096630489665e+02 8.198897633248390093e+02 7.612814876765470444e+02 7.064236855086937794e+02 6.546209391027307447e+02 6.053711990236076872e+02 5.582973862695735079e+02 5.131072867365519414e+02 4.695685150860950898e+02 4.274924953910705767e+02 3.867247991102664173e+02 3.471397514037178667e+02 4.020133462537097557e+02 4.606231906150326836e+02 5.234115156415281263e+02 5.858303186593008149e+02 6.445121920200440400e+02 6.938663466089864187e+02 7.251635186241185238e+02 7.255023711760798051e+02 6.947003606058599416e+02 6.457227019746526366e+02 5.873370408592918466e+02 5.251548699240090627e+02 4.625566560896597821e+02 4.039651878220748813e+02 3.491192058298469192e+02 2.973235660183792106e+02 2.480776339704630686e+02 2.010057381729461099e+02 2.417564762360307213e+02 2.838220951227343676e+02
6.871987859414468817e-04 1.077562381496312355e+03 1.046548058205587267e+03 9.974322772787865006e+02 9.389450678769741216e+02 8.766753760461506317e+02 8.139922966471151540e+02 7.553844153412574087e+02 7.005270467351672323e+02 6.487246575923410319e+02 5.994751104465638036e+02 5.524012479764149930e+02 5.072107685724591875e+02 4.636712293230305022e+02 4.215941904857429563e+02 3.808257563395934540e+02 3.412410541562531989e+02 3.961145983454320572e+02 4.547255645819894880e+02 5.176333109029613979e+02 5.802338077331492059e+02 6.391823008349361999e+02 6.889144854828987263e+02 7.207320932026810851e+02 7.217677764968387919e+02 6.914251351232795741e+02 6.427335472184190621e+02 5.845174017106884321e+02 5.224324449961653727e+02 4.598907173305578340e+02 4.012992398428173146e+02 3.464532457950085131e+02 2.946576056755071136e+02 2.454116878514075779e+02 1.983397969131118828e+02 2.390905270227226254e+02 2.811561290865618616e+02
4.339100326299590894e-04 1.072052797913401264e+03 1.040986057527319645e+03 9.917908282314614326e+02 9.332195814558407392e+02 8.708769363240832035e+02 8.081399190085578539e+02 7.495324361185054158e+02 6.946754917548437334e+02 6.428734400598492584e+02 5.936240551218221526e+02 5.465501005367044627e+02 5.013591900640473682e+02 4.578188505986346399e+02 4.157408360381031116e+02 3.749718269576393936e+02 3.353876610875681195e+02 3.902609137358700764e+02 4.488728773078046856e+02 5.118881608580196030e+02 5.746536240067675863e+02 6.338475966452781449e+02 6.839342901654073330e+02 7.162503425907726751e+02 7.179675760986236810e+02 6.880867192548254252e+02 6.396953831251389602e+02 5.816679532971562594e+02 5.196988746125347234e+02 4.572282889409166273e+02 3.986368020842154465e+02 3.437907969650892710e+02 2.919951573122177706e+02 2.427492499355314521e+02 1.956773666631252979e+02 2.364280981686439986e+02 2.784936747483112072e+02
9.813401274493343228e-04 1.066459356569514057e+03 1.035359663111981490e+03 9.861144931126394795e+02 9.274904659083753131e+02 8.651021146065376115e+02 8.023315035531993544e+02 7.437244215903035638e+02 6.888678911933835707e+02 6.370661555108172251e+02 5.878169012248619083e+02 5.407428110285660523e+02 4.955514215025145290e+02 4.520102597194810983e+02 4.099313295473756398e+02 3.691619105464394579e+02 3.295784338619376399e+02 3.844511943173133659e+02 4.430640162003958267e+02 5.061771502312161033e+02 5.690943016627265933e+02 6.285175649983949597e+02 6.789414235590465978e+02 7.117402492082976551e+02 7.141282510261763719e+02 6.847103000022004835e+02 6.366280440560054785e+02 5.788013279161274340e+02 5.169597300954217189e+02 4.545693555291118173e+02 3.959778592668247938e+02 3.411318431770470738e+02 2.893362051380461253e+02 2.400903053336605524e+02 1.930184323165053115e+02 2.337691632821756684e+02 2.758347192973698725e+02
1.520612520227898644e-04 1.060828964976112502e+03 1.029708445379759041e+03 9.804317435315073226e+02 9.217744630412126980e+02 8.593574463409381679e+02 7.965659699478918583e+02 7.379592898913172121e+02 6.831031621134391116e+02 6.313017203439442255e+02 5.820525638078341899e+02 5.349782946105004839e+02 4.897863817449207886e+02 4.462443872285211341e+02 4.041646155870973303e+02 3.633949477861788750e+02 3.238122730270258103e+02 3.786843765957063965e+02 4.372979162313108645e+02 5.004996436689552866e+02 5.635563554413190559e+02 6.231948714607306101e+02 6.739417277703697664e+02 7.072114680088787964e+02 7.102629160373357990e+02 6.813090684034200422e+02 6.335422515854708081e+02 5.759244798764435700e+02 5.142181031686537835e+02 4.519139021239403178e+02 3.933223959970506485e+02 3.384763698673668841e+02 2.866807334029157914e+02 2.374348521442584570e+02 1.903629789450406804e+02 2.311136981707720111e+02 2.731792527472782126e+02
9.620464455420362458e-04 1.055191251185911142e+03 1.024057367973631926e+03 9.747604664752797134e+02 9.160819615809292600e+02 8.536467815109704134e+02 7.908422821558850728e+02 7.322360038727558731e+02 6.773802661882721168e+02 6.255790950036989670e+02 5.763300024350187414e+02 5.292555109999847218e+02 4.840630354685443990e+02 4.405202092522056319e+02 3.984396817921946194e+02 3.576699181883143410e+02 3.180881179504862644e+02 3.729594466862629929e+02 4.315735569947520958e+02 4.948528362215541279e+02 5.580359224591322800e+02 6.178754318380787254e+02 6.689320901467771137e+02 7.026633492279929669e+02 7.063746551834983620e+02 6.778878754148734060e+02 6.304427433421778915e+02 5.730407829500869639e+02 5.114755615336162009e+02 4.492619134348994976e+02 3.906703977570378470e+02 3.358243616966550462e+02 2.840287276419118712e+02 2.347828549598107486e+02 1.877109898862715340e+02 2.284616963952469462e+02 2.705271432474733047e+02
9.239275025239568329e-05 1.049565219817794286e+03 1.018422398810810023e+03 9.691120223628187205e+02 9.104194321657604405e+02 8.479723202260100834e+02 7.851594457189887635e+02 7.265535678459750670e+02 6.716982068474889047e+02 6.198972820565638813e+02 5.706482187538006201e+02 5.235734627395878533e+02 4.783803907476648192e+02 4.348367452621105826e+02 3.927555560817382343e+02 3.519858363936651244e+02 3.124049472323575287e+02 3.672754170863015588e+02 4.258899595685090276e+02 4.892301210059755476e+02 5.525234563217757113e+02 6.125471730184482340e+02 6.638994375853189922e+02 6.980847534305784166e+02 7.024577391716879902e+02 6.744451452540799892e+02 6.273301720731791420e+02 5.701514060245432347e+02 5.087327919827936853e+02 4.466133744431762125e+02 3.880218490851331126e+02 3.331758040401869039e+02 2.813801726564659020e+02 2.321343089931567647e+02 1.850624534517848190e+02 2.270587853499073674e+02 2.701694043389182980e+02
1.604160921692211522e-04 1.043963575124201270e+03 1.012814175203386981e+03 9.634939037864844522e+02 9.047910266148977598e+02 8.423352934881904730e+02 7.795165059790630266e+02 7.209110258378634626e+02 6.660560269214429354e+02 6.142553233487673197e+02 5.650062540443561829e+02 5.179311925843903737e+02 4.727374965869379366e+02 4.291930550077752855e+02 3.871113035260823381e+02 3.463417517137617665e+02 3.067617788840701678e+02 3.616313429662744170e+02 4.202461838747186675e+02 4.836155641433117012e+02 5.470019047545871445e+02 6.071873457938921774e+02 6.588173972733336541e+02 6.934514058048115430e+02 6.984970449381029312e+02 6.709737550220995672e+02 6.242025512757481920e+02 5.672565540804679358e+02 5.059902054952917752e+02 4.439681330123839302e+02 3.853765981163292622e+02 3.305305445532412705e+02 2.787349164337646812e+02 2.294890675033842342e+02 1.824172156552112938e+02 2.244829620986678265e+02 2.680164684837180289e+02
3.888952695464298635e-05 1.038395668234137247e+03 1.007240493711750105e+03 9.579115466869005786e+02 8.991996697414931532e+02 8.367364290874986636e+02 7.739125451943029930e+02 7.153074590738625602e+02 6.604528066715755585e+02 6.086522981542308344e+02 5.594031872431104375e+02 5.123277813804904781e+02 4.671334406409092708e+02 4.235882360223463934e+02 3.815060240377312084e+02 3.407367455818663871e+02 3.011576704373267148e+02 3.560263079056275615e+02 4.146413263357721917e+02 4.780115208000940470e+02 5.414506857393226937e+02 6.017576787771660065e+02 6.536389513380365770e+02 6.887196710269117830e+02 6.944656635665847944e+02 6.674615151427982482e+02 6.210571227905547858e+02 5.643573447573138537e+02 5.032490140728671690e+02 4.413261753645717818e+02 3.827346310193256045e+02 3.278885696822603677e+02 2.760929452345409914e+02 2.268471033438122504e+02 1.797752642155064677e+02 2.233090631930566019e+02 2.684966762474821280e+02
5.520000606480041701e-04 1.032869709246205502e+03 1.001708193394716204e+03 9.523697012428102653e+02 8.936478874102801910e+02 8.311763041504809735e+02 7.683466809114028138e+02 7.097419838213702405e+02 6.548876614256377025e+02 6.030873209780760362e+02 5.538381327511383461e+02 5.067623461772398628e+02 4.615673469233130390e+02 4.180214210744477441e+02 3.759388499012612215e+02 3.351699323065690237e+02 2.955917183277816775e+02 3.504594361414448258e+02 4.090745172353888393e+02 4.724267923585537119e+02 5.358277187317164589e+02 5.961866279697178470e+02 6.482803140111475386e+02 6.838144813338407175e+02 6.903203521478719722e+02 6.638920598512862625e+02 6.178939907852346778e+02 5.614595284741286605e+02 5.005132259028388262e+02 4.386873520827037396e+02 3.800957981841865490e+02 3.252497296303659482e+02 2.734541093111986925e+02 2.242082831576084914e+02 1.771364491874554687e+02 2.223242684383738208e+02 2.693959026481420551e+02
5.246375810960739270e-04 1.027394719943135215e+03 9.962248144530037735e+02 9.468736446043966453e+02 8.881385394315011581e+02 8.256556583879455502e+02 7.628180639832189627e+02 7.042137499260738878e+02 6.493597400173257483e+02 5.975595399085279951e+02 5.483102388524904427e+02 5.012340382581606946e+02 4.560383738968921534e+02 4.124917760139563256e+02 3.704089441708214849e+02 3.296404572436351827e+02 2.900630570813627855e+02 3.449298723639083164e+02 4.035449192160136818e+02 4.667603717299115260e+02 5.300224528825749530e+02 5.903380268978787626e+02 6.425945674860857935e+02 6.786096107655542937e+02 6.859944401929794822e+02 6.602475760258619175e+02 6.147241549348481158e+02 5.585817889129635887e+02 4.977943574074957382e+02 4.360515152820626099e+02 3.774599520205634349e+02 3.226138768184686683e+02 2.708182610187490127e+02 2.215724433618017599e+02 1.745006228503102079e+02 2.214860749115606495e+02 2.701144770525829699e+02
8.294029586935159834e-04 1.021982643538278808e+03 9.908004008399366285e+02 9.414305043122752750e+02 8.826756221419931308e+02 8.201757349301497015e+02 7.573258768166683694e+02 6.987219386547094473e+02 6.438682227525534927e+02 5.920681346265308775e+02 5.428186857860245027e+02 4.957420413834951205e+02 4.505457123570575391e+02 4.069984976283851665e+02 3.649154987090244049e+02 3.241474944908531484e+02 2.845708576021452245e+02 3.394367981215416989e+02 3.980517248818100597e+02 4.609385264485108564e+02 5.238669290538015275e+02 5.839842295323519465e+02 6.363356066000714009e+02 6.728968647291402476e+02 6.813864536344586895e+02 6.565153500469097025e+02 6.115868246595227902e+02 5.557743381680645598e+02 4.951223803015545855e+02 4.334185183623071111e+02 3.748269458889698740e+02 3.199808646835160744e+02 2.681852538012419700e+02 2.189394507891857984e+02 1.718676385184709261e+02 2.189394532748677875e+02 2.681852376647582332e+02
9.509702736679826818e-04 1.016651046942480662e+03 9.854498340486087500e+02 9.360509901674372486e+02 8.772653153483496453e+02 8.147387199522786432e+02 7.518693317720811820e+02 6.932657613839572832e+02 6.384123201625204729e+02 5.866123151264645230e+02 5.373626843810873197e+02 4.902855702496517551e+02 4.450885838286178569e+02 4.015408118825901624e+02 3.594577332193545089e+02 3.186902495114001113e+02 2.791143253722854070e+02 3.339794253389422920e+02 3.925941558467133063e+02 4.547854267272400648e+02 5.170526175978910715e+02 5.767361571803998004e+02 6.290936398494666264e+02 6.663318314673260829e+02 6.763373210841710943e+02 6.527001605405912414e+02 6.085848774337374607e+02 5.531607703353968191e+02 4.925722646677671719e+02 4.307883506787867418e+02 3.721967692744647707e+02 3.173506827760477904e+02 2.655550773271990010e+02 2.163092834417159622e+02 1.692374868118234019e+02 2.183897503011158108e+02 2.694578766300202233e+02
3.950154001739436494e-04 1.011426940425145631e+03 9.801961999847818561e+02 9.307519411569045360e+02 8.719175140052536790e+02 8.093483552496149969e+02 7.464476695483538151e+02 6.878444576646171527e+02 6.329912709658884751e+02 5.811913197480077997e+02 5.319414742291162383e+02 4.848638686331345298e+02 4.396662384961722410e+02 3.961179720325927747e+02 3.540348935396467027e+02 3.132679549271633164e+02 2.736926982024638733e+02 3.285569912345633838e+02 3.871714614765846818e+02 4.478835631121932579e+02 5.090087765942884630e+02 5.679443155564177914e+02 6.201998738977761150e+02 6.583386715601467358e+02 6.705747716114896093e+02 6.488434754785229188e+02 6.059519375953327653e+02 5.510329057355020268e+02 4.903318062573731595e+02 4.281608681289009155e+02 3.695692796968663743e+02 3.147231896728744118e+02 2.629275906588360385e+02 2.136818077512899663e+02 1.666100228602792015e+02 2.158560261238298779e+02 2.676514623475442249e+02
5.952068969860095909e-04 1.006352356521528577e+03 9.750759266532808169e+02 9.255603807972084951e+02 8.666482219882796016e+02 8.040107566546918179e+02 7.410601581044699060e+02 6.824572945342787307e+02 6.276043412842728912e+02 5.758044144572960477e+02 5.265543227387224761e+02 4.794762082282403526e+02 4.342779539991445859e+02 3.907292573199383696e+02 3.486462511006668592e+02 3.078798730963668504e+02 2.683052440991936010e+02 3.229296522187381129e+02 3.799405424458639118e+02 4.390836679891943959e+02 4.987463155269430786e+02 5.566004623113299203e+02 6.086056742500189785e+02 6.479338037284428538e+02 6.635493524327970363e+02 6.450525787748687208e+02 6.041573182231078363e+02 5.500674487222182734e+02 4.888892672235467671e+02 4.255360178810963134e+02 3.669444008196198297e+02 3.120982923682411752e+02 2.603026986740033522e+02 2.110570018527876925e+02 1.639852373117803950e+02 2.156647630540279295e+02 2.695788105591684030e+02
6.229115014063042527e-04 1.001492314129334090e+03 9.701468123939423549e+02 9.205204485142935482e+02 8.614835298865939421e+02 7.987351280567067988e+02 7.357060904763693543e+02 6.771035640327114606e+02 6.222508225784147271e+02 5.704508907850980677e+02 5.212005232978723370e+02 4.741218870483863839e+02 4.289230335866817541e+02 3.853739714847733921e+02 3.432911015002919726e+02 3.025252919547136230e+02 2.629512587742095775e+02 3.147622659636662092e+02 3.696291480264024472e+02 4.274169221785958825e+02 4.851374049669107649e+02 5.413714130352649363e+02 5.927871741565519415e+02 6.334117198266237665e+02 6.538922452954199116e+02 6.415844184344890664e+02 6.039286872718746508e+02 5.517857576499192191e+02 4.924761749998265259e+02 4.312106381949814136e+02 3.717852183796750296e+02 3.152132043753900348e+02 2.615753028290357634e+02 2.105134593992458463e+02 1.613629891038296762e+02 2.131586159173989188e+02 2.680046580945868868e+02
8.719982355926873081e-04 9.969450681144354576e+02 9.655005991744866378e+02 9.157064961570639525e+02 8.564671747067717433e+02 7.935322081209840235e+02 7.303861926977373287e+02 6.717839911767252943e+02 6.169314391091390917e+02 5.651314730108167623e+02 5.158808023351812153e+02 4.688016360496206971e+02 4.236022130787590072e+02 3.800528497683625346e+02 3.379701721933779481e+02 2.972049339443906320e+02 2.576314719459545017e+02 3.083115927130499472e+02 3.609831213979020959e+02 4.152852969780594776e+02 4.698262342610746600e+02 5.239442032193945806e+02 5.747861054108146845e+02 6.168237033288421571e+02 6.412080566507686399e+02 6.349902149370102507e+02 6.013539987010160530e+02 5.516517985181087624e+02 4.937146791309640435e+02 4.328681044222159926e+02 3.725715022466108621e+02 3.146307113885621902e+02 2.597845392971823344e+02 2.079890825957608058e+02 1.587431367803379771e+02 2.133684998515068685e+02 2.704575431869951103e+02
