_codes/_figurecodes/_data/highRvar/nonsteady/20mGeneral/topographic_elevation_depth20m.asc
nrows 200
cellsize 50.0
xllcorner 0.0
ncols 200
yllcorner 0.0
[rows 136 to 152 of 200, columns 37 to 73 of 200]
3.303681971446532089e+02 3.902603777269119973e+02 4.467437377373814797e+02 4.955419907392133041e+02 5.300341988034299447e+02 5.407729773062341110e+02 5.239250388285912550e+02 4.784300683073091136e+02 4.069933955034029509e+02 3.704040649043660096e+02 3.396509219747754287e+02 3.127821527441003013e+02 3.133622595482831343e+02 3.368379185473777966e+02 3.540444550215048594e+02 3.605877092748274322e+02 3.565623610405958175e+02 3.441716681169781396e+02 3.312119099060527674e+02 3.094358007121036849e+02 2.739482499527061350e+02 2.305691791250787048e+02 1.900302374416679356e+02 2.274514221369261691e+02 2.551285744877641832e+02 2.912999655830938082e+02 3.335399411645093437e+02 3.736485874316801414e+02 4.085432464830283266e+02 4.377797430717703264e+02 4.619865796974552836e+02 4.805035967845852838e+02 4.945016818856640270e+02 5.055426838194136963e+02 5.106673596096184724e+02 5.110950793370107021e+02 5.049265705601010268e+02
3.301892122266271485e+02 3.883750012134846088e+02 4.417418887129201153e+02 4.854991638450924825e+02 5.123668057686439852e+02 5.182662705658134428e+02 5.083893664677211746e+02 4.757185372132137218e+02 4.297624303537862147e+02 3.864921961148622245e+02 3.414117624121003587e+02 2.889609209950634181e+02 2.662902953846349305e+02 2.920485948605895032e+02 3.101096678342178166e+02 3.146402327310171927e+02 3.042679251154205531e+02 2.833996503401326095e+02 2.772581769319659202e+02 2.621197325039429415e+02 2.293766408564522692e+02 1.846438204584177925e+02 1.873365189617110218e+02 2.411636494467965122e+02 2.823651498602632159e+02 3.197191241546452716e+02 3.555128614159312406e+02 3.878944254479237088e+02 4.153923949750367797e+02 4.356464111527846512e+02 4.502186105603022952e+02 4.593985837743048819e+02 4.664568245540122575e+02 4.705450484398068625e+02 4.696748492551536742e+02 4.654747091434182948e+02 4.558289544920773437e+02
3.265650925128768449e+02 3.817440353274707263e+02 4.300579026658448356e+02 4.662406879638848523e+02 4.836124058353696000e+02 4.874050343938096148e+02 4.852438314519390588e+02 4.665869682321793448e+02 4.328015371599620380e+02 3.913617871082178112e+02 3.443860592692385012e+02 2.936676383185523491e+02 2.453237479275493058e+02 2.506863632565782325e+02 2.708756064895896998e+02 2.740617830374055757e+02 2.546231238907393220e+02 2.136880756883250854e+02 2.215134442227386273e+02 2.138317546780691600e+02 1.792598821964130877e+02 1.819514145748534872e+02 2.232927063857087546e+02 2.643283980647104272e+02 3.004143167838033719e+02 3.320283167522392205e+02 3.596477163042674761e+02 3.808139433452872709e+02 3.968613882228108309e+02 4.070431244265677719e+02 4.145747009130791412e+02 4.183940688440597455e+02 4.213327277111033027e+02 4.220376107968134534e+02 4.187819630508568594e+02 4.129437686642974086e+02 4.022499796940082888e+02
3.201231122719680684e+02 3.708880435879008246e+02 4.118849121033211986e+02 4.368071954694985948e+02 4.452181459492118734e+02 4.466960745148145975e+02 4.494493643276836110e+02 4.426180404053649795e+02 4.217029148675238162e+02 3.865515299757717571e+02 3.411156223306015249e+02 2.875494905384917388e+02 2.251247309083337029e+02 2.054986972374741470e+02 2.371094872538930645e+02 2.419318564582956128e+02 2.155721128520164882e+02 1.685003016558299862e+02 1.711890704962162317e+02 1.738785656004307896e+02 1.765687876224497472e+02 2.136854036878639249e+02 2.467603053181040309e+02 2.769139336972440901e+02 3.018570210082892231e+02 3.217389061352861290e+02 3.376813692713083128e+02 3.483325309050798069e+02 3.567141200522530653e+02 3.612953714306137272e+02 3.647650512628006254e+02 3.658642316534966312e+02 3.669750727220826434e+02 3.665868950810906881e+02 3.631444217303706523e+02 3.577465639196730649e+02 3.478305660276144522e+02
3.078144162468259992e+02 3.523133307773543379e+02 3.826803953001336822e+02 3.965128250822290283e+02 3.984309961698972415e+02 3.968699837977059701e+02 4.035710714332096245e+02 4.044838885541140598e+02 3.954304839102925371e+02 3.721123057604881978e+02 3.341094020718521733e+02 2.864626827277404004e+02 2.345249052423787930e+02 1.878766683853380073e+02 2.179563014122850575e+02 2.234447338917586023e+02 2.052279108559078793e+02 1.658147141205348305e+02 1.893668064884234923e+02 2.002537617125775000e+02 2.087528204629979030e+02 2.291733355058512132e+02 2.473122366527721852e+02 2.632324503073451751e+02 2.753641393119935401e+02 2.861272744201897353e+02 2.946380124932724698e+02 2.996628933013851110e+02 3.038531399708593312e+02 3.057502744448549379e+02 3.073747050816994602e+02 3.074668691384942463e+02 3.083857366623905136e+02 3.083127043861769607e+02 3.059722001877942716e+02 3.025070364575038866e+02 2.949792932270625556e+02
2.853492212671204129e+02 3.220804445926353878e+02 3.425620307681355712e+02 3.491345415347555559e+02 3.460457082449729569e+02 3.384737108631669003e+02 3.511041974376732924e+02 3.572366106070215892e+02 3.557752271018147212e+02 3.440885222603745888e+02 3.178502000040249413e+02 2.769834000440035879e+02 2.265954344796590760e+02 1.706935130474535072e+02 1.921535759529732843e+02 1.960563428582090353e+02 1.885972688633431744e+02 1.631295810037041463e+02 1.862200529357525909e+02 1.960983466034789728e+02 2.027969156968161428e+02 2.112009633867014031e+02 2.181667126440154050e+02 2.250886995214713409e+02 2.301838552864487326e+02 2.353132925777048001e+02 2.395481997608220297e+02 2.419704251531005070e+02 2.443567813892531433e+02 2.455639051619888846e+02 2.468336383710770008e+02 2.467419224195670893e+02 2.487261610602731992e+02 2.496814486435216907e+02 2.489517577213499351e+02 2.485430326193410338e+02 2.450889470439760203e+02
2.470537307485755036e+02 2.810076736583905586e+02 2.966536401644593184e+02 2.982324126408549887e+02 2.925499010335254297e+02 2.836276025195612647e+02 2.970211744722138292e+02 3.050342942952717635e+02 3.076611171625363568e+02 3.033868023262855331e+02 2.890632330153766816e+02 2.593679301844114207e+02 2.135094515290226695e+02 1.537830849844838781e+02 1.554482840444586316e+02 1.571135425875563101e+02 1.587789163479466765e+02 1.604444352310109991e+02 1.624199105360565625e+02 1.643957753649288804e+02 1.663721221882434520e+02 1.683489371158804317e+02 1.703262208067258712e+02 1.723040254843149341e+02 1.742823517041534558e+02 1.762613043362580640e+02 1.782408835681820847e+02 1.802211430702452333e+02 1.822021348775287493e+02 1.841838600900506151e+02 1.861663720787372824e+02 1.881497246324494483e+02 1.901339709843570347e+02 1.921191654983914816e+02 1.941053090083036636e+02 1.960921390688398276e+02 1.980796035864611326e+02
1.960050615548846054e+02 2.374625792145536991e+02 2.496238965854574303e+02 2.456479823933486273e+02 2.391436424197236192e+02 2.318320582957867657e+02 2.430396796451827868e+02 2.503805882885612846e+02 2.544195971328965697e+02 2.544324095580292351e+02 2.484198420554302515e+02 2.326504557090074741e+02 2.007359376556501900e+02 1.521211647562510905e+02 1.858746503550496811e+02 2.048088489414660955e+02 2.124408376019995330e+02 2.150079666798156950e+02 2.172661574267889932e+02 2.192420886794078569e+02 2.212184534594202887e+02 2.231952807799905543e+02 2.251725637965404303e+02 2.269064536529405416e+02 2.260781300546912576e+02 2.279463913546997276e+02 2.274870088716556609e+02 2.294672704102156331e+02 2.314482730811681677e+02 2.333305097692457366e+02 2.332383168085338809e+02 2.351308899176692648e+02 2.353219131567761053e+02 2.373070939987647137e+02 2.455071502593142156e+02 2.488296893097803206e+02 2.476957073744922297e+02
1.793516176053317679e+02 2.052155398671396824e+02 2.052226813719077541e+02 1.907891009271179996e+02 1.856514165238898499e+02 1.825864536660509430e+02 1.897386779872473710e+02 1.947018328628718393e+02 1.982058323760782343e+02 2.000455543306898392e+02 1.993056805620490763e+02 1.940796634021382090e+02 1.805254419678539648e+02 1.504593258514553895e+02 2.015807128968848758e+02 2.393497659323184905e+02 2.594019642386984970e+02 2.674024363876752659e+02 2.723752109540431547e+02 2.762956727398172916e+02 2.794085989560429653e+02 2.817871234046576774e+02 2.836090783920461718e+02 2.839133984018214960e+02 2.809242241904316302e+02 2.818823446968212352e+02 2.792824689057784440e+02 2.812628086808340981e+02 2.832438269515329239e+02 2.843792807821315023e+02 2.824841642775585910e+02 2.837447942341932503e+02 2.823935354764480508e+02 2.843787921666149145e+02 2.950571769897913441e+02 2.971859984924976743e+02 2.901196217946363731e+02
1.623303956849292433e+02 1.697024756149571658e+02 1.628911813353894331e+02 1.321972167558626836e+02 1.338558593187874806e+02 1.355147647017500105e+02 1.371741008557993666e+02 1.388337848241959591e+02 1.404937879398435712e+02 1.421540814005204254e+02 1.438146362892874492e+02 1.454754238174041632e+02 1.471364149980910554e+02 1.487975767792704573e+02 2.133731037868936937e+02 2.633124780820724027e+02 2.992572882189339794e+02 3.165498424097225438e+02 3.264185812878627075e+02 3.332229001117039502e+02 3.380767748224694174e+02 3.414729763046189532e+02 3.434540032050199443e+02 3.432751402798834874e+02 3.395161454592785049e+02 3.388043746891666501e+02 3.341286672700009035e+02 3.361090004133924367e+02 3.380900230466755829e+02 3.379624342335072242e+02 3.342798262591048228e+02 3.345292822389075695e+02 3.316395307744550109e+02 3.336247757027192051e+02 3.425853570291095593e+02 3.402366100246101155e+02 3.248671171280451517e+02
1.434665237157536239e+02 1.272225663433013096e+02 1.288805719016746423e+02 1.305387790658063807e+02 1.717621765505225824e+02 1.872322950506809605e+02 1.944482772247392859e+02 1.987509435093265040e+02 2.018359614727607436e+02 2.042726844649478721e+02 2.061079918811510936e+02 2.067284986306484598e+02 2.035460178933402062e+02 1.862946305836003660e+02 2.283600507471658148e+02 2.776059209297865777e+02 3.304302700419082157e+02 3.622093600208637554e+02 3.782409542289958608e+02 3.884912448743083360e+02 3.955817637684012311e+02 4.005247240566757796e+02 4.035006834288325308e+02 4.040044471964894228e+02 4.013001688666115001e+02 3.987002748325666062e+02 3.927204199363234807e+02 3.947007095616232277e+02 3.957851532002229078e+02 3.943023976904348160e+02 3.891258151459580858e+02 3.877771921516776956e+02 3.834349961293191313e+02 3.839373035143240713e+02 3.865661218798047685e+02 3.752805164593178802e+02 3.476940783332360070e+02
1.239068627409745602e+02 1.255646488149297255e+02 1.706322397929859562e+02 1.926321631629038222e+02 2.203463801870662166e+02 2.378256647357837892e+02 2.482288424141982546e+02 2.548669248040933439e+02 2.595482769083836843e+02 2.631157977721650809e+02 2.658292380297492628e+02 2.674595991026313300e+02 2.672693775895076556e+02 2.651532660177869047e+02 2.980642379018751740e+02 3.371201731251719593e+02 3.764841849658315027e+02 4.078575525636077259e+02 4.264489539257746742e+02 4.394168968988821007e+02 4.489285199420244794e+02 4.560568383370324455e+02 4.610562606561549046e+02 4.633568195068075397e+02 4.620618229379450668e+02 4.600637239510089671e+02 4.560736290747799444e+02 4.559737420083422421e+02 4.555044889178412291e+02 4.529952249884934758e+02 4.476633785487914565e+02 4.430051207406412459e+02 4.365405613354682259e+02 4.309770385817889746e+02 4.239531943433114520e+02 3.971801620288665617e+02 3.562881349879341428e+02
1.554450239453576330e+02 1.813895342233299743e+02 2.157511490049818974e+02 2.411855626620019848e+02 2.647907904744290022e+02 2.821388493805279722e+02 2.940200162622969629e+02 3.023404469111926574e+02 3.085564268974459878e+02 3.135443193062094451e+02 3.177890523081900938e+02 3.216516782571336535e+02 3.259804302369522588e+02 3.341010068080956898e+02 3.574580024678995755e+02 3.874229883628970015e+02 4.179425478231144666e+02 4.465498223324311766e+02 4.656809939176966395e+02 4.806120922078919193e+02 4.926883064261444360e+02 5.028311175234169923e+02 5.114156258725507769e+02 5.173062677998308345e+02 5.189138485057795833e+02 5.191662474468010942e+02 5.170989941535032131e+02 5.164511363452550086e+02 5.152352507171406160e+02 5.119208873762081566e+02 5.054444779513518711e+02 4.980244225361909685e+02 4.875851979023813101e+02 4.742668930005222592e+02 4.526840031952942240e+02 4.060341081183221945e+02 3.432038933520855721e+02
1.665441661169716667e+02 2.071502549272026954e+02 2.442317068992960571e+02 2.730572181062368600e+02 2.951244692269432903e+02 3.114908837444446590e+02 3.236314365446951911e+02 3.329520109307533176e+02 3.405249945413574437e+02 3.470890380238945454e+02 3.531885563991643266e+02 3.594222678154117148e+02 3.669060400418757695e+02 3.780393088545780529e+02 3.965443126752651324e+02 4.195112055329105942e+02 4.431057850032062788e+02 4.667019189511251511e+02 4.862370397070440049e+02 5.027636163436739025e+02 5.176961424093346977e+02 5.318771234002435904e+02 5.468100938393857859e+02 5.595054788130829593e+02 5.668535799675473754e+02 5.714697823464329076e+02 5.722254910970336823e+02 5.727598035855800163e+02 5.719355506995501628e+02 5.684754979113217814e+02 5.610257962069598534e+02 5.513759912971661379e+02 5.368890644047927481e+02 5.162334340977853344e+02 4.816215466751684176e+02 4.188434036226008743e+02 3.767782154044023173e+02
1.692056154610674810e+02 2.143256323205445710e+02 2.522784741512935227e+02 2.808791976610575034e+02 2.996743468249536022e+02 3.131848756802428397e+02 3.242974057283293519e+02 3.339712442416014824e+02 3.427291473677701674e+02 3.509722979389559896e+02 3.590779654181393425e+02 3.675108382716896358e+02 3.769842632698748730e+02 3.885677571554561496e+02 4.032674124862550116e+02 4.202822727817782607e+02 4.382609676753319263e+02 4.564874207771243846e+02 4.740323358825522746e+02 4.914791971122787686e+02 5.097168130994527360e+02 5.282399825319898810e+02 5.550819755779740490e+02 5.803551584285738727e+02 5.987359208103849824e+02 6.108726616054608485e+02 6.164587875337714422e+02 6.199227383680185994e+02 6.209589954442828912e+02 6.186587692562156917e+02 6.114499031930248520e+02 6.010433633810050651e+02 5.842915580406402114e+02 5.596401564327711640e+02 5.196610288290746666e+02 4.640304444886554052e+02 4.285732456339155192e+02
1.684302229107124163e+02 2.124414171788012027e+02 2.461461306128110778e+02 2.662837330118137515e+02 2.754353423946088810e+02 2.849321333685404056e+02 2.946543722662701157e+02 3.042122009144041499e+02 3.135237685173433420e+02 3.226826106876209792e+02 3.318690856344082931e+02 3.413417209400560068e+02 3.514615369266144285e+02 3.626669531455331708e+02 3.752637822344149185e+02 3.890315757986715539e+02 4.035385833644370450e+02 4.185681386002304407e+02 4.342576426794906865e+02 4.517328218368789408e+02 4.727489832883567829e+02 4.941552389172082940e+02 5.358795837441037975e+02 5.745175786844489494e+02 6.060852885501702758e+02 6.290391180344843178e+02 6.423166468554692301e+02 6.504049112372762238e+02 6.550576281394461375e+02 6.560399675529778278e+02 6.516035661281871398e+02 6.432510455074893798e+02 6.277396909202495863e+02 6.043441158689898884e+02 5.688418195202164043e+02 5.243541995681331400e+02 4.834186006646813780e+02
1.630682459915048526e+02 2.002867610576695938e+02 2.235599660057021651e+02 2.326291687812382634e+02 2.306255792313452844e+02 2.374791547941677550e+02 2.465143859943414100e+02 2.560486923398214572e+02 2.656763306263913478e+02 2.753398928760519766e+02 2.850901678832051971e+02 2.950277159414230255e+02 3.052899335520345403e+02 3.160271294476902995e+02 3.273327376377671953e+02 3.391632057981030925e+02 3.514216016145230697e+02 3.641384582356021156e+02 3.777529803949885832e+02 3.940237038896169111e+02 4.192464542753953083e+02 4.423604548249170989e+02 5.047569553919474288e+02 5.560187183762150198e+02 5.953543384311030877e+02 6.221954133126032502e+02 6.399815865002829014e+02 6.529163545617601585e+02 6.629039612475786498e+02 6.702454913067459756e+02 6.732432231477509958e+02 6.712246013037590728e+02 6.619882749643163606e+02 6.447785266537126745e+02 6.162370690599575482e+02 5.793686280026222448e+02 5.402738084626712407e+02
