_codes/_figurecodes/_data/highRvar/nonsteady/20mGeneral/topographic_elevation_depth20m.asc
nrows 200
cellsize 50.0
xllcorner 0.0
ncols 200
yllcorner 0.0
[rows 170 to 186 of 200, columns 111 to 147 of 200]
7.455349971593376495e+02 7.611236299435395267e+02 7.775562676720908257e+02 7.945434315671265040e+02 8.120130182973178989e+02 8.301007461428858960e+02 8.492253559985111906e+02 8.701855129978609966e+02 8.905880798348279086e+02 9.112789800738534041e+02 9.326864363797249098e+02 9.549897874999833220e+02 9.785640699763470138e+02 1.000442810493935099e+03 1.021187002272121617e+03 1.040929460410196498e+03 1.048509382464370901e+03 1.044514897450472063e+03 1.033015461815315803e+03 1.016626228040130627e+03 9.977704832756332962e+02 1.021904829220332203e+03 1.045134312745965644e+03 1.065858746360866007e+03 1.080149084189268251e+03 1.078679952406296024e+03 1.048505184029498650e+03 9.996939118732215093e+02 9.404418488283990882e+02 8.760307272173581623e+02 8.126770281727135625e+02 7.540852592635825431e+02 6.992394795073818159e+02 7.597217445102542115e+02 8.119905639686342056e+02 8.503352535396054463e+02 8.677782047664114771e+02
6.829157381934583100e+02 6.987677108993258344e+02 7.152763799092944055e+02 7.323946503913321067e+02 7.501530043745628973e+02 7.686888433830459917e+02 7.883111736743386473e+02 8.096577268347716654e+02 8.311275645292213312e+02 8.534383317407643972e+02 8.771145369897383262e+02 9.025005401368264302e+02 9.304000441161571189e+02 9.592700592221405032e+02 9.909476013695557413e+02 1.034786287566417286e+03 1.067033072446769665e+03 1.081834552778236457e+03 1.082135102703377925e+03 1.075820924159629840e+03 1.071935668922075820e+03 1.084579488369883620e+03 1.100220021974311521e+03 1.112896183728625374e+03 1.117291972394340291e+03 1.103612896289080254e+03 1.065742464536686612e+03 1.013218091672644618e+03 9.529645215560057068e+02 8.899277624496526187e+02 8.276848699669772031e+02 7.690930286457953571e+02 7.142471244785066347e+02 7.757186785895075900e+02 8.301055969405372252e+02 8.713543816094755812e+02 8.908057429610064446e+02
6.195628889991769483e+02 6.356193244661689050e+02 6.522072583810476090e+02 6.693902735880471937e+02 6.872460694101997660e+02 7.058713324526721635e+02 7.253890232566125178e+02 7.459597335478516698e+02 7.676461370672867588e+02 7.906793661644344411e+02 8.156249879235471099e+02 8.424936019576276749e+02 8.718890166727550195e+02 9.042343511979898949e+02 9.408237670394386214e+02 1.019681877155598045e+03 1.072447925884952156e+03 1.105095309567345112e+03 1.119646627742190276e+03 1.123457894777218371e+03 1.127319149914469563e+03 1.136825765854559904e+03 1.147161876476522821e+03 1.153011698996489940e+03 1.148676874263425816e+03 1.124392704613315800e+03 1.080941789891393228e+03 1.025883363834092506e+03 9.648651559610613049e+02 9.024007327620378192e+02 8.420017134523695859e+02 7.846207387275209157e+02 7.297747126965783764e+02 7.908469373040526307e+02 8.455178176168300297e+02 8.871004257611434696e+02 9.066233934034208914e+02
6.785292181756896071e+02 6.941626436493144183e+02 7.103188702679270818e+02 7.270916637688854962e+02 7.445522645602668490e+02 7.627745958469778316e+02 7.818450461928738378e+02 8.018569302062948054e+02 8.228698272850899684e+02 8.449782305044009263e+02 8.714772128127784754e+02 8.979581559775825781e+02 9.258535627131495858e+02 9.557559433782130327e+02 9.877610997310160883e+02 1.037141826836751534e+03 1.081372379234560867e+03 1.116044602630493046e+03 1.139385194262413052e+03 1.152120113476429424e+03 1.161626613317392184e+03 1.171428383617339023e+03 1.179378634117518914e+03 1.180863649611501160e+03 1.169038541772009921e+03 1.138130650566174836e+03 1.092201907556162723e+03 1.036312129701962249e+03 9.745314830209961201e+02 9.111780765106074114e+02 8.525862539085542267e+02 7.977400688290624657e+02 7.459445287854204025e+02 8.079066272249757503e+02 8.626480429148674602e+02 9.031231266478758926e+02 9.183245401664058818e+02
7.279561771545564852e+02 7.428055869194345178e+02 7.582279728789043247e+02 7.743208026646805138e+02 7.911205657045554744e+02 8.086576053854440715e+02 8.269694096770371061e+02 8.460901776519665418e+02 8.660276384617989152e+02 8.868117746382814630e+02 9.122348809579190174e+02 9.366743057042718874e+02 9.618238511483474440e+02 9.882250272422194257e+02 1.015379509872485528e+03 1.049076002991630276e+03 1.083158106365927324e+03 1.113174569593900742e+03 1.135236039597447871e+03 1.151849563305728452e+03 1.165822769895971305e+03 1.178171331469230608e+03 1.187348605222621245e+03 1.189462219307123860e+03 1.177252072289626085e+03 1.147176322749024848e+03 1.102683418835752491e+03 1.048539020575909490e+03 9.891367128741756005e+02 9.280882220352859804e+02 8.694964573019714180e+02 8.146502634779377559e+02 7.628546196744598547e+02 8.244655632263911684e+02 8.783596444442302982e+02 9.170477776065646367e+02 9.281549233064195050e+02
7.590138379367126618e+02 7.724434210119291038e+02 7.867005659071576247e+02 8.017661196362291776e+02 8.175713101320526448e+02 8.340695706057038024e+02 8.512370341842558901e+02 8.690438665379003851e+02 8.873958444272932411e+02 9.060015876041626370e+02 9.267459538553237053e+02 9.466149089863163226e+02 9.674018114022325108e+02 9.894451243800840530e+02 1.012775302884491794e+03 1.038205620370951465e+03 1.063659940152404715e+03 1.086698490063392228e+03 1.105012788445723800e+03 1.122388499532689821e+03 1.138788015969772232e+03 1.153971103945319555e+03 1.166640364879833896e+03 1.174069824376939550e+03 1.171686707954387884e+03 1.150261377320304291e+03 1.111215387336339518e+03 1.060698560225859183e+03 1.004072341409701835e+03 9.456819232746804573e+02 8.885989894570698198e+02 8.338926903808696807e+02 7.806315377096145767e+02 8.408281480807772823e+02 8.931908930442330075e+02 9.304729791189054140e+02 9.400039103650026391e+02
7.583971362036294295e+02 7.695236345461397605e+02 7.821402209685785465e+02 7.958062259376246175e+02 8.102320067272357846e+02 8.252598379785609950e+02 8.408045297787834897e+02 8.567988666821112247e+02 8.731472334328668694e+02 8.896996364280084890e+02 9.064154383835415274e+02 9.218158995823755504e+02 9.393299042248490878e+02 9.582849839373587884e+02 9.783630890342302564e+02 9.993677557055880243e+02 1.020334275585961109e+03 1.039968616012095026e+03 1.056979697601682801e+03 1.074930721614969798e+03 1.093156565239843985e+03 1.111155464746877897e+03 1.128027935110710359e+03 1.142032891257458914e+03 1.149971126284764296e+03 1.143026419200408100e+03 1.113657702796170724e+03 1.068642181694746796e+03 1.014956135668911998e+03 9.584642848957342949e+02 9.029922990262126632e+02 8.506745788830316997e+02 7.993495848034880282e+02 8.564376952192843646e+02 9.063391073085083463e+02 9.430161007648320037e+02 9.532381557361945852e+02
7.255713882144017361e+02 7.352817682334053870e+02 7.470406498254913004e+02 7.599120180617402411e+02 7.734620149739303088e+02 7.874950460655188635e+02 8.019200786693340888e+02 8.166753163615502444e+02 8.316818885881546066e+02 8.467871537834957962e+02 8.616647412175897216e+02 8.754106955480933721e+02 8.911664174940921157e+02 9.082145682149968025e+02 9.261813774007761140e+02 9.447847951030066724e+02 9.635266248378103455e+02 9.817060470026888197e+02 9.985212170992836036e+02 1.017327479860049266e+03 1.037116339934282450e+03 1.057600471035606461e+03 1.078424866113323105e+03 1.098844141724699284e+03 1.117147871412113545e+03 1.126397621427727017e+03 1.111613179184839964e+03 1.073426304121716157e+03 1.021775216522640335e+03 9.657631514264302268e+02 9.104021634977149233e+02 8.641766268702575644e+02 8.191983996301829620e+02 8.691495643164203102e+02 9.148464661736805965e+02 9.531321106849591160e+02 9.664506460481031809e+02
6.724899062939701935e+02 6.824414538261169128e+02 6.942543106173102387e+02 7.068754381853889299e+02 7.199535454285201013e+02 7.333590375895890929e+02 7.470486990946169499e+02 7.609963652614868579e+02 7.751740979491816006e+02 7.894972164709384970e+02 8.037433389926318341e+02 8.173278764352252210e+02 8.324034131361064510e+02 8.484178914592266665e+02 8.651490790905077120e+02 8.824643939434924960e+02 9.001728941522005698e+02 9.179263646545939537e+02 9.349209906219667801e+02 9.549800650775996473e+02 9.759859726250696212e+02 9.983331978882574731e+02 1.022225293451963353e+03 1.047895980989366763e+03 1.075391886197257236e+03 1.100508967726159653e+03 1.104722312235801837e+03 1.074622121701960396e+03 1.022326906398793312e+03 9.649725849772793254e+02 8.989160614307546666e+02 8.681629107628137945e+02 8.403026485822841778e+02 8.726481901860909147e+02 9.111320986303976497e+02 9.601060237317017254e+02 9.802820909604172357e+02
6.077089137484097137e+02 6.201513675584951670e+02 6.327153314680286940e+02 6.454048570866202681e+02 6.582507356697482237e+02 6.712595838152797114e+02 6.844675790074031738e+02 6.978852648156554324e+02 7.115567719894195307e+02 7.254988489453498914e+02 7.397302123018359907e+02 7.543122835248462934e+02 7.693200763327727145e+02 7.847980529432639969e+02 8.007991914130975601e+02 8.173874886448512598e+02 8.346415017425586029e+02 8.526595143423736545e+02 8.715673442619626030e+02 8.916474103389405172e+02 9.131833163127606667e+02 9.365993814099464316e+02 9.623113452409197635e+02 9.912962572327253383e+02 1.025546247461711800e+03 1.069079275260539589e+03 1.100751009657308487e+03 1.081173609801888915e+03 1.018045164722911636e+03 9.709740086886511108e+02 9.324902999587845898e+02 9.213507901540100420e+02 8.988945182938718972e+02 9.274942001455100353e+02 9.622011024086546058e+02 9.934985859919640916e+02 1.002439796130528180e+03
6.255049786811206332e+02 6.571415604014897553e+02 6.812168883837080102e+02 7.000424136811745939e+02 7.173840875028628261e+02 7.323054524457741081e+02 7.472102852851312491e+02 7.609135052443795075e+02 7.753028408975593493e+02 7.895978949811981238e+02 8.030839493392276154e+02 8.176661153941693101e+02 8.326739822163648341e+02 8.481520038489011313e+02 8.641531546513585909e+02 8.807414249938245803e+02 8.979953737702018088e+02 9.160132879313396188e+02 9.349209904189294775e+02 9.550009109207622942e+02 9.765366622471486835e+02 1.001905459246267924e+03 1.027596763909721858e+03 1.054918318738886910e+03 1.084213560110726803e+03 1.113317981861929411e+03 1.128909020553890286e+03 1.112270178240422865e+03 1.069840044828484224e+03 1.033267670622692094e+03 9.958435063474800018e+02 9.826736737013848142e+02 9.622479710810150664e+02 9.860856661727152641e+02 1.014195272789928367e+03 1.034790358161287031e+03 1.037998557972383878e+03
6.277529935012566966e+02 6.732363645142453379e+02 7.107829441838551929e+02 7.404379509596774369e+02 7.652151013361688001e+02 7.851575425441715197e+02 8.038043378812886885e+02 8.198213977377209858e+02 8.361023315428847127e+02 8.516670232589394800e+02 8.656147517918620906e+02 8.806606833752830426e+02 8.962024067296136991e+02 9.120779867739338442e+02 9.282899111801284562e+02 9.449071512341561174e+02 9.620364738206648099e+02 9.798236775055631824e+02 9.984790334512850905e+02 1.018353543850292453e+03 1.040015303803330426e+03 1.064658715801831022e+03 1.088986465513655730e+03 1.113445478567313785e+03 1.137365247603608850e+03 1.157548453044889811e+03 1.165998249553315645e+03 1.154525354246148709e+03 1.126870322993221407e+03 1.095819775043999925e+03 1.065554323626564610e+03 1.050118319546786552e+03 1.031958959629431092e+03 1.049438728748766607e+03 1.069687865666530570e+03 1.082609292859737025e+03 1.081972045205993936e+03
6.308339760442497663e+02 6.774152411576106942e+02 7.198238624412574609e+02 7.583765939676337666e+02 7.933250936243322258e+02 8.227202355438626000e+02 8.481518430710111716e+02 8.691980380006339146e+02 8.892921889434371678e+02 9.076595098785310256e+02 9.233544243559048255e+02 9.397326372652904638e+02 9.562439315016739556e+02 9.727179225045736075e+02 9.891792101194715769e+02 1.005733237625130187e+03 1.022528185334707587e+03 1.039756073332990582e+03 1.057678027162207400e+03 1.076672833664900281e+03 1.097297301696079558e+03 1.120360514241883720e+03 1.142202368525925522e+03 1.163090329361049953e+03 1.182185097781141167e+03 1.196864109950014154e+03 1.202489128506616225e+03 1.195303073779436090e+03 1.177191641669329556e+03 1.153906804988067051e+03 1.132743831147834044e+03 1.119136026297755507e+03 1.110757684785625770e+03 1.116833960947429432e+03 1.128074343256433167e+03 1.135057586850617554e+03 1.131678775419868771e+03
6.323936415317763249e+02 6.734544069098922137e+02 7.150867087151548276e+02 7.567852634027498198e+02 7.975091766349759155e+02 8.358033469225651970e+02 8.710336186278163950e+02 9.013891786914375643e+02 9.278115352193767649e+02 9.511861783966189705e+02 9.705763456535378282e+02 9.895137057364448765e+02 1.007632882579796615e+03 1.024968354038364396e+03 1.041693238593240721e+03 1.058005657065000378e+03 1.074113850152370560e+03 1.090252409861099522e+03 1.106708442456465036e+03 1.123840614308490103e+03 1.142083855735598036e+03 1.162019692854056757e+03 1.179986992377894694e+03 1.196548452505739306e+03 1.211229373370742906e+03 1.222429473906599696e+03 1.227602017928219766e+03 1.224903167977590783e+03 1.215039312215508744e+03 1.200208020583942698e+03 1.187033923753624777e+03 1.178464013628725979e+03 1.174961039254612615e+03 1.177837115650073429e+03 1.184877103137943095e+03 1.188850156681518456e+03 1.184274171131551384e+03
6.315524913624831242e+02 6.579524513835913240e+02 6.975495862245778653e+02 7.410614731443369010e+02 7.856002933217031341e+02 8.287000159815205507e+02 8.694164184806189724e+02 9.069363656599873593e+02 9.412829744453348439e+02 9.725254993033313440e+02 9.991338459605478874e+02 1.022194662184651861e+03 1.042608740209041571e+03 1.061016372840491613e+03 1.077923877378465249e+03 1.093679323839291101e+03 1.108560629061357304e+03 1.122835502335297178e+03 1.136806148621445118e+03 1.150792263805058838e+03 1.164937772949716418e+03 1.178730597040442490e+03 1.190734093168460277e+03 1.201717339677117707e+03 1.211746419529578361e+03 1.220497659587693306e+03 1.226850007355893695e+03 1.229870532537258896e+03 1.229448666648245990e+03 1.225314616181546853e+03 1.220809482244232186e+03 1.218998290469063022e+03 1.221151905491353546e+03 1.226416234041279267e+03 1.234482841119582190e+03 1.239462325764679008e+03 1.236240957481929399e+03
6.120364609305881913e+02 6.204935299706419300e+02 6.675645065226527777e+02 7.168097657066823558e+02 7.663727115305692905e+02 8.121318732134062657e+02 8.552696747661436802e+02 8.953725811379770221e+02 9.326434237996379579e+02 9.674526207944866201e+02 9.990851584142757247e+02 1.027034983617190846e+03 1.050027568536999752e+03 1.069433133021728509e+03 1.086250366121312481e+03 1.100951717613837218e+03 1.113849205004826445e+03 1.125204132957687989e+03 1.135343016931632746e+03 1.144700021884515081e+03 1.153441635609479818e+03 1.160418302703623112e+03 1.167818961972137231e+03 1.174892818595089921e+03 1.181885209545570206e+03 1.189692579799806708e+03 1.197527495019051457e+03 1.204620274873441076e+03 1.210882279738212446e+03 1.217106856348654674e+03 1.221876779510813776e+03 1.228226395000877574e+03 1.239050017726453461e+03 1.253694029106370635e+03 1.269176537600464371e+03 1.280753594910151151e+03 1.283021564981866504e+03
6.472131838593855946e+02 6.290861745629891857e+02 6.681454958227348015e+02 7.021414857681343165e+02 7.492140530594549546e+02 7.920838492244953386e+02 8.343730347944391497e+02 8.728381310513475455e+02 9.086416290558299806e+02 9.436881250229982925e+02 9.760549076005523830e+02 1.004329784357098788e+03 1.026589545764596778e+03 1.045988157411913335e+03 1.062419519497363126e+03 1.076178069572088134e+03 1.087517836908125673e+03 1.096605198713682057e+03 1.103740008507594212e+03 1.109688571277876690e+03 1.115401411958327799e+03 1.119580384669009845e+03 1.124390368892492461e+03 1.128628962802915339e+03 1.132922252211724071e+03 1.140621693615090408e+03 1.150004296816979377e+03 1.159944035645527492e+03 1.170185289698043107e+03 1.181203789712283879e+03 1.190405093570517693e+03 1.200471770487567483e+03 1.217783785552231620e+03 1.247439425975353060e+03 1.278139855323469419e+03 1.304297080846633207e+03 1.318896985973349047e+03
