_codes/_figurecodes/_data/highRvar/nonsteady/20mGeneral/topographic_elevation_depth20m.asc
nrows 200
cellsize 50.0
xllcorner 0.0
ncols 200
yllcorner 0.0
[rows 102 to 118 of 200, columns 37 to 73 of 200]
3.110710713983412461e+02 3.689093686743683520e+02 4.212228604247790145e+02 4.616644557974266831e+02 4.818002268157086405e+02 4.853330314576770661e+02 4.756581193706012414e+02 4.588480799791511799e+02 4.717081803627177123e+02 4.897541620004826655e+02 5.049587844386863367e+02 5.216443585150282161e+02 5.400609914859384162e+02 5.587052349850121118e+02 5.707762228986454147e+02 6.299648754739243941e+02 6.941263036293290725e+02 7.551605172093088640e+02 8.054108733512512117e+02 8.374738945922568973e+02 8.440178919187062547e+02 8.338549180457673629e+02 8.184728852702817221e+02 8.022571757187768071e+02 7.984380929764552093e+02 7.958318066622298375e+02 7.888183367823016852e+02 7.766800308328419078e+02 7.927055632688967535e+02 8.039166879334122768e+02 8.151052188499875228e+02 8.424513601934851295e+02 8.926983681189453819e+02 9.237207547788134434e+02 9.213791616545524903e+02 8.880864415855400011e+02 8.382808324707482370e+02
3.193703629441268959e+02 3.858106755237110974e+02 4.433188438733424164e+02 4.907019523228836988e+02 5.216579228216434103e+02 5.343183049514384493e+02 5.342384222477090816e+02 5.285589319420190577e+02 5.350612494385433138e+02 5.509598589088203653e+02 5.635501991377608419e+02 5.764901253157536303e+02 5.918562896394653308e+02 6.060743281754554346e+02 6.073656748550066595e+02 6.508995856943163290e+02 7.170297868587921357e+02 7.683257851840577359e+02 8.019497689104182427e+02 8.122788160764092709e+02 8.013563982272448811e+02 7.804928176403128646e+02 7.591016253426066669e+02 7.389042022446373039e+02 7.398470960109315229e+02 7.387269759759889212e+02 7.318253040692759441e+02 7.180888734167682514e+02 7.348459694348716766e+02 7.453253777477813173e+02 7.565138295021149588e+02 7.972639784029182692e+02 8.638748881131505186e+02 9.030952903691475058e+02 9.068428694385486324e+02 8.765921584855167339e+02 8.277704775146322618e+02
3.502702574414133210e+02 4.059500589820200958e+02 4.610571323387989082e+02 5.114483270468694514e+02 5.522667269709902484e+02 5.777548266578801304e+02 5.890181983146967468e+02 5.938801839089234136e+02 6.018559056188381646e+02 6.142950368785484443e+02 6.251497539644909693e+02 6.350821740462558864e+02 6.467026907089079941e+02 6.615843604302145877e+02 6.707200259224958927e+02 7.026959074087126282e+02 7.489258320093200609e+02 7.819239231940531454e+02 7.917579623218574625e+02 7.784181052548723301e+02 7.537443592927107829e+02 7.238487072693935716e+02 7.005106052175761988e+02 6.803132070642992630e+02 6.850001708561237592e+02 6.860245072947448080e+02 6.798295552487967370e+02 6.632437544231844413e+02 6.819858954059512826e+02 6.904801034604515735e+02 7.222638854513204478e+02 7.921008645247753748e+02 8.517843751278448963e+02 8.901393599466401838e+02 8.948526084565643259e+02 8.653181877773832866e+02 8.165599740360172518e+02
3.680192422797234713e+02 4.193686884812516382e+02 4.724048713887968916e+02 5.241102859768956250e+02 5.710340723889647734e+02 6.092299735972972030e+02 6.344943600454813577e+02 6.498799123401806810e+02 6.626392725115794065e+02 6.759841286696411089e+02 6.866784877267776892e+02 6.960134460208000746e+02 7.052953463521670301e+02 7.209750173804085307e+02 7.359658325641537431e+02 7.583649217811375820e+02 7.815241811541436618e+02 7.884124311980529001e+02 7.697518301963400518e+02 7.350819334924972281e+02 7.019543350720942954e+02 6.652578090260205954e+02 6.456654450730942472e+02 6.254680807657026662e+02 6.335597801815246157e+02 6.379771741060355907e+02 6.340672283162343774e+02 6.114493829312536946e+02 6.356992561392504513e+02 6.622618539565654601e+02 7.292417610002993342e+02 7.929996444224599372e+02 8.474484270119085068e+02 8.826461834885000144e+02 8.853526202083154431e+02 8.548887799044036910e+02 8.054338874263912658e+02
3.739857663187365802e+02 4.242544150134502843e+02 4.763659388408576660e+02 5.287534460072465663e+02 5.793004735769893614e+02 6.254627934873483355e+02 6.644360415249636844e+02 6.933342353562311473e+02 7.144737961827478330e+02 7.324479094779052275e+02 7.453740113671663039e+02 7.556297733234422367e+02 7.655653167741337484e+02 7.788352773464719121e+02 7.914471879909521022e+02 8.024543252908289332e+02 8.043597882604483402e+02 7.838939993251857459e+02 7.419172737767171384e+02 6.849012708196725043e+02 6.482929388469084415e+02 6.104127753621411330e+02 5.938677862849420990e+02 5.736735515876717955e+02 5.851698623239750532e+02 5.942575044430043363e+02 5.976347028876556351e+02 5.889537591832639691e+02 6.339114572506528020e+02 6.806091837955760866e+02 7.380154987671185154e+02 7.962911858141718540e+02 8.465227448215429149e+02 8.782057868930637596e+02 8.776474544819431003e+02 8.453865961749318103e+02 7.947676422270255898e+02
3.725237123168033122e+02 4.222071676349527820e+02 4.736546909935099166e+02 5.261673458196139563e+02 5.785670445626428773e+02 6.293060592037420520e+02 6.765775769464534051e+02 7.183919484093746632e+02 7.524381972655519348e+02 7.790250915690457987e+02 7.973930769739306470e+02 8.103732779354617151e+02 8.207103396567993059e+02 8.312334827626043534e+02 8.376194819067095523e+02 8.351127463340210397e+02 8.149560044608057297e+02 7.740976383493881485e+02 7.145137732094603962e+02 6.356563414687043405e+02 5.935917001984610124e+02 5.586182987418429775e+02 5.452546954639686874e+02 5.244286179457230901e+02 5.387144110041218710e+02 5.523446160492970876e+02 5.634033188943427604e+02 5.675655160109060944e+02 6.221037069399154689e+02 6.787731432692592080e+02 7.395561606519323732e+02 7.980817644177983539e+02 8.464308351014914251e+02 8.751310577283228440e+02 8.710064316168975438e+02 8.367026395672378385e+02 7.848365749132675546e+02
3.663654523903204563e+02 4.150604516625840006e+02 4.655364543798824570e+02 5.175479092312544935e+02 5.704482870856076033e+02 6.233486308922175567e+02 6.751284063478500457e+02 7.244374247115866865e+02 7.696147952117623845e+02 8.088035848198428539e+02 8.378730147513911106e+02 8.564779782483461759e+02 8.680549957253907678e+02 8.753200844795148896e+02 8.731152853091045927e+02 8.550228427164214509e+02 8.190668226532246763e+02 7.693940846304345769e+02 7.100221185495125837e+02 6.460472321409934011e+02 5.873839835731699850e+02 5.287932403403444823e+02 5.016077741060655626e+02 4.773577686155357469e+02 4.935274681805321961e+02 5.104373635776569245e+02 5.282140210474774449e+02 5.471214515962592486e+02 6.057122000193128315e+02 6.690646587351589005e+02 7.387751937205717923e+02 8.006266125109541463e+02 8.474223141568995743e+02 8.727518989684150483e+02 8.647322059569021349e+02 8.285984188356906088e+02 7.760773195044750992e+02
3.586531401531356664e+02 4.057246361877533332e+02 4.549700924475965280e+02 5.061963256956540249e+02 5.588552524179502825e+02 6.125561856461546313e+02 6.667222881642950369e+02 7.205663528580739694e+02 7.727573458470870946e+02 8.209018645361520612e+02 8.615126213948346958e+02 8.900057965053543967e+02 9.046414985534123616e+02 9.083358864640651973e+02 8.952081570723447612e+02 8.637059111597682204e+02 8.189203467149510516e+02 7.653704837675164754e+02 7.072008438837525546e+02 6.485518723405991750e+02 5.935096941395820522e+02 5.435356112219679972e+02 5.028272790295314962e+02 4.636862992644366273e+02 5.034309033111160829e+02 5.380552878175005844e+02 5.685106691579389917e+02 5.976579665814307418e+02 6.460433831526576114e+02 7.006885227075249531e+02 7.578928537973389439e+02 8.103680714718673244e+02 8.506045971782540391e+02 8.701257876213599047e+02 8.574829040068538006e+02 8.201899241768073807e+02 7.687529577260917222e+02
3.515131927710297077e+02 3.967007398734402273e+02 4.437720267801284990e+02 4.930174161901693992e+02 5.448125359289615517e+02 5.983350485293441352e+02 6.534398917658714936e+02 7.100732698997370562e+02 7.673925894760218398e+02 8.218639139126221380e+02 8.699892004083878874e+02 9.073228097358153263e+02 9.279703865703064594e+02 9.278266343959070355e+02 9.047675175057319166e+02 8.654598994873695119e+02 8.156649986849525931e+02 7.600096199998395150e+02 7.022221184807729060e+02 6.453028539185273758e+02 5.914064858970186833e+02 5.413787019811903747e+02 4.952270070236319839e+02 4.503897833117220557e+02 4.963213205644209438e+02 5.405029906270516449e+02 5.831265389323461932e+02 6.259708013337135526e+02 6.739160418347955783e+02 7.248125858483161892e+02 7.752495820489909875e+02 8.199157365697358273e+02 8.521147174500667916e+02 8.634000368416303672e+02 8.462615879324318939e+02 8.087775365802380065e+02 7.588977784574466341e+02
3.448436480571479592e+02 3.883772045302168294e+02 4.335645342814666492e+02 4.806357250632126465e+02 5.298811510301492262e+02 5.816764010052887670e+02 6.365224932252968983e+02 6.951145948665002834e+02 7.584687565233050464e+02 8.177565617911760683e+02 8.705793684960664223e+02 9.127244023596128955e+02 9.375680886658952886e+02 9.356008445497440107e+02 9.077395011289952436e+02 8.639148286169889843e+02 8.109535280432313584e+02 7.536411785110921073e+02 6.953514727224778653e+02 6.384056246903437568e+02 5.842188320963992965e+02 5.331135418997436091e+02 4.846278642056857393e+02 4.376488094446351056e+02 4.884678193428955524e+02 5.391111093013942082e+02 5.893445390689307715e+02 6.394313994293802352e+02 6.899694620698271592e+02 7.395077831632202106e+02 7.849387905470589430e+02 8.216619407270438842e+02 8.438366478671986215e+02 8.476814487427152471e+02 8.316275573864812714e+02 7.959890331445448055e+02 7.474853771133789451e+02
3.421482944297636095e+02 3.856818672324651516e+02 4.308692130574427779e+02 4.779404101613495186e+02 5.271858303987061163e+02 5.789810634962861968e+02 6.338271286051879088e+02 6.924191981687683892e+02 7.544824599445712465e+02 8.147263145833634326e+02 8.695880735633014638e+02 9.139473882604108894e+02 9.401279829261022769e+02 9.367294902815889373e+02 9.060188892452954406e+02 8.593436292886260617e+02 8.041851263194062085e+02 7.454153226907834551e+02 6.861471414657478363e+02 6.283256652352831679e+02 5.734805829236079262e+02 5.216860155018557634e+02 4.724410137623765422e+02 4.253700413264093640e+02 4.801145174467091579e+02 5.354097151736143587e+02 5.905952425526342040e+02 6.448497003313912046e+02 6.969347405000779645e+02 7.444123493445597433e+02 7.834192252635531304e+02 8.091058792151146690e+02 8.197432349581753215e+02 8.194504230974970369e+02 8.073232859377782233e+02 7.775578937559905626e+02 7.314423955056970499e+02
3.394567295259325874e+02 3.829903170222239055e+02 4.281776785976056203e+02 4.752488825050576224e+02 5.244942972638050378e+02 5.762895135648778933e+02 6.311355525716982129e+02 6.897275911475006751e+02 7.515840434654510318e+02 8.122189617875366139e+02 8.678818276787218338e+02 9.129439488855111904e+02 9.390213189158517935e+02 9.338548439746386975e+02 9.009302691987829803e+02 8.521847878723085614e+02 7.953929105474719563e+02 7.354058151360273996e+02 6.750279354597051906e+02 6.164371090014293486e+02 5.615920197946727512e+02 5.097974371029704344e+02 4.605524274801035745e+02 4.134814418590361811e+02 4.711265474673877520e+02 5.298263237312543197e+02 5.881652768787298555e+02 6.443821987523643884e+02 6.958978542311159572e+02 7.388111117636989320e+02 7.672825890377278029e+02 7.797885735233820697e+02 7.826594599463827535e+02 7.801910986861945503e+02 7.715060606226993514e+02 7.502767932596302671e+02 7.094552261099594261e+02
3.367689336081484726e+02 3.803025347761334842e+02 4.254899117041404111e+02 4.725611224548079576e+02 5.218065322935324275e+02 5.736017323074567003e+02 6.284477457084316256e+02 6.870397539741508126e+02 7.490612865621479841e+02 8.100292746027039357e+02 8.659545275399862021e+02 9.108478555435531234e+02 9.358786278139070873e+02 9.283455842620036265e+02 8.932754724859312319e+02 8.428046329811586475e+02 7.848019325991688220e+02 7.241235795958571089e+02 6.634724244327027236e+02 6.048816082991842222e+02 5.500365110427768514e+02 4.982419147047550041e+02 4.489968971799011683e+02 4.019258818442506254e+02 4.605169363740060930e+02 5.220178909687934947e+02 5.820136302316541332e+02 6.380885438132954732e+02 6.863484272303660418e+02 7.212260025211506900e+02 7.360983449982699085e+02 7.383294294686767216e+02 7.356825680422806499e+02 7.323577479582322667e+02 7.276163454443191085e+02 7.154401093285721345e+02 6.851378601465287375e+02
3.340848956210700749e+02 3.776185085643383559e+02 4.228058998570818403e+02 4.698771170795611738e+02 5.191225216538108498e+02 5.709177046164379590e+02 6.257636917730818595e+02 6.843556677897258851e+02 7.468373415395452639e+02 8.084021294705653418e+02 8.643666319882330527e+02 9.084586536167419126e+02 9.315648075069118477e+02 9.208524743645210719e+02 8.834130180189666817e+02 8.312794387780280658e+02 7.722548231347957426e+02 7.113031665740127210e+02 6.513086145457181146e+02 5.936299649133454750e+02 5.387848587566671767e+02 4.869902494764961602e+02 4.377452163803293956e+02 3.906741548860574653e+02 4.523924076254805300e+02 5.146424428963848641e+02 5.747689204357266135e+02 6.289613279232528384e+02 6.715372353635060563e+02 6.941386089759880633e+02 6.954254684699395739e+02 6.881712876308422437e+02 6.813538862499789275e+02 6.779524025550342685e+02 6.775170260584191055e+02 6.724232626237617296e+02 6.537955384143369884e+02
3.314044316664913481e+02 3.749380655194674432e+02 4.201254824358206292e+02 4.671967196370684405e+02 5.164421344204433808e+02 5.682373171681942949e+02 6.230832985235024353e+02 6.816752647547735933e+02 7.450293020098391708e+02 8.082064270874382146e+02 8.639781775331009612e+02 9.065259714633532440e+02 9.264742114879780956e+02 9.115060108440472959e+02 8.713791087753438660e+02 8.174640543910342103e+02 7.571455743351082219e+02 6.956517626813512152e+02 6.362785200984254743e+02 5.798085776946367105e+02 5.262648747541273906e+02 4.754013477215910370e+02 4.267429977337952778e+02 3.796853895209940788e+02 4.428306373955479103e+02 5.055990725365614935e+02 5.648336958434135795e+02 6.155243820817498772e+02 6.501728047611102284e+02 6.589749149546111084e+02 6.481881346508039314e+02 6.310576585771653981e+02 6.215700973158104716e+02 6.184030188412456255e+02 6.237396681814032036e+02 6.242880617843081836e+02 6.136279500078360343e+02
3.316972508823028534e+02 3.762007690118530263e+02 4.224309341998351783e+02 4.706615535841529550e+02 5.212226415663205898e+02 5.744759262924670793e+02 6.307265897849321163e+02 6.899860101926836933e+02 7.514996637537117294e+02 8.120313934985389324e+02 8.660168191139759983e+02 9.059032352511225099e+02 9.202581008144271664e+02 8.998140084899332578e+02 8.570856105457818330e+02 8.015203024567889543e+02 7.390266385816906904e+02 6.756738728227044248e+02 6.170830230636296392e+02 5.622379158944756909e+02 5.104433293839699672e+02 4.611983069149461016e+02 4.141273927095974159e+02 3.689401450216785747e+02 4.334870642166387711e+02 4.965205790540395583e+02 5.543328444959383887e+02 6.005827485194823794e+02 6.250400978024930509e+02 6.203194727647145328e+02 5.973532213555354247e+02 5.677054116587665931e+02 5.629795560056168142e+02 5.598124522527841691e+02 5.695469332884953246e+02 5.739106674764045692e+02 5.684720818531616260e+02
3.300253741015426385e+02 3.752130305636358116e+02 4.221165807299229300e+02 4.710809243153060493e+02 5.224834135143757976e+02 5.767067541350799047e+02 6.339658588262687999e+02 6.937717453000394698e+02 7.547765355169951818e+02 8.139729277607362974e+02 8.661374808315006248e+02 9.032165921375406015e+02 9.130306062331883368e+02 8.892021047755926020e+02 8.447308331694036951e+02 7.887751011639103353e+02 7.274833530417579368e+02 6.651552211752335779e+02 6.065643813377470224e+02 5.517192694164841669e+02 4.999246707980044562e+02 4.506796296571944254e+02 4.036086689377494849e+02 3.584213044790352569e+02 4.230466596496711986e+02 4.854285840132534986e+02 5.410450178965028272e+02 5.822775784180255414e+02 5.967985072580905808e+02 5.807517562770466384e+02 5.462164933707782666e+02 5.091147443282770269e+02 5.081345563376351038e+02 5.049674267696423726e+02 5.170207556335570871e+02 5.233039040501132604e+02 5.200917389124485908e+02
