_codes/_figurecodes/_data/lowRvar/steadystate/20m_HalfMtrThresh_Diffusion_Tc1/topographic_elevation_depth20m_tc1.asc
ncols 200
nrows 200
xllcorner 0.0
yllcorner 0.0
cellsize 50.0
[rows 85 to 101 of 200, columns 37 to 73 of 200]
4.125971800590452290e+02 4.077928266266851551e+02 3.880652569858669949e+02 3.471600755377064047e+02 3.427431265648156682e+02 3.178753766323501964e+02 3.210761852131081469e+02 3.802369414130176892e+02 4.338323136249402410e+02 4.710025528111362405e+02 4.924047646560149474e+02 5.018579221553687262e+02 5.023025652625936459e+02 4.964085397878342292e+02 4.831952855011548422e+02 4.643059249482087125e+02 4.421854052509561370e+02 4.550048065498758092e+02 4.678774065538665923e+02 5.375882357400975025e+02 6.088361418314738103e+02 6.637104508197844552e+02 7.044941850012004352e+02 7.302290714424905218e+02 7.457400024995954482e+02 7.559541585894316995e+02 7.659240324169264795e+02 7.779375792671418139e+02 7.883447711274591256e+02 8.260393765354727975e+02 8.713597906293726965e+02 9.224065185486114160e+02 9.772411590597391751e+02 1.032787395962082883e+03 1.084917551814596663e+03 1.128039851750477283e+03 1.154572666460770733e+03
3.687038305967257656e+02 3.647724795413222978e+02 3.536820054002946563e+02 3.260556585971183949e+02 3.114794433941772240e+02 3.146768937928554237e+02 3.692399442498087865e+02 4.249333787313166795e+02 4.770634539121076045e+02 5.171003724267657162e+02 5.411430128766793359e+02 5.520132446936144106e+02 5.521087905253765484e+02 5.452879179158707075e+02 5.318784643274755126e+02 5.132835735922719778e+02 4.914305154019523343e+02 4.960991837774939768e+02 4.810563449984464341e+02 5.404306181772477657e+02 5.949012259577114037e+02 6.394929423904359282e+02 6.709564435793664643e+02 6.918191301913191182e+02 7.084294453461128569e+02 7.222933845545917393e+02 7.344493552298758914e+02 7.431780994302209820e+02 7.402535507175210796e+02 7.930366861914741321e+02 8.468763679349527820e+02 9.040452466465062571e+02 9.638865041470644428e+02 1.022321951425338852e+03 1.074850989332358722e+03 1.115720963268506239e+03 1.137265228087122068e+03
3.201843429802965488e+02 3.151477713409386752e+02 3.101170517554902517e+02 3.050886703254464010e+02 3.082832833027944730e+02 3.545124635139315501e+02 4.050987028075526268e+02 4.579192907088344668e+02 5.094133346903192319e+02 5.540217670613454857e+02 5.846455590104325211e+02 5.993769333584480137e+02 6.010517261099382722e+02 5.947936388688335683e+02 5.817410264683692276e+02 5.635968485181574579e+02 5.432254852914444427e+02 5.303585464244507648e+02 4.943528729630074849e+02 5.391611096415881548e+02 5.750188133168347804e+02 6.027394149985850618e+02 6.233964579573186029e+02 6.404230403694306233e+02 6.567818428693529995e+02 6.724493816747580013e+02 6.872907586877261110e+02 6.995125886209405053e+02 7.027552446775329145e+02 7.576034816769368945e+02 8.161977164271054335e+02 8.795536003447383564e+02 9.468845244012964031e+02 1.008319853463354434e+03 1.059782531244615484e+03 1.095530214875356478e+03 1.109058876356370092e+03
3.741963641531054918e+02 3.601410712898627366e+02 3.375344749424191377e+02 3.022881070116013689e+02 3.371226451047758701e+02 3.802826262506824833e+02 4.286580879075920052e+02 4.799850052780548708e+02 5.314784295959598239e+02 5.792037890566015221e+02 6.178784112931152777e+02 6.407881537406988173e+02 6.469254563837127989e+02 6.431603853010143439e+02 6.313520622491026870e+02 6.132048747704629932e+02 5.898767749114506387e+02 5.592623702522893154e+02 5.077399272299797417e+02 5.216126472247252650e+02 5.357697430782225183e+02 5.503113093613472984e+02 5.652745192688391853e+02 5.808021113291832762e+02 5.970295474579760366e+02 6.140065926190421806e+02 6.318627077372176473e+02 6.507706171381361173e+02 6.709700053631513583e+02 7.295637844303191741e+02 7.929199927336732117e+02 8.626340686658799086e+02 9.344959324156511684e+02 9.962333723371233418e+02 1.043222386755713842e+03 1.068406602029745954e+03 1.071746993033373883e+03
4.164335864486137098e+02 3.882561364157284629e+02 3.486919186087329194e+02 2.994890388591641113e+02 3.443919287768845265e+02 3.911981577228983724e+02 4.406541571202596970e+02 4.922295935729105736e+02 5.444019254525850329e+02 5.945708689751945712e+02 6.388902264392203278e+02 6.720161651352196941e+02 6.868750980774518666e+02 6.882761829460748686e+02 6.794314744587653649e+02 6.624906995603524820e+02 6.385412194756520421e+02 6.067053582619138297e+02 5.625854957419304583e+02 5.764358733571821176e+02 5.875649068165400877e+02 6.021066129472740158e+02 6.145202992935639941e+02 6.300480924844075616e+02 6.488254898770528598e+02 6.658028186764307748e+02 6.824570102492624528e+02 6.955187715854755197e+02 6.969563230825872324e+02 7.255507511822667084e+02 7.889071038920679939e+02 8.586212748378411561e+02 9.290548374929261399e+02 9.862262574069595757e+02 1.023615925820578354e+03 1.033619985367720346e+03 1.026105992346817175e+03
4.415072670915642448e+02 4.001408718608282697e+02 3.514035430492072578e+02 2.966917943766235339e+02 3.450104021072443743e+02 3.941952560020326359e+02 4.449156914655539481e+02 4.971482574595124220e+02 5.501195962080035997e+02 6.021853104264849890e+02 6.506316102272114676e+02 6.913158593495890045e+02 7.177845211771680169e+02 7.274536851741214605e+02 7.241518965723738575e+02 7.107207776043505874e+02 6.889790621255669976e+02 6.596836988551490322e+02 6.211774672492115315e+02 6.339619254189398134e+02 6.424113866077007060e+02 6.561530327895707160e+02 6.663165108751636581e+02 6.818445436531376345e+02 7.026770398797621056e+02 7.204249069165750825e+02 7.358143781188833827e+02 7.471717082560483050e+02 7.518045205502556882e+02 7.568066133287746879e+02 7.925596330394735105e+02 8.668948605370857194e+02 9.329862447824630181e+02 9.813026363932777940e+02 1.002899821138322409e+03 9.938447487728801661e+02 9.731091335048998872e+02
4.491083774785493574e+02 4.010197685869129600e+02 3.488692928907162241e+02 2.938965350623436166e+02 3.424041755729626857e+02 3.919971039886017365e+02 4.428753592831687342e+02 4.950235441672678576e+02 5.480158285741920281e+02 6.008296509007014947e+02 6.516377238360144020e+02 6.975555192936170670e+02 7.343638143300227057e+02 7.567254862606116603e+02 7.626100955571279201e+02 7.558908736912203494e+02 7.395714467083239470e+02 7.160028960452120828e+02 6.845322400716826223e+02 6.951971776865024140e+02 7.010044999506550312e+02 7.132768501043118476e+02 7.211641053577876619e+02 7.366923320648587605e+02 7.589866740352023271e+02 7.772469467387128361e+02 7.922458695698293241e+02 8.034875304551889030e+02 8.103987713715825976e+02 8.154009585066708041e+02 8.321245231156228783e+02 8.813720589003680743e+02 9.438489042562032409e+02 9.787195662993317455e+02 9.788265941529285783e+02 9.493004206876928492e+02 9.129268697866129969e+02
4.474007795267963274e+02 3.967319209920951266e+02 3.444140748332943645e+02 2.911037498731792539e+02 3.381760704500026122e+02 3.870123621471085471e+02 4.370008783310343006e+02 4.881341822589408252e+02 5.402090161325706958e+02 5.926422515088416958e+02 6.442803327029014326e+02 6.932103447076242446e+02 7.366000283268834892e+02 7.706438099915787916e+02 7.904471011993094862e+02 7.945063406132969703e+02 7.873357090653289561e+02 7.733051943055940001e+02 7.542457870546018057e+02 7.601275552114674383e+02 7.643602038766601936e+02 7.739175259285398170e+02 7.797580027087244616e+02 7.952863162086401871e+02 8.179712962630439961e+02 8.362640232971214118e+02 8.511322316833327477e+02 8.627606545894083183e+02 8.714820691106341428e+02 8.787568771248986650e+02 8.954802636290564806e+02 9.330377018595200980e+02 9.698600269952482904e+02 9.814136370753399206e+02 9.568893680356799223e+02 9.035810591819112005e+02 8.543363864441294027e+02
4.382704706004691957e+02 3.878333572345335938e+02 3.377672315873670641e+02 2.883137595762569276e+02 3.335020772216867613e+02 3.805738053571849377e+02 4.287506104483776426e+02 4.779050772116956978e+02 5.280775898622323439e+02 5.790420561498251573e+02 6.301500628591275017e+02 6.801961684117192135e+02 7.273117197538500704e+02 7.688996504294482293e+02 8.015814782398988427e+02 8.212048327078026659e+02 8.271287533282956019e+02 8.256429608139874290e+02 8.205195101752810842e+02 8.242983690311418741e+02 8.291091168494949670e+02 8.367803337335051310e+02 8.431139283941922713e+02 8.586422130893254234e+02 8.789230663100780703e+02 8.962795921233678200e+02 9.107584961318250407e+02 9.226588759396105388e+02 9.327433366381611677e+02 9.430194906696619910e+02 9.583864736906189137e+02 9.810821089775298560e+02 9.972832846789748373e+02 9.864060086409064070e+02 9.473749590322452150e+02 8.882140111040511101e+02 8.158536136239850975e+02
4.245696283169702951e+02 3.754609480781891762e+02 3.289018080398556094e+02 2.855270447496183692e+02 3.290170777692230786e+02 3.735057221644801757e+02 4.187545985243150426e+02 4.648555362476260484e+02 5.121277281090706310e+02 5.606425530941277202e+02 6.100959695123507345e+02 6.597533125819960560e+02 7.084079358394183146e+02 7.543399991697864380e+02 7.953079793732562166e+02 8.286757600335666893e+02 8.517261055785681947e+02 8.648746777988105805e+02 8.720496354796364358e+02 8.807422059919775847e+02 8.884194036402818710e+02 8.975073071322053693e+02 9.063914803208069770e+02 9.205293557242140423e+02 9.383316530270857356e+02 9.541914260132448362e+02 9.677774955681819620e+02 9.793304104431595078e+02 9.894842560596057410e+02 9.993786117874212778e+02 1.010388125259907042e+03 1.020971804993217802e+03 1.019218556370283295e+03 9.916666194594442914e+02 9.442287440622536678e+02 8.831181422454441190e+02 8.139559347480778797e+02
4.076952260540422230e+02 3.585714116022969051e+02 3.140739838755986284e+02 2.827440801891071942e+02 3.234952391004636070e+02 3.651404531816918961e+02 4.065490168898703018e+02 4.483835318542105028e+02 4.918436037713651672e+02 5.371978301275422609e+02 5.842502415206635078e+02 6.324843872980439983e+02 6.811100990369546935e+02 7.290059346506400288e+02 7.746397833848860728e+02 8.162885701732351436e+02 8.524025284671827194e+02 8.822602648370578891e+02 9.048900127683949677e+02 9.232624984768985996e+02 9.372422080112203275e+02 9.501041243369804761e+02 9.610719696275817796e+02 9.747104629066407142e+02 9.907134903201401812e+02 1.004654227605595565e+03 1.016671580699006313e+03 1.027073289464957043e+03 1.036191580022043127e+03 1.044142978603066467e+03 1.050144130635200099e+03 1.050690110950405824e+03 1.034427245404941687e+03 9.977948406794439506e+02 9.465465051654723538e+02 8.857140183827725650e+02 8.192397106617296458e+02
3.852956632975419780e+02 3.320325686309586786e+02 2.771857842795970441e+02 2.799635547883546565e+02 3.184480943117615652e+02 3.566474564077391278e+02 3.921890826213941637e+02 4.276512182433776843e+02 4.669403558767246523e+02 5.092472967446205416e+02 5.539634449987074731e+02 6.005146323774333723e+02 6.484141887770371113e+02 6.970313041590734429e+02 7.451096990694894657e+02 7.913987232029658117e+02 8.349843791240595010e+02 8.753069144617506936e+02 9.116696994843902075e+02 9.436344027631163272e+02 9.687908091138012878e+02 9.879665537674284224e+02 1.001742946352742592e+03 1.014940592871137483e+03 1.028433639980935823e+03 1.039427512596646693e+03 1.048861065265045909e+03 1.057256064475435551e+03 1.064748257956490534e+03 1.070641201161069830e+03 1.072733923792356109e+03 1.065549833548963079e+03 1.041151922726692874e+03 1.001310460935914421e+03 9.501665181041540791e+02 8.922935977514845263e+02 8.321385885065052435e+02
3.615883157497571005e+02 3.141118067768500168e+02 2.744107594621500539e+02 2.986351862573477547e+02 3.247478446880627416e+02 3.493913071932623780e+02 3.732478679549166714e+02 3.975522898212575456e+02 4.355491432088796273e+02 4.766286101839729668e+02 5.200707677769823931e+02 5.652587468168046598e+02 6.123303097177113159e+02 6.615416344353785689e+02 7.108969050192552004e+02 7.593417417321005587e+02 8.068095042539450787e+02 8.535626231287766359e+02 8.986469549850237399e+02 9.401204292599361452e+02 9.754571808304451679e+02 1.002863039174354299e+03 1.020807062891447345e+03 1.032478201820831146e+03 1.040221334652188943e+03 1.046133756016329471e+03 1.051419418481944831e+03 1.056842966601606804e+03 1.062714024341258892e+03 1.067847455705912353e+03 1.069760477558041202e+03 1.063574942578227592e+03 1.040736536291960192e+03 1.003022173026995574e+03 9.543786529082038896e+02 8.993468936847492614e+02 8.421185780074057448e+02
3.172572968770584794e+02 2.688888951756542269e+02 2.716362232806462202e+02 2.855786108317924459e+02 2.996632567544432391e+02 3.139705456203924427e+02 3.285937511906947748e+02 3.579893099973537574e+02 3.987395618211473902e+02 4.408045786639903554e+02 4.843375937325603218e+02 5.295247522670349554e+02 5.765961503230572589e+02 6.258421003930491224e+02 6.759025498252126454e+02 7.240678039547912022e+02 7.724606511533439743e+02 8.238649754800744631e+02 8.760392806082556945e+02 9.245702438884749199e+02 9.652821788004730479e+02 9.944780365428059667e+02 1.009683886388905421e+03 1.016754947065435658e+03 1.018588210045643336e+03 1.020164731959572464e+03 1.022016683240241036e+03 1.025125476489741459e+03 1.030681909670982577e+03 1.037021804670475149e+03 1.042216757309636932e+03 1.043543042426377724e+03 1.031583563187978825e+03 1.001286425493826982e+03 9.573253007140571071e+02 9.051376588311421756e+02 8.493477223346063738e+02
2.633954984868055362e+02 2.661420389673522777e+02 3.136728182468954174e+02 3.356326309453321528e+02 3.472135058760389938e+02 3.519905995844137010e+02 3.447638941644272563e+02 3.785122918386763331e+02 4.173963000838739390e+02 4.564800986071355169e+02 4.949546640515735589e+02 5.333105927961361203e+02 5.716220782843207644e+02 6.074388901871213875e+02 6.414781609819921186e+02 6.841330195092351687e+02 7.288770377451517106e+02 7.865645013834299561e+02 8.478616592135291512e+02 9.023967018424449407e+02 9.444512618037699667e+02 9.681616703819877330e+02 9.764190239823956290e+02 9.781600668466194293e+02 9.759582300522331479e+02 9.742419572903030485e+02 9.730649987906365368e+02 9.737564394135688417e+02 9.802444462582163851e+02 9.887427302846383554e+02 9.980234122863665789e+02 1.007640957494561121e+03 1.009380290864906897e+03 9.926167934555995771e+02 9.559437660918624715e+02 9.073055897415234767e+02 8.526526161747889319e+02
2.606492730774043594e+02 3.121190813592398285e+02 3.570178203860268127e+02 3.825010583110970401e+02 3.924848177204636386e+02 3.892219352117757580e+02 3.613522009465258407e+02 3.783292469679802821e+02 4.214099025372042320e+02 4.561428571729293822e+02 4.860325124363848772e+02 5.140281897572150456e+02 5.411480644866551302e+02 5.646031980792741933e+02 5.791985257883678742e+02 6.227321715688749464e+02 6.698042917068922861e+02 7.395171199086628349e+02 8.183773644033877872e+02 8.769264211616672355e+02 9.152509509255497733e+02 9.293284489179660568e+02 9.301235069449661523e+02 9.264743462533336924e+02 9.214294677404558342e+02 9.174920260863733574e+02 9.133823552538109425e+02 9.097612205675458199e+02 9.194628996449216629e+02 9.302454274183143070e+02 9.425490312054348578e+02 9.604955868669975416e+02 9.756767217716862888e+02 9.750318603327505116e+02 9.481216265572148814e+02 9.041928871749532846e+02 8.510496344331786531e+02
2.979155436021562195e+02 3.477495069706661184e+02 3.941722010807770857e+02 4.256334336037814410e+02 4.379228742208028962e+02 4.357117351269719165e+02 4.180051992888795667e+02 3.955124030403583788e+02 4.131343140927093600e+02 4.313187960419732008e+02 4.501305837629545863e+02 4.698666633735080609e+02 4.908328529515831065e+02 5.135030217271092852e+02 5.384483032979558175e+02 6.018018513241164555e+02 6.715140523152244896e+02 7.445508127698304861e+02 8.093274297595671669e+02 8.575771384237181110e+02 8.822175100753914876e+02 8.838843586079270835e+02 8.764395278739729065e+02 8.671673633180918159e+02 8.610030010013298352e+02 8.564647548632373173e+02 8.499895395616487122e+02 8.400504426241324154e+02 8.549539881998641704e+02 8.669538892600540976e+02 8.784756642222046139e+02 9.051407791608800153e+02 9.354440022760917373e+02 9.508983866448850222e+02 9.366752505064687284e+02 8.981920697043277642e+02 8.466928543805976233e+02
