_codes/_figurecodes/_data/lowRvar/steadystate/20m_HalfMtrThresh_Diffusion_Tc1/topographic_elevation_depth20m_tc1.asc
ncols 200
nrows 200
xllcorner 0.0
yllcorner 0.0
cellsize 50.0
[rows 68 to 84 of 200, columns 148 to 184 of 200]
9.403279624815186253e+02 1.003350830550786441e+03 1.060111596305008788e+03 1.104361848211408642e+03 1.127780816261073596e+03 1.122296098417904886e+03 1.096924011089692840e+03 1.063473098770683919e+03 1.026237418101048661e+03 9.869556955919235861e+02 9.454636404613266905e+02 9.014363286441434866e+02 8.542958291141385416e+02 8.060350198883381836e+02 8.061339653489719694e+02 7.949003931174851232e+02 7.742834688885941432e+02 7.381773383716227954e+02 7.432433362303196418e+02 7.483117337473978523e+02 7.697003750183999955e+02 7.915410795082118511e+02 8.140373174336741613e+02 8.374536312428932661e+02 8.619286873207196322e+02 8.879144763321039591e+02 9.154306340596953078e+02 9.448258904147486419e+02 9.766100128208997830e+02 1.012361050650891571e+03 1.091218819335584612e+03 1.146697152271942059e+03 1.185713890228239279e+03 1.209695375768099893e+03 1.222859191043356077e+03 1.233795740054118824e+03 1.245362906552346203e+03
9.196280376932870695e+02 9.825005271157565403e+02 1.040355365118981581e+03 1.087495679157490031e+03 1.116422480186185339e+03 1.118210120941421565e+03 1.095847114579209119e+03 1.061332947883713814e+03 1.021941530251611766e+03 9.810916778548961474e+02 9.381934107220654369e+02 8.918440976552742541e+02 8.369989040938492053e+02 7.852031055073402968e+02 7.656852045043382304e+02 7.466802549506551259e+02 7.280549113407163304e+02 7.331149299935563022e+02 7.772374460391962430e+02 8.020225632490034968e+02 8.264422311012608588e+02 8.496766414203676732e+02 8.712102712353043898e+02 8.939842019553500450e+02 9.179602932123253822e+02 9.439598565084022539e+02 9.698239093105270285e+02 9.965240597655233614e+02 1.024563990595035420e+03 1.058181922856094161e+03 1.102803603232000569e+03 1.140177011710193710e+03 1.163606114583219323e+03 1.173519120146290788e+03 1.176913224366049917e+03 1.181494475874401587e+03 1.192503534801002843e+03
9.001101384378395096e+02 9.631754266863605380e+02 1.021565464302250803e+03 1.069724573504318641e+03 1.100129122681037188e+03 1.103304975795065047e+03 1.081711731540848632e+03 1.044797637282686992e+03 1.003484124257931740e+03 9.652427265849707965e+02 9.267090638135859990e+02 8.904362061900017125e+02 8.576771612186015545e+02 8.240481068466671104e+02 7.971705740377216216e+02 7.637581111731101373e+02 7.230996039885930031e+02 7.626847831689404984e+02 8.050430764997909137e+02 8.399561692132898543e+02 8.695982740075030506e+02 8.953714477139171777e+02 9.170710841294396687e+02 9.389622765306797874e+02 9.613406588456296049e+02 9.850998421383670802e+02 1.007590518601785561e+03 1.029937662872582450e+03 1.052274186615925146e+03 1.077210144332781510e+03 1.101401103497792292e+03 1.119112653839526047e+03 1.126438196202365589e+03 1.125251733814992349e+03 1.119691750099795172e+03 1.116421779820826714e+03 1.131475452614867663e+03
8.815755968312518007e+02 9.451327512515325679e+02 1.003518327838023197e+03 1.051054966133558082e+03 1.079624958688457582e+03 1.079043357328157981e+03 1.054115009894669129e+03 1.010846179566847354e+03 9.632446852879888866e+02 9.231551886545008756e+02 8.859142069416493541e+02 8.560640346230458135e+02 8.493206093692581362e+02 8.331882803910318671e+02 8.053224473761137006e+02 7.663284850037236993e+02 7.181498469994297693e+02 7.673014917801554020e+02 8.137136265631514789e+02 8.549361877563276266e+02 8.903281531753965510e+02 9.197857995771610149e+02 9.429918251568908545e+02 9.633369302937632028e+02 9.824389549217071362e+02 1.000406575905681166e+03 1.017066123868375371e+03 1.033224814969323688e+03 1.048772880409798745e+03 1.063287532945443218e+03 1.073920144689599510e+03 1.080415294998453874e+03 1.078856859041800362e+03 1.070220318326209508e+03 1.056709037861586012e+03 1.046711098721631288e+03 1.068573649305406889e+03
8.656005182336926964e+02 9.290865460294572813e+02 9.867959597429370433e+02 1.032373922902848335e+03 1.056112206941299291e+03 1.050739433318453848e+03 1.018670533187724232e+03 9.627500857035834088e+02 9.079042165101848241e+02 8.643705945220779086e+02 8.248072357343952490e+02 7.882175990893572362e+02 8.189866140709153797e+02 8.215909906396382212e+02 8.015734268301899874e+02 7.635212402549374247e+02 7.132100251993622351e+02 7.664739165494991084e+02 8.150691085324344840e+02 8.574191459462567764e+02 8.922307385033474247e+02 9.186086944004200632e+02 9.384505796526482300e+02 9.549443355517191776e+02 9.691849541924369760e+02 9.808323009130045875e+02 9.929327088933814593e+02 1.004858199964735491e+03 1.015928673224368708e+03 1.025034211420914744e+03 1.029951619137611715e+03 1.031492959480059199e+03 1.026088237507680333e+03 1.013393217645135678e+03 9.933560888314052590e+02 9.833581659318720085e+02 1.007608212268849229e+03
8.488767646307153427e+02 9.117987959597858207e+02 9.678135468320028849e+02 1.010130258988721266e+03 1.028958949180959053e+03 1.025791583945017919e+03 9.996113925056585003e+02 9.550083792861902339e+02 9.049917849539408508e+02 8.555403657342936867e+02 8.061532492051833287e+02 7.552769112005007628e+02 7.899234771176045342e+02 7.981841451996357364e+02 7.875401877776051833e+02 7.554183242766861213e+02 7.082778857476441772e+02 7.617640941427697499e+02 8.082880442817078119e+02 8.460765200823644818e+02 8.729676105886619553e+02 8.912748470985947051e+02 9.064790354125276508e+02 9.194574067830753847e+02 9.304787475949268583e+02 9.391175413270124182e+02 9.485707920133305606e+02 9.580675659160788200e+02 9.668247251868274361e+02 9.737536848611329106e+02 9.771065165568860493e+02 9.777614612382579935e+02 9.723012509685142959e+02 9.588980137379734288e+02 9.347647296006510942e+02 9.247668010172142203e+02 9.490169914097310766e+02
8.323270490064812748e+02 8.941045672013344756e+02 9.473699838156875330e+02 9.847489517091476046e+02 9.972078299858527544e+02 9.933638608210387702e+02 9.732740121238487063e+02 9.349758521445844508e+02 8.876990853081700834e+02 8.360434371635080879e+02 7.820035268087938221e+02 7.258817513328301629e+02 7.578270998799088147e+02 7.668579494640372332e+02 7.643404317017623271e+02 7.432858431020412127e+02 7.033522999870574495e+02 7.521714773321034500e+02 7.908300768297000332e+02 8.172893661381901893e+02 8.342867422089967704e+02 8.467014130364840412e+02 8.581544471837408992e+02 8.685254310172487067e+02 8.776358860928563672e+02 8.849801781795945317e+02 8.931995858520676848e+02 9.015931546186911874e+02 9.095277201040621549e+02 9.161858668825619816e+02 9.202701826328499237e+02 9.226029541781083481e+02 9.201069789350319752e+02 9.094960157659218112e+02 8.799186996554291227e+02 9.019173402133329773e+02 9.464859015992429931e+02
8.167584086227714124e+02 8.770292651475692765e+02 9.264053497237906640e+02 9.558018714974962222e+02 9.608083536453128772e+02 9.542653188319205810e+02 9.370117549870371931e+02 9.048275416912322271e+02 8.618889937950716558e+02 8.107056761843174399e+02 7.558189276034948989e+02 6.986961734581830115e+02 7.203600791209457839e+02 7.276295978946178593e+02 7.299744020555599491e+02 7.226800576900915303e+02 6.984310683465652119e+02 7.344831296894298021e+02 7.576183449685981941e+02 7.723547840860915130e+02 7.829556217901116497e+02 7.918402188672597504e+02 8.008798431933123538e+02 8.096165530132489039e+02 8.177977880149677503e+02 8.249623732339781554e+02 8.328500420770355959e+02 8.409350191770221272e+02 8.488660439564365561e+02 8.562121984337366030e+02 8.622015816200405425e+02 8.675852862334453448e+02 8.705113827772826198e+02 8.693799164860788551e+02 8.590867112230509974e+02 9.017937099704334969e+02 9.402970114213287616e+02
8.001333268537472350e+02 8.575556016207185621e+02 9.014404065951476923e+02 9.215311590544566798e+02 9.201429480915500108e+02 9.094748956271279212e+02 8.906103972870213283e+02 8.598667677262019424e+02 8.210442781148457243e+02 7.734359753661229888e+02 7.218013257396216886e+02 6.727109624323767321e+02 6.768637334530292264e+02 6.810183574998218319e+02 6.851797955450097106e+02 6.893449670306689541e+02 6.935120105568393001e+02 7.011373942259878049e+02 7.087721561328061171e+02 7.164257823945838481e+02 7.241079947377611461e+02 7.318288788380456253e+02 7.395990260796393159e+02 7.474245921808712865e+02 7.553121447152383325e+02 7.632633518292201416e+02 7.712910319817200389e+02 7.794034332434802081e+02 7.876095747354250989e+02 7.959069632969059285e+02 8.042926435745584968e+02 8.127631792516833684e+02 8.213146390814620190e+02 8.299425887163861262e+02 8.386420892787148205e+02 8.849991112447852402e+02 9.147247932873832497e+02
7.833744570555081737e+02 8.370704856453519369e+02 8.742591671195332310e+02 8.847681891450345120e+02 8.769278398384569755e+02 8.613919769054022026e+02 8.390251438557331767e+02 8.065797339386693920e+02 7.667891333104722662e+02 7.183246676945387890e+02 6.644566935428202896e+02 6.685832233120789851e+02 7.067393881079856328e+02 7.212235974685563633e+02 7.286824501775247427e+02 7.264562129751572002e+02 7.060513943639907666e+02 7.413919447192299685e+02 7.618338681673664041e+02 7.749949837622265250e+02 7.843665746410010797e+02 7.916607708990725314e+02 7.976654761206822286e+02 8.022707575223137155e+02 8.098970032724170096e+02 8.150590510216294433e+02 8.205371182100935812e+02 8.264753490891698675e+02 8.368557626085872698e+02 8.477028581492447756e+02 8.579620521723866204e+02 8.660560852627089616e+02 8.712988227074106362e+02 8.689156849171361046e+02 8.479228461458189940e+02 8.600892890252318921e+02 8.723003625885515930e+02
7.674682775470606657e+02 8.168755550324711976e+02 8.452069981967135845e+02 8.465132694979320149e+02 8.325189651462848133e+02 8.120691882947312479e+02 7.856182560780021049e+02 7.501533006735749041e+02 7.074931554911250942e+02 6.562198471317427675e+02 6.603313717370659788e+02 6.939050761394928486e+02 7.327244331203196452e+02 7.568126535094770588e+02 7.649351656271396678e+02 7.535537366394468108e+02 7.186154227142047830e+02 7.696022307407350809e+02 8.058031105143236346e+02 8.279877506915222511e+02 8.418587390375184896e+02 8.508078325463989131e+02 8.567959858218439422e+02 8.608628371822242116e+02 8.667773975945233360e+02 8.699054073293837064e+02 8.723328877391525111e+02 8.757214570670677176e+02 8.886515019210914943e+02 9.005394560665672543e+02 9.108328142263117115e+02 9.164945848606688514e+02 9.153016787451746268e+02 8.990543736611847407e+02 8.607957980409169068e+02 9.002276239496155767e+02 9.250989862135156727e+02
7.500098982025167516e+02 7.937862573635761692e+02 8.127278945764157925e+02 8.070840361047178249e+02 7.878264941127916927e+02 7.629275600224494838e+02 7.325608438959500290e+02 6.939127549003940203e+02 6.480015664764098346e+02 6.521101112856066493e+02 7.062126580931305853e+02 7.386903012819097967e+02 7.693449560723189506e+02 7.918394930599240524e+02 7.964397482760695084e+02 7.749293816825587555e+02 7.312543161319359797e+02 7.893571509378131168e+02 8.378830119960294951e+02 8.727993148733755788e+02 8.943406158454376964e+02 9.074748955736019980e+02 9.154842049976267617e+02 9.206817397950399027e+02 9.254308698721442852e+02 9.272875935023625971e+02 9.271789906157462156e+02 9.275169633871266797e+02 9.417854207560159239e+02 9.536567872529323040e+02 9.624002109583217361e+02 9.636203525232510856e+02 9.538289058074346940e+02 9.232630630977312194e+02 8.737226671026008944e+02 9.279466571334435230e+02 9.684349872955064029e+02
7.319988228697502564e+02 7.694716818166705252e+02 7.792330021896648304e+02 7.673327491532946851e+02 7.435324495141957186e+02 7.148359144284379454e+02 6.810635445977012523e+02 6.397910134603839651e+02 6.438953997662629263e+02 7.019778634607990853e+02 7.518621174458396581e+02 7.819383066819099213e+02 8.072566996967059367e+02 8.256545065533281331e+02 8.231684658301765012e+02 7.925134689669407635e+02 7.439953771763285886e+02 8.044908859717646692e+02 8.593166600664945918e+02 9.053726700027577863e+02 9.385070991275648566e+02 9.589312834243341968e+02 9.713013165277841381e+02 9.789408873418477697e+02 9.843659115512099334e+02 9.858959350808750060e+02 9.849070548902246856e+02 9.823627370159919110e+02 9.962130703307558406e+02 1.006559446257968034e+03 1.011990944818856178e+03 1.006585721272305591e+03 9.851302349319554423e+02 9.426645764412687640e+02 8.867318444128652573e+02 9.472937220674721175e+02 9.992496567463624615e+02
7.139095885134527180e+02 7.444044728821560284e+02 7.452029280383882224e+02 7.275803942407785598e+02 6.999707213484425665e+02 6.682353577374061615e+02 6.315946570943406186e+02 6.356901801432115917e+02 6.874848191027675739e+02 7.460761363328001607e+02 7.937522865841530120e+02 8.238886198563541257e+02 8.449465950274330908e+02 8.580499402122002266e+02 8.468535896581130373e+02 8.095338144203376487e+02 7.568949772078481146e+02 8.168483406435231018e+02 8.738296311878052620e+02 9.256985470697826486e+02 9.695154285657541777e+02 1.001263422825257749e+03 1.021096422934620932e+03 1.033482503240438064e+03 1.041669364580421416e+03 1.044364586522081026e+03 1.043652567788225269e+03 1.040953998096547821e+03 1.051625565343598510e+03 1.058420878948845939e+03 1.058569006232529546e+03 1.044566042884217268e+03 1.010929258692899907e+03 9.603705172677005066e+02 8.998821908662367832e+02 9.620897283423889803e+02 1.019418808229906972e+03
6.963048268478131604e+02 7.177758809592015723e+02 7.103570886831779490e+02 6.877649378317087212e+02 6.572260257188703463e+02 6.234130116870463780e+02 6.275032481954806372e+02 6.935404884058518746e+02 7.509956794876196682e+02 8.030982486945497385e+02 8.415509922797484705e+02 8.663608827206907108e+02 8.819287167308751805e+02 8.886145838042157266e+02 8.681026847178554817e+02 8.253197257086650325e+02 7.699881284363081022e+02 8.271729971737527194e+02 8.832715751374280444e+02 9.370796008234349301e+02 9.865770515951164725e+02 1.028943495877291753e+03 1.060416153629288374e+03 1.080815273571579610e+03 1.094471832557287371e+03 1.100441234700046380e+03 1.101804208091669125e+03 1.101780251723036599e+03 1.106435587791499756e+03 1.107544328364998364e+03 1.099933773169771030e+03 1.073940063807727711e+03 1.030104264112986129e+03 9.748650851516043758e+02 9.132088921112666640e+02 9.741297411506670869e+02 1.032652401613376924e+03
6.766883534320883200e+02 6.883092093479920095e+02 6.743242277563235803e+02 6.476787576179909820e+02 6.152471475258571445e+02 6.193286231059855709e+02 6.799624928752547248e+02 7.421196813494145772e+02 8.009830114834981032e+02 8.526939178905801100e+02 8.881995354286138991e+02 9.079528101657953130e+02 9.171420346977013196e+02 9.151442784469571734e+02 8.851778952934413383e+02 8.383076432290363300e+02 7.833148094665542658e+02 8.351210524652170761e+02 8.879410053494071917e+02 9.410220648904852396e+02 9.927090589034577306e+02 1.040936278380366502e+03 1.083088577416443968e+03 1.115820186126718681e+03 1.138422134948256598e+03 1.150499314626141768e+03 1.155376799952515285e+03 1.156411050654016435e+03 1.157040748690213377e+03 1.151241421390018786e+03 1.132745771129068771e+03 1.095144052955822417e+03 1.045173558502611741e+03 9.878817131948007955e+02 9.267835224734021722e+02 9.840844683262141643e+02 1.040759735668954818e+03
6.560667347422441935e+02 6.574861920501730310e+02 6.372296568681274493e+02 6.071015916201118898e+02 6.111726362155417291e+02 6.674900598050470535e+02 7.263035445117975542e+02 7.862231088125428187e+02 8.441577070015451909e+02 8.953947477092063991e+02 9.312750282720089672e+02 9.473019787344081806e+02 9.500888440066227076e+02 9.382046887722272004e+02 8.998742296139819246e+02 8.482865081525714004e+02 7.969539409826531937e+02 8.379435594640783620e+02 8.863800409509312885e+02 9.376832972156890946e+02 9.895106693904858730e+02 1.040391542930123705e+03 1.088523448885011248e+03 1.131542529204720950e+03 1.166890720541585551e+03 1.189952094268504425e+03 1.200929309390473691e+03 1.203551364870682619e+03 1.200722204654860889e+03 1.186926608046155707e+03 1.156280067106190472e+03 1.110841719925866528e+03 1.057507380629752106e+03 1.000271906299669809e+03 9.407256952033937978e+02 9.938486634214310698e+02 1.046966435123257497e+03
