_codes/_figurecodes/_data/lowRvar/steadystate/20m_HalfMtrThresh_Diffusion_Tc1/topographic_elevation_depth20m_tc1.asc
ncols 200
nrows 200
xllcorner 0.0
yllcorner 0.0
cellsize 50.0
[rows 153 to 169 of 200, columns 111 to 147 of 200]
5.205309513352947306e+02 5.826979162758049142e+02 6.362925716066772566e+02 6.732165289880946375e+02 6.810712873105341032e+02 6.551980639133921613e+02 6.091940689454070252e+02 5.523900116250570136e+02 4.908636739855956534e+02 5.538927087998447405e+02 6.095312446835498577e+02 6.502818105303841776e+02 6.651067229745981422e+02 6.510301797632389480e+02 6.117179726066524381e+02 5.580138708932735199e+02 4.970762889188296185e+02 5.460587187315110214e+02 5.971103433458525842e+02 6.511285206637663805e+02 7.084178500467822914e+02 7.681647973123681368e+02 8.271874525706882650e+02 8.817354680398494793e+02 9.264582484392910828e+02 9.534761942234687240e+02 9.511421141344354737e+02 9.204479251794342645e+02 8.723180959796840170e+02 8.143041907178578640e+02 7.516919623755622979e+02 6.886528953801522448e+02 6.300617941712978336e+02 5.752165457224359670e+02 5.234218741394769268e+02 4.741767923196338188e+02 5.290573596584634970e+02
5.470937251921590132e+02 6.074557036783486410e+02 6.594500277649689224e+02 6.948262592306257375e+02 7.009301493812282615e+02 6.738693813738119616e+02 6.270611471042190033e+02 5.697265381970561293e+02 5.078404996712174011e+02 5.714715440031757225e+02 6.279145717968860936e+02 6.696313674507273390e+02 6.854083788599040190e+02 6.678195688899676270e+02 6.257412683862138465e+02 5.702300022672427531e+02 5.090062081165300469e+02 5.551962432299114880e+02 6.043019175238849812e+02 6.571618852704543770e+02 7.137111941205143921e+02 7.730021384403765978e+02 8.325277504415502108e+02 8.882174194505296327e+02 9.342910228352980084e+02 9.622601762233954332e+02 9.596181562879344256e+02 9.277108195289451942e+02 8.784245900574719599e+02 8.198216633381595102e+02 7.572863703894219043e+02 6.943536540272899629e+02 6.357625362384770824e+02 5.809172838835825132e+02 5.291226163178454271e+02 4.798775364212546606e+02 5.320579601794850078e+02
5.760783981544235530e+02 6.320716434037925637e+02 6.822993252477137958e+02 7.163329277405986204e+02 7.211351569393518730e+02 6.930181643893836281e+02 6.454529988657641297e+02 5.876168613665348630e+02 5.253866119604369942e+02 5.892816399360220885e+02 6.460520458876895873e+02 6.880033263198196209e+02 7.031754343044472080e+02 6.823558863345264172e+02 6.378530634244333442e+02 5.800932133681269534e+02 5.212169718806856054e+02 5.592271688234869771e+02 6.059046257071449872e+02 6.582284062560560187e+02 7.150328286334034829e+02 7.753345433457569698e+02 8.364668068269631931e+02 8.935064349492374731e+02 9.406190776674877725e+02 9.692118478154787908e+02 9.665675111428334958e+02 9.342109705594554043e+02 8.844627067307881134e+02 8.256069598244323515e+02 7.630234816555439465e+02 7.000794179278932461e+02 6.414882822487422800e+02 5.866430250024919815e+02 5.348483615756094878e+02 4.856032847195412501e+02 5.319014832574788443e+02
6.084231901234852558e+02 6.519561189426665351e+02 7.037510272128989754e+02 7.372297780305667629e+02 7.418947568600067370e+02 7.126918905585953325e+02 6.643586818796421767e+02 6.060808814635780664e+02 5.435710661177508882e+02 6.073831910323166312e+02 6.641786319894712278e+02 7.063315667959421944e+02 7.213506339336933024e+02 7.002288305754541398e+02 6.534225293494387188e+02 5.855510017855597198e+02 5.337563605415517713e+02 5.465494454808358569e+02 5.983440751224524092e+02 6.531893288291120143e+02 7.117805077241479239e+02 7.751337790296681760e+02 8.401032116736895432e+02 8.985760935683767912e+02 9.463360138648968132e+02 9.752292746193527364e+02 9.726267677296042393e+02 9.401698785261879721e+02 8.903456834732683092e+02 8.314803619492419102e+02 7.688726602239834165e+02 7.058323832867789633e+02 6.472412283735877736e+02 5.923959651227187351e+02 5.406013058389072512e+02 4.913562330541400343e+02 5.272623709928161588e+02
6.872809793838126780e+02 7.139416566692889319e+02 7.462605139014859787e+02 7.669073657314299908e+02 7.646993254906423090e+02 7.329231416536850929e+02 6.836665361707241573e+02 6.251001048950648737e+02 5.624784876189319220e+02 6.256291523360548581e+02 6.821286631088555623e+02 7.250742778752816093e+02 7.434676177742094296e+02 7.283958643676173779e+02 6.888479532716987705e+02 6.379739243032585136e+02 5.934510757059726984e+02 5.595861489348088753e+02 6.113807705002947159e+02 6.662260515348220906e+02 7.248172879156400086e+02 7.862993559182690433e+02 8.477774338801552858e+02 9.049111932202962407e+02 9.520850427176145558e+02 9.807011371647640772e+02 9.779810068708276276e+02 9.455973456037564802e+02 8.960117790310904411e+02 8.374690676364984938e+02 7.749588255066892089e+02 7.116055731608865926e+02 6.530143976811150424e+02 5.981691271953254727e+02 5.463744719274454837e+02 4.971294041696713180e+02 5.035821891505353847e+02
7.470085607622669386e+02 7.625054863272180228e+02 7.830536097650270904e+02 7.947036522065069448e+02 7.862842749359682557e+02 7.524802244433103624e+02 7.028817244720678445e+02 6.445547731995627601e+02 5.822145385686267218e+02 6.433704482385078336e+02 6.987175384689296607e+02 7.419631507308419032e+02 7.639710515133709805e+02 7.533544556686180158e+02 7.182593979019540029e+02 6.716469984926495727e+02 6.225657862854551468e+02 5.728826554465268828e+02 6.246772749817192789e+02 6.795225934965768602e+02 7.371593123665655867e+02 7.964175242655868487e+02 8.555813462079081546e+02 9.111059240075182970e+02 9.572888968199571309e+02 9.853482897476405924e+02 9.824075683834578285e+02 9.502202300486903823e+02 9.012206011062413609e+02 8.437433122939207806e+02 7.830619132910493363e+02 7.224542941750700038e+02 6.640348441107751114e+02 6.091895547005373146e+02 5.573949055943451185e+02 5.081498504171025274e+02 5.277523837295484554e+02
7.713294009748997269e+02 7.875477485577164316e+02 8.047055720792957345e+02 8.139166649418756379e+02 8.032596456497482222e+02 7.698308731213858209e+02 7.213064181915382278e+02 6.642571124349553884e+02 6.030459934285755708e+02 6.625151461902290748e+02 7.163975868623718952e+02 7.591240440868180031e+02 7.820182817874843977e+02 7.732691762569552338e+02 7.398233572217667415e+02 6.936911109359438115e+02 6.417745754939993503e+02 5.865869706108803712e+02 6.383815970150648127e+02 6.918920568321617566e+02 7.472966351413872417e+02 8.043415803837867770e+02 8.615966342889890939e+02 9.157517353698505076e+02 9.610575584419399320e+02 9.885931867351757774e+02 9.854050543172481866e+02 9.533836535183156684e+02 9.049739589545217768e+02 8.485909237905576674e+02 7.895605274988923838e+02 7.309953623253993555e+02 6.744600003980485781e+02 6.203735025014743769e+02 5.685788569401183850e+02 5.193338170582322846e+02 5.493567262238399280e+02
7.558358917640076697e+02 7.779517228422103017e+02 7.990401130086446528e+02 8.165185387077995074e+02 8.127920631824608790e+02 7.837892143770289977e+02 7.381142086786497885e+02 6.837715794112747290e+02 6.252059171774353672e+02 6.819910550783371264e+02 7.335308593908810053e+02 7.749461401795202846e+02 7.970162138905282063e+02 7.876912030323462659e+02 7.544890771892152088e+02 7.088317903593484743e+02 6.567402499546966510e+02 6.007440148388013768e+02 6.507746235307026836e+02 7.015078969225636456e+02 7.538708881616638564e+02 8.085124510967372089e+02 8.642722871592002321e+02 9.176783777499941834e+02 9.626316953919849766e+02 9.899312229342995124e+02 9.864881926262370371e+02 9.543955715947392946e+02 9.062318253822268161e+02 8.505873094283788305e+02 7.929139670280304699e+02 7.362685638592624855e+02 6.819448138461749522e+02 6.299879313546024378e+02 5.797443756248037516e+02 5.307073602275812618e+02 5.693062999767695374e+02
7.132049979164580691e+02 7.407544374390305393e+02 7.693616134253527434e+02 8.030607245187244416e+02 8.155351989791124652e+02 7.946256864280582022e+02 7.521149335557622635e+02 7.017791094192260744e+02 6.490265707674058149e+02 7.000438555487213534e+02 7.479128931047713422e+02 7.883205052877618755e+02 8.083346927503495181e+02 7.956956022236490753e+02 7.618059387041384980e+02 7.178072863885928427e+02 6.685277347330811608e+02 6.154078269582357734e+02 6.612584476316867494e+02 7.068367271362023985e+02 7.543803233297950328e+02 8.066425327485427488e+02 8.620622015412228620e+02 9.161162310520165875e+02 9.617310532733514492e+02 9.892788132044495342e+02 9.855014328365894016e+02 9.528266550102575820e+02 9.041382027549359464e+02 8.483950065938594207e+02 7.914680390796119127e+02 7.366386857941915878e+02 6.852017785023705301e+02 6.368340415807261934e+02 5.895423392685016779e+02 5.422816322107502174e+02 5.881160699060276329e+02
6.553792151985717283e+02 6.866333488899842905e+02 7.223844071277770809e+02 7.809759633688961458e+02 8.162299340922498914e+02 8.058605846511834443e+02 7.605666263167859142e+02 7.134953038480334726e+02 6.750118256271704240e+02 7.116009249904006992e+02 7.551342050218723898e+02 7.998975643200237755e+02 8.162898282742488618e+02 7.949570932461481334e+02 7.586815210608663165e+02 7.180606481104676959e+02 6.755489020645040910e+02 6.306444163676189874e+02 6.679381667136040051e+02 7.041210884808529045e+02 7.433631704857107252e+02 7.953079331877888762e+02 8.537944356995640192e+02 9.113738977007320727e+02 9.590758736989191675e+02 9.873302198137391770e+02 9.829349762622405251e+02 9.488578751493666914e+02 8.983152694504530018e+02 8.407709898183505857e+02 7.831098707906106711e+02 7.292558914803846619e+02 6.811754619139055649e+02 6.395174802235455900e+02 5.978863762559514043e+02 5.540689487498258359e+02 6.047726927991932371e+02
7.199634837386938671e+02 7.481095388365141616e+02 7.741796307900214060e+02 8.196108190705319885e+02 8.457912407838409763e+02 8.414904503830304066e+02 8.129562652718879008e+02 7.758002766674262602e+02 7.383649661708999474e+02 7.731068689308827970e+02 8.061423779896593942e+02 8.309841881104746335e+02 8.268721525842440769e+02 7.849886069932060764e+02 7.414551747106559105e+02 7.057040447398919696e+02 6.744498822285622737e+02 6.465902446751232446e+02 6.656939353381169440e+02 6.858926764540181011e+02 7.075788869988265333e+02 7.709322553804566951e+02 8.406437228763680878e+02 9.066243740038039505e+02 9.570070920647885941e+02 9.857243012345845727e+02 9.801530367811695896e+02 9.437780725650167142e+02 8.895920088114140754e+02 8.270381596612912745e+02 7.655642445281330311e+02 7.096318027568886464e+02 6.620611513310876717e+02 6.349672371279912113e+02 6.043596804912517655e+02 5.661043076130483769e+02 6.223726212603384056e+02
7.808774023865430536e+02 8.075045162372857703e+02 8.342924819136361521e+02 8.646981334315445338e+02 8.834478291779065557e+02 8.827548557824718500e+02 8.649739144512305984e+02 8.377276966177001896e+02 8.080762494097166382e+02 8.352483367572845054e+02 8.583245633444092846e+02 8.717240980327884472e+02 8.645982906115453943e+02 8.357016220706110516e+02 7.994189236782935950e+02 7.642955403588823629e+02 7.292954280782080332e+02 6.983850461318578482e+02 7.125481267308554152e+02 7.242823547088534042e+02 7.302491554742186963e+02 7.915302945455056260e+02 8.533153466892867982e+02 9.115258163564946017e+02 9.589582692331948692e+02 9.863113795810319289e+02 9.792098217553135555e+02 9.405519088712676421e+02 8.817457811564560188e+02 8.080048530503390793e+02 7.382935741323797174e+02 6.749404885336734878e+02 6.163495806209829198e+02 6.035302106749725226e+02 5.908150592501142455e+02 5.782262974420450519e+02 6.424900675569392661e+02
8.329340216090076865e+02 8.577365632470892933e+02 8.820966956826136993e+02 9.052679830946033235e+02 9.203405879623902592e+02 9.228726438071915936e+02 9.138437550501004125e+02 8.980527389333522024e+02 8.867651502040880587e+02 8.976135205775905206e+02 9.110008108977738175e+02 9.173250710201947413e+02 9.090038285033361944e+02 8.866440811043125905e+02 8.557786190594881646e+02 8.228276524632708515e+02 7.878870259130342220e+02 7.532307288443169000e+02 7.601088885931461618e+02 7.619484037412746602e+02 7.540700548662829306e+02 8.104538225141877774e+02 8.655057105047779942e+02 9.176285964015165746e+02 9.620046196696881680e+02 9.886756767329635522e+02 9.817604685568974219e+02 9.435243748098200740e+02 8.864175445656381953e+02 8.195294860324805768e+02 7.515016788443641644e+02 6.881485037253091832e+02 6.295575425725414789e+02 6.408191524959747767e+02 6.342569953195642256e+02 6.157225153729447129e+02 6.722459492398445491e+02
8.681583625780531293e+02 8.906958432511319188e+02 9.122745813818656870e+02 9.317356310030158966e+02 9.457828633139642989e+02 9.521306331983831797e+02 9.511745201979383637e+02 9.452860455216193714e+02 9.430156351907020280e+02 9.498578786209847067e+02 9.584304470037607189e+02 9.616620901416828247e+02 9.538823593730267021e+02 9.362530979892247842e+02 9.102695559703632853e+02 8.806708367340132781e+02 8.473619513393790612e+02 8.118223989375198926e+02 8.098021546339815586e+02 8.009052178584904595e+02 7.792625671078346841e+02 8.267926900886373005e+02 8.730047078824123901e+02 9.188938888075800833e+02 9.623586439834432440e+02 9.916466830115280118e+02 9.874005147491438947e+02 9.506849418726592376e+02 8.954224465117144973e+02 8.313212500355650718e+02 7.649194755451574110e+02 7.015662054288774243e+02 6.429751741296786349e+02 6.725977440259787272e+02 6.757476823594925008e+02 6.564723123700986207e+02 7.035433199663351616e+02
8.747223069656448615e+02 8.942575016172899041e+02 9.130588276432811199e+02 9.305030860318021269e+02 9.453468504908612431e+02 9.567595065160785452e+02 9.648396284618515892e+02 9.697887545516450700e+02 9.751007708532093829e+02 9.835566584023308678e+02 9.922121001303804633e+02 9.966177584684787689e+02 9.922757019278119515e+02 9.803840231549565942e+02 9.604294884207048426e+02 9.361201179111042165e+02 9.068936079447913698e+02 8.751759853213287670e+02 8.630245011288661772e+02 8.436927816998307890e+02 8.061311120963916892e+02 8.355265094621505568e+02 8.684672701814999982e+02 9.069511611184416324e+02 9.561967887379269087e+02 9.963601909681675579e+02 9.966885149348435107e+02 9.609074347870106294e+02 9.065112517010942383e+02 8.437223952287773727e+02 7.785584877693380577e+02 7.152051202426388272e+02 6.566140024939890054e+02 7.003205474294394435e+02 7.216354488630122432e+02 7.291665002349193401e+02 7.534885417614443668e+02
8.490200239697769575e+02 8.661681772407819153e+02 8.834522080460151301e+02 9.003415696123449834e+02 9.163239038863788437e+02 9.312080973223173714e+02 9.453919091228409570e+02 9.600042910409293881e+02 9.733529225188379996e+02 9.870067720496144830e+02 1.000197976415512017e+03 1.010749213348549802e+03 1.014932237539409243e+03 1.012093181136173939e+03 1.001340154474419251e+03 9.855845953725722666e+02 9.636796678743673965e+02 9.394976040613418036e+02 9.201604722807416010e+02 8.968490099877469675e+02 8.647230090219238718e+02 8.941183588454217670e+02 9.270590036389753550e+02 9.623647389068029270e+02 9.982389457027633171e+02 1.022047366783720122e+03 1.012997962146565669e+03 9.738808115708318383e+02 9.186162994741923740e+02 8.561814382288872594e+02 7.920586658573979548e+02 7.291124037479253275e+02 6.705211845580515728e+02 7.245359497414581256e+02 7.616509670622114072e+02 7.820686074033292243e+02 7.988947543831164921e+02
8.029538608959654766e+02 8.188886226128603312e+02 8.354952966711006184e+02 8.523552776179377588e+02 8.692500731341214077e+02 8.862372133013998337e+02 9.037802274640198448e+02 9.228450668261468763e+02 9.407948478813417523e+02 9.586514402907519070e+02 9.764984089975014285e+02 9.937832452969287260e+02 1.009795814133430326e+03 1.020831731864406038e+03 1.025184602741968092e+03 1.023166821965488452e+03 1.012468664867144639e+03 9.961492770382161552e+02 9.777718030566733205e+02 9.554986024286561133e+02 9.280765768385278989e+02 9.574718069165229508e+02 9.867418124409855409e+02 1.015225141621738317e+03 1.039950679920365246e+03 1.051033457226471000e+03 1.031510052779799935e+03 9.875164035546873720e+02 9.303465225743038900e+02 8.674829731399127013e+02 8.041346225392998122e+02 7.430547985295122544e+02 6.847151745516866868e+02 7.434656552853840594e+02 7.909548987084875762e+02 8.220498477341112675e+02 8.373861663771824624e+02
