_codes/_figurecodes/_data/lowRvar/steadystate/20m_HalfMtrThresh_Diffusion_Tc1/topographic_elevation_depth20m_tc1.asc
ncols 200
nrows 200
xllcorner 0.0
yllcorner 0.0
cellsize 50.0
[rows 102 to 118 of 200, columns 148 to 184 of 200]
7.214416821490054872e+02 7.316868244039399087e+02 7.417221095428241142e+02 7.509931620642792041e+02 7.586279407815659397e+02 7.630909704535955598e+02 7.618153978006449734e+02 7.547260421388227769e+02 7.427192668266376359e+02 7.897908266720731945e+02 8.389194019778502707e+02 8.899990319298344730e+02 9.437574010264108892e+02 1.000859470671249937e+03 1.061876309086271249e+03 1.126494159279489395e+03 1.190758523252347914e+03 1.250049601253058654e+03 1.299059405067664784e+03 1.330874143441832302e+03 1.343112514932840440e+03 1.344239687905176197e+03 1.342096044771212746e+03 1.338147414974150024e+03 1.327415215664627112e+03 1.304129521216131707e+03 1.267183144342779315e+03 1.221379339334878750e+03 1.170635419809916129e+03 1.117644256705475300e+03 1.064728834335366628e+03 1.013439599930270788e+03 9.623955884436214774e+02 1.012462234852058828e+03 1.063366488537709301e+03 1.117419340234961055e+03 1.173552069751325234e+03
6.608469949532242254e+02 6.714091091158109066e+02 6.820357600503759841e+02 6.924521879560273874e+02 7.021744820383622709e+02 7.100673931851456473e+02 7.129019169756348902e+02 7.016261030890949542e+02 7.214746029191238677e+02 7.685460149325339216e+02 8.177918757406287114e+02 8.695874412336920614e+02 9.244334601189001432e+02 9.830249905232938090e+02 1.046378142163972143e+03 1.116089008284468036e+03 1.181894590221402495e+03 1.238124106543239805e+03 1.279469296494297168e+03 1.298389852367845833e+03 1.300369933430632955e+03 1.294817297591634997e+03 1.291113331166773150e+03 1.290926070245774781e+03 1.288311340000269411e+03 1.278522213037571191e+03 1.255302055796791592e+03 1.217446351641488718e+03 1.169805982828922424e+03 1.116432198037594617e+03 1.060432485679821866e+03 1.003730685787979041e+03 9.469669551587309115e+02 1.000774254847493353e+03 1.055965499691420519e+03 1.112951639230405590e+03 1.170859999302814458e+03
5.990403012158411684e+02 6.099818717924691782e+02 6.211657895093815114e+02 6.326290751725224482e+02 6.444163487526543577e+02 6.565602997255001583e+02 6.690996519459014280e+02 6.821085051395735945e+02 7.233253585594669630e+02 7.691224537828467192e+02 8.184863222852344506e+02 8.712363193054496833e+02 9.275436831819258714e+02 9.876115356407228774e+02 1.051103105535204350e+03 1.116012331760473899e+03 1.176596755626330605e+03 1.225974349230693406e+03 1.255330560270107071e+03 1.259758884388168099e+03 1.251119507185152315e+03 1.237244221040447655e+03 1.231417908801394560e+03 1.235291805402306636e+03 1.238478649055143478e+03 1.238766779179974037e+03 1.229740303975700272e+03 1.204396606163058095e+03 1.162745284371301523e+03 1.110730211970458640e+03 1.053094508920139333e+03 9.929677937897228048e+02 9.321771272068026519e+02 9.870227502047309827e+02 1.044717220768648758e+03 1.103985025049707929e+03 1.163545513314834807e+03
6.508348931009688840e+02 6.592268494804552574e+02 6.682366042120894463e+02 6.778159404719870054e+02 6.892832119586541921e+02 6.991400111122306953e+02 7.052420020924763548e+02 6.988227814599174508e+02 7.162942780674143251e+02 7.636636944496403885e+02 8.141497232926526522e+02 8.679936512851177213e+02 9.255333539030546035e+02 9.869593803124372471e+02 1.051262143030296329e+03 1.113914829297812048e+03 1.169347335999017560e+03 1.209856725644973039e+03 1.224856173580386212e+03 1.216828538438111536e+03 1.198283723712688243e+03 1.173891085439931885e+03 1.168064786803440029e+03 1.175332824916946720e+03 1.181409090346045559e+03 1.189959278370723951e+03 1.192098557877514850e+03 1.180785193051698570e+03 1.149116500948589191e+03 1.100784474419585194e+03 1.043320144358406424e+03 9.814246402539394012e+02 9.179080874407451347e+02 9.727538059226734504e+02 1.031344990913086349e+03 1.092442680021550586e+03 1.153384258934580657e+03
7.056802737690954928e+02 7.110216958011455972e+02 7.174818509518969449e+02 7.248870394737400602e+02 7.355014660526451280e+02 7.434392055285254628e+02 7.468800008462332016e+02 7.426909837242994854e+02 7.345642202702827035e+02 7.537688411817384804e+02 8.055643636763763880e+02 8.604105696630306284e+02 9.190023710862308235e+02 9.823557404421128467e+02 1.050317675797912898e+03 1.111595958268542063e+03 1.161608496157469290e+03 1.191939062091289088e+03 1.191658774752009776e+03 1.171425553751829966e+03 1.145370817712063854e+03 1.115299906833181012e+03 1.109473607995254952e+03 1.114921142173940780e+03 1.118394248569246201e+03 1.135929026711147571e+03 1.147573307842795430e+03 1.147430329176680971e+03 1.127775955305353364e+03 1.085472040342504897e+03 1.030201592286899313e+03 9.683658018823343809e+02 9.040693819918017198e+02 9.589152041403521025e+02 1.017506450623702221e+03 1.079791469749335192e+03 1.141706504982990964e+03
7.638179022010389190e+02 7.658674274016090067e+02 7.692770402132019854e+02 7.741326211443731609e+02 7.837589580352369012e+02 7.901537449439924785e+02 7.920317192506709034e+02 7.881238281610254717e+02 7.803323637309028982e+02 7.739678406453327852e+02 8.187251441622095172e+02 8.712283515162534968e+02 9.294002520112007915e+02 9.917757625300745303e+02 1.055072218291488525e+03 1.112413604490696571e+03 1.155698359256330605e+03 1.173270801392917292e+03 1.156725727986277434e+03 1.123156662568250795e+03 1.092810296654211925e+03 1.060454511834269852e+03 1.054628197230034630e+03 1.056419904466535627e+03 1.055041279728736754e+03 1.080416270562591535e+03 1.099954909925665334e+03 1.109939042547204281e+03 1.102473015643095778e+03 1.067642235865230759e+03 1.015817677124953775e+03 9.550066635937600950e+02 8.906205828478309741e+02 9.454665129734257789e+02 1.004057830522269342e+03 1.066897813921256329e+03 1.129373150962783939e+03
8.234507123772121986e+02 8.243184369018126745e+02 8.241230305440465145e+02 8.259280536651517650e+02 8.345416497407267116e+02 8.395699063490668550e+02 8.400195704313886154e+02 8.346965584879948210e+02 8.221911653035713243e+02 7.952126991449767957e+02 8.177088725297094243e+02 8.726919732811327322e+02 9.327090885631045012e+02 9.965485852493143284e+02 1.058674405780072675e+03 1.112739486088862122e+03 1.149224758559376141e+03 1.152973207255044827e+03 1.120556604614350135e+03 1.068915019278017553e+03 1.040576081443714884e+03 1.008659652293487170e+03 1.002833306448585745e+03 1.001571919670116699e+03 9.964500620299571665e+02 1.025801570521210806e+03 1.050953792760034503e+03 1.070611219901421464e+03 1.075045558913171362e+03 1.049761130424661360e+03 1.002065169638066664e+03 9.424787830410515426e+02 8.775273236414798248e+02 9.323733613020764324e+02 9.909647579338661671e+02 1.054061815455674832e+03 1.116831413379342621e+03
8.830883717919801938e+02 8.837199023610229460e+02 8.826486138016126688e+02 8.807741093136687596e+02 8.882208687454244682e+02 8.919430799816401532e+02 8.911752249017150689e+02 8.848644805345887789e+02 8.717542648654714412e+02 8.500589708232479325e+02 8.415300312922207695e+02 8.669780636393160194e+02 9.303316901157432994e+02 1.000042771348518954e+03 1.062645358116526040e+03 1.114635004509651708e+03 1.146617238552895060e+03 1.142772835416741373e+03 1.101233635677032908e+03 1.028165060135614794e+03 9.906685938828721874e+02 9.594143022026745484e+02 9.535879108297401672e+02 9.502551481914224496e+02 9.416043775898834838e+02 9.723004141671233356e+02 1.000235405758760180e+03 1.030443749775219203e+03 1.045601682848222708e+03 1.029686829791968421e+03 9.866182959318063013e+02 9.290058121210112176e+02 8.647339469445297482e+02 9.195800866537119873e+02 9.781715683729777311e+02 1.041387639264178688e+03 1.104299737397622494e+03
9.404804045688197220e+02 9.426131832601296310e+02 9.419061836852450824e+02 9.393657850316551503e+02 9.448746075464941896e+02 9.472143583943545764e+02 9.454911007346559018e+02 9.388033500783895988e+02 9.264748552191297222e+02 9.086508369565759722e+02 8.993210641787286477e+02 8.941640350574342619e+02 9.489390876167310580e+02 1.010647126632068648e+03 1.069765852875504379e+03 1.119610561708413343e+03 1.149137675848179015e+03 1.143389749098868606e+03 1.105344172910467705e+03 1.049867653856885454e+03 9.949301210675725997e+02 9.322285395807490431e+02 9.065164834238710228e+02 9.028998534293866669e+02 8.898089935855100521e+02 9.199509584422803528e+02 9.450759325868260703e+02 9.911966942334851183e+02 1.018391457408100223e+03 1.010420481357749168e+03 9.712492063739761079e+02 9.155361948617664893e+02 8.522187216990176921e+02 9.070649526167275098e+02 9.656565226849470491e+02 1.028917141633480696e+03 1.091884580784058926e+03
9.923628883103132239e+02 9.987715752061202465e+02 1.000705436950765943e+03 1.000835543226256618e+03 1.003530472690167244e+03 1.004544462430546787e+03 1.002184825927241945e+03 9.955653502398004093e+02 9.843502387362922263e+02 9.691294943516683134e+02 9.524339583422378155e+02 9.235593642408230153e+02 9.559045451367788928e+02 1.019743466663823597e+03 1.077025136097854556e+03 1.127015236291224483e+03 1.155191512916843521e+03 1.148009636549670404e+03 1.111488656895395934e+03 1.059994786562444006e+03 1.003379730660384325e+03 9.437532046031011532e+02 8.832943862795086716e+02 8.611339760714118938e+02 8.405629858376354377e+02 8.708406537085475065e+02 9.065921411346297418e+02 9.683210262050533856e+02 1.000294966330811576e+03 9.945399766106171455e+02 9.571326968013396481e+02 9.025675301414044043e+02 8.399624671225755037e+02 8.948087734993187041e+02 9.534004319894396531e+02 1.016663999383752866e+03 1.079635553679542909e+03
1.034260017517894994e+03 1.048820330136635221e+03 1.055685071994643977e+03 1.058624129260138488e+03 1.061238596483205811e+03 1.061867477685159201e+03 1.059394587831724721e+03 1.053217904001350234e+03 1.043159640565959990e+03 1.029436982137336827e+03 1.012060366041809402e+03 9.869126352130053874e+02 9.916556837931192376e+02 1.032405735801750325e+03 1.081650962822110614e+03 1.138410214446125792e+03 1.164279653454730123e+03 1.153055424134482337e+03 1.115454560077541601e+03 1.064887967559702247e+03 1.009656428185337631e+03 9.544631812625007115e+02 9.035666867540028306e+02 8.631154939830986450e+02 8.235179631385750554e+02 8.712671114883811470e+02 9.171676670302751972e+02 9.625208518529326511e+02 9.892690268593445353e+02 9.817705307042431286e+02 9.443831172975010304e+02 8.901999184959665854e+02 8.279481492774550588e+02 8.827945113821665473e+02 9.413862549474458774e+02 1.004628693522183312e+03 1.067572750570001745e+03
1.061142113279894375e+03 1.088756923626983507e+03 1.103425909330697777e+03 1.110556802925763122e+03 1.114734282990164047e+03 1.115889033227504569e+03 1.113844303390221512e+03 1.108523551775527267e+03 1.100017784500302923e+03 1.088571233949706084e+03 1.074293951534674534e+03 1.056623470389620934e+03 1.061366463551708875e+03 1.094642761924329307e+03 1.130537868933488653e+03 1.165789791992850951e+03 1.177171057190317470e+03 1.156015430948184758e+03 1.114850218029287134e+03 1.063434656925322770e+03 1.008370294853195674e+03 9.537808785907189986e+02 9.021543259701549005e+02 8.542927196626137629e+02 8.072320194085824596e+02 8.621247718299847520e+02 9.126741932344925772e+02 9.553782526058041640e+02 9.795432732305706622e+02 9.703186394582905905e+02 9.324704147782217660e+02 8.782952862107597412e+02 8.161605562400678764e+02 8.710069516599508006e+02 9.295987735565859111e+02 9.928060305685637559e+02 1.055701496838501498e+03
1.074146495584307331e+03 1.114145027400862318e+03 1.139851607175691925e+03 1.152734355531662914e+03 1.159356374254114371e+03 1.161475310590922618e+03 1.160147632251474079e+03 1.156015045147459432e+03 1.149580349186033800e+03 1.141406968524416925e+03 1.132307671613730918e+03 1.124277340988057631e+03 1.130002096669102229e+03 1.150448737435999192e+03 1.173982574775127205e+03 1.192378576117822149e+03 1.187192822768842689e+03 1.157036432500379533e+03 1.111526013139405904e+03 1.057991276393388944e+03 1.001634855601809363e+03 9.458749190328825307e+02 8.924129389763450035e+02 8.414179326538690020e+02 7.916539068094467666e+02 8.496527420508122077e+02 9.026484455532728362e+02 9.455920331591228205e+02 9.691113836840838758e+02 9.590887709685980553e+02 9.209219125633129579e+02 8.666893644112278707e+02 8.045860339581408880e+02 8.594324391050922713e+02 9.180243294740827196e+02 9.811901449644660715e+02 1.044022462236652700e+03
1.080285584912626973e+03 1.126338302521343849e+03 1.160208783830716357e+03 1.179705015657719514e+03 1.188198240662946091e+03 1.190673100056376597e+03 1.189752052459223250e+03 1.186850216653880807e+03 1.182864011508856265e+03 1.178614221751771765e+03 1.174995657248999805e+03 1.172982188153833704e+03 1.179186496454051394e+03 1.192413859118682694e+03 1.205487254671326127e+03 1.209545509977548591e+03 1.190675485731364233e+03 1.153570858477992942e+03 1.104374921055359891e+03 1.048472711337366263e+03 9.900437951181062317e+02 9.325781865924067233e+02 8.777321630446471090e+02 8.259365092208466876e+02 7.766904968244137990e+02 8.361595670514618632e+02 8.905291557641349982e+02 9.341611191882493586e+02 9.578347448352889160e+02 9.477235383379953646e+02 9.095014967790996252e+02 8.552785208457645467e+02 7.932122695440921234e+02 8.480586611785532796e+02 9.066506075578333821e+02 9.697800305548245206e+02 1.032543651211843326e+03
1.084870060081955899e+03 1.131084126465616691e+03 1.164972758873462681e+03 1.184775675060391677e+03 1.190953876914711827e+03 1.191335331042776033e+03 1.189588830890999361e+03 1.187542532584981245e+03 1.186195616099767676e+03 1.186547225333341657e+03 1.189589925446039160e+03 1.195026802341920302e+03 1.203162092914307550e+03 1.212999902754760342e+03 1.219279578988771391e+03 1.213118919730311291e+03 1.188479759382033080e+03 1.148102024985535081e+03 1.096743457452809480e+03 1.038702335428996548e+03 9.767859224376217071e+02 9.181943708971890601e+02 8.633482855682262880e+02 8.115526231300570998e+02 7.623066848701362233e+02 8.225127733664360221e+02 8.776862759469468074e+02 9.219435754608816751e+02 9.460273668221640264e+02 9.362116411682798116e+02 8.981401695397344156e+02 8.440177723056492596e+02 7.820281120505748049e+02 8.368744686431219861e+02 8.954664566522824316e+02 9.585880453069479472e+02 1.021305203806951340e+03
1.092922135872572653e+03 1.132495573470490172e+03 1.158272941267820897e+03 1.167354631829633945e+03 1.165810785480125105e+03 1.162180296582047731e+03 1.158572369956178363e+03 1.156429749552086150e+03 1.156245744168492593e+03 1.159135765600379273e+03 1.167017364366335642e+03 1.179362120440959188e+03 1.191264155493373664e+03 1.201383612920577207e+03 1.206398769169149318e+03 1.201179720475526210e+03 1.179694763161669471e+03 1.140615548926248266e+03 1.089747481350133512e+03 1.031939138798522208e+03 9.711489584919214622e+02 9.111898291732618418e+02 8.542308224957868106e+02 8.002293419817704034e+02 7.484338246463780706e+02 8.090300749623352203e+02 8.646963972168102828e+02 9.094474324858472301e+02 9.339896534410959248e+02 9.246404744782636271e+02 8.868437341991923404e+02 8.328949562464722476e+02 7.710234231417393858e+02 8.258697259322458422e+02 8.844617400534251601e+02 9.476485423191984410e+02 1.010447493299779921e+03
1.097669173327398539e+03 1.125022980146013424e+03 1.134954713556913930e+03 1.131402744994159775e+03 1.122039020844927109e+03 1.114247032726963653e+03 1.108365331640349723e+03 1.105815855038365726e+03 1.105664927467041252e+03 1.108983687916035024e+03 1.120526860606858691e+03 1.137375225435847824e+03 1.152930727793820097e+03 1.165615036615606869e+03 1.173351660612391242e+03 1.173100270915332203e+03 1.160603548083052601e+03 1.127517044023596327e+03 1.079946467728613243e+03 1.023607063032543806e+03 9.628056465149534233e+02 9.002186688755169826e+02 8.416267884593703457e+02 7.867805791043718955e+02 7.349851656516585763e+02 7.958120540296237095e+02 8.518017135791035344e+02 8.969383120275582542e+02 9.219191682785532294e+02 9.130955559999058551e+02 8.756369804517736384e+02 8.219097542614005079e+02 7.601889518016171223e+02 8.150351854755120939e+02 8.736272098481276771e+02 9.369808231261328046e+02 1.000435518578349729e+03
