_codes/_figurecodes/_data/lowRvar/nonsteady/20m_HalfMtrThresh_Diffusion_Tc1/topographic_elevation_depth20m_tc1.asc
nrows 200
cellsize 50.0
xllcorner 0.0
ncols 200
yllcorner 0.0
[rows 0 to 16 of 200, columns 111 to 147 of 200]
8.132441445409265045e-04 8.699065861353630531e-04 3.663096423056984210e-04 6.691934656470390494e-04 4.747667039911730291e-04 2.015652895687517474e-04 5.821947822812545480e-05 2.208326255956801745e-04 9.447027385200640684e-04 3.842799645841450456e-04 5.723668117626478117e-04 3.321820611860112123e-04 8.804047684890243652e-04 8.042480932665119469e-04 6.362651976531908055e-04 8.775734077971157187e-04 1.276703119532644922e-04 6.269028718395642293e-04 6.693530485709036195e-04 3.457256579336783647e-04 1.327545879723741678e-04 2.806340870409532585e-04 2.935311547532015615e-06 3.251159516571637781e-04 3.801752174539071603e-04 4.500895136802084292e-04 8.549383346305583086e-05 4.035690033570188168e-04 7.854905706503311500e-04 6.909718302409847621e-04 6.661684566845625308e-04 1.592411419306561814e-04 4.086057706178044678e-04 5.023980744228434677e-04 5.235600939739816538e-04 2.820538508925258636e-04 2.667971696371859041e-04
1.245676603008311304e+03 1.226736524323901904e+03 1.206936237183653020e+03 1.185546119735887032e+03 1.162464915469073958e+03 1.142794133442788507e+03 1.157512958698678631e+03 1.194615816755526112e+03 1.240085697488416372e+03 1.290505196940415317e+03 1.343405689142087340e+03 1.396341291283722057e+03 1.446338482067737232e+03 1.489346028118200593e+03 1.519531838612381080e+03 1.528129448207577298e+03 1.510083749304479625e+03 1.474078166420836624e+03 1.427521737684912068e+03 1.376272826351157846e+03 1.324924269949347490e+03 1.277368403882652501e+03 1.237892307854051978e+03 1.221113911735402780e+03 1.240953412040378680e+03 1.265452097885744251e+03 1.288950272567110915e+03 1.311199246287719461e+03 1.332631444674991144e+03 1.353460511574716065e+03 1.373514117334724688e+03 1.392178941904857084e+03 1.408589696791881579e+03 1.423192730274082578e+03 1.460107983370534839e+03 1.505929771840357034e+03 1.556406336619958893e+03
1.214579742676255364e+03 1.196055439680213567e+03 1.176773373606441055e+03 1.155461219395275521e+03 1.128799954401618152e+03 1.086744146559109822e+03 1.123546858715083090e+03 1.175693352871454636e+03 1.228722818171247127e+03 1.282759829596965346e+03 1.337162048243695153e+03 1.390237557145978599e+03 1.439403212538306661e+03 1.480880429975080006e+03 1.509336496311820383e+03 1.517626860322681750e+03 1.503475348423738524e+03 1.469100516407799887e+03 1.422452145270162873e+03 1.369479911835128632e+03 1.314293286387782018e+03 1.259065177274763300e+03 1.203122458071756228e+03 1.163554346289645537e+03 1.206555860004773194e+03 1.235040804228064871e+03 1.258713525671121261e+03 1.280659731526482346e+03 1.301942289951840166e+03 1.322892248779436159e+03 1.343375470997968250e+03 1.362645654560902813e+03 1.378828554814516565e+03 1.387741921543140506e+03 1.437482513516066547e+03 1.491119800390588125e+03 1.546760855895742225e+03
1.165256190088786525e+03 1.147447155568685957e+03 1.129402065049110206e+03 1.110427749914405013e+03 1.089004339741207787e+03 1.052996497585773341e+03 1.103658958172464963e+03 1.158162596925966227e+03 1.214902504603367788e+03 1.271607005593527902e+03 1.326889447633394184e+03 1.379053765438923847e+03 1.425777024606086570e+03 1.463384389381114261e+03 1.486830956010565842e+03 1.494684648683092519e+03 1.487183611085902612e+03 1.457000353632935685e+03 1.411522794510058930e+03 1.357344525480817083e+03 1.299119130739564525e+03 1.239816033793317047e+03 1.181737062696659223e+03 1.127800307315226291e+03 1.165783082967231621e+03 1.189561086155711109e+03 1.211234894458853887e+03 1.232243142031824391e+03 1.253195115067564075e+03 1.274320470562972787e+03 1.295611652241042066e+03 1.316581522951270244e+03 1.335573277576862210e+03 1.346987070561550581e+03 1.405584355398410480e+03 1.468797454961988251e+03 1.532536114626634799e+03
1.106369970458133594e+03 1.089299571822686175e+03 1.072562060862112730e+03 1.056136945637461849e+03 1.039949336249378803e+03 1.023878638935107233e+03 1.079000966577895724e+03 1.137949069821560443e+03 1.199754162979809962e+03 1.257874872704250492e+03 1.311964822055643481e+03 1.360468467722663945e+03 1.401675302942334383e+03 1.431378807231001474e+03 1.450645130276288000e+03 1.461177277644865853e+03 1.461990354426794511e+03 1.440180649588578945e+03 1.397649419661088587e+03 1.343272299757824840e+03 1.282717701255181510e+03 1.219002837063535026e+03 1.155641722635372616e+03 1.097046760181220179e+03 1.115858653661198787e+03 1.134864155302009294e+03 1.154276990620190190e+03 1.174242202625845721e+03 1.194815700357674359e+03 1.216063743015399950e+03 1.238227704388712709e+03 1.261453732119026427e+03 1.286164408678110249e+03 1.312731878282914067e+03 1.376092872338144161e+03 1.445809066043048233e+03 1.522121558838351575e+03
1.161279252783060429e+03 1.138634870320001937e+03 1.112996294565522476e+03 1.084321659531751948e+03 1.050011069088600607e+03 1.009589367121225337e+03 1.069083306144239941e+03 1.128645413992756403e+03 1.187104959129963845e+03 1.241904052163191409e+03 1.290710798419672756e+03 1.330420221671031186e+03 1.361834318923596129e+03 1.384605827579959168e+03 1.403715289993842589e+03 1.419229707033399109e+03 1.428982677933593095e+03 1.417440258701092716e+03 1.379715420066018169e+03 1.326924578851450860e+03 1.266408242479366891e+03 1.202715075371817420e+03 1.139355025226632733e+03 1.080761493249553268e+03 1.123117606721291395e+03 1.160140361260087502e+03 1.192564008015039462e+03 1.222140750391454503e+03 1.249881190528256866e+03 1.274457206082695848e+03 1.298580116733335672e+03 1.320585875430683245e+03 1.342000703933284058e+03 1.357925453761061590e+03 1.416410259168704897e+03 1.473186048539632566e+03 1.528222648027451442e+03
1.200395915467058785e+03 1.166908165999702533e+03 1.129137825942736981e+03 1.088473886848432585e+03 1.044197410161784092e+03 9.955942564026888704e+02 1.056782397471039076e+03 1.115041472430815929e+03 1.168452542093772081e+03 1.216004147658473585e+03 1.254180307069835862e+03 1.283557392343837137e+03 1.307995898066766586e+03 1.326816602734213120e+03 1.348877099587436987e+03 1.371234845240301411e+03 1.392800473870212500e+03 1.392379295837639347e+03 1.360202126571235340e+03 1.309800661111373756e+03 1.250187867052896991e+03 1.186928635277994772e+03 1.123569735782471753e+03 1.064977379700518668e+03 1.114800389420441434e+03 1.161617617576732300e+03 1.205784198869103648e+03 1.247503965710423927e+03 1.286290338656760696e+03 1.319186177505363958e+03 1.347843078500617821e+03 1.371173706914266859e+03 1.392747914394690724e+03 1.412949711638989356e+03 1.452626951873970256e+03 1.492020847805227277e+03 1.528283212413996125e+03
1.214250486172379169e+03 1.170944525122740515e+03 1.125890154114762709e+03 1.079442208799211585e+03 1.031468362701809383e+03 9.819071020069959559e+02 1.042854782079484266e+03 1.096491383934972873e+03 1.139147581252907457e+03 1.174670342825559374e+03 1.202942125921191746e+03 1.226582597240752875e+03 1.246661112274837251e+03 1.259984237373865199e+03 1.288607378381312174e+03 1.317967070455008070e+03 1.357153827912448833e+03 1.368353517031300953e+03 1.341195713952476808e+03 1.292948000732855689e+03 1.234302748881325897e+03 1.171583820449429140e+03 1.108379496230302038e+03 1.049787945954373299e+03 1.101751504972941120e+03 1.153538444365203759e+03 1.204772944558238805e+03 1.254216016402338937e+03 1.300692913950446382e+03 1.342476128616201549e+03 1.378407232507279787e+03 1.405913866291264640e+03 1.427476619584478158e+03 1.445956469800704554e+03 1.470188509517993225e+03 1.491239225976523585e+03 1.508163676889148292e+03
1.212473753599306292e+03 1.163296203043936657e+03 1.114038524809137016e+03 1.065204701077145728e+03 1.016742245877179812e+03 9.685369348928231830e+02 1.023169605160260971e+03 1.066349873177135578e+03 1.092067698308359923e+03 1.118759271482071426e+03 1.142734898466232153e+03 1.164957096313220973e+03 1.184277278844891271e+03 1.189704898107199369e+03 1.226576466215875826e+03 1.270475016697231240e+03 1.332688506031223596e+03 1.349879527033008571e+03 1.324583819642524986e+03 1.277082164967587005e+03 1.218899328501469654e+03 1.156608490645459824e+03 1.093797436368983881e+03 1.035206276356524313e+03 1.087000869443829515e+03 1.141848769741875458e+03 1.198619929477438063e+03 1.253172272677359842e+03 1.304275854032648795e+03 1.350019106119432081e+03 1.388292972731390591e+03 1.416965633371554986e+03 1.435651466069738262e+03 1.447399207984535906e+03 1.456934345066092646e+03 1.462538166741557006e+03 1.466772111793010254e+03
1.203007366517201035e+03 1.149781361658367359e+03 1.097660095637763106e+03 1.048149914969577367e+03 1.000867476486822852e+03 9.555162920188839735e+02 9.990779545631748988e+02 1.027335053019634870e+03 1.030871913652138119e+03 1.054010785716847977e+03 1.077744686481642930e+03 1.102352736555860474e+03 1.128492156779399011e+03 1.156531664177867242e+03 1.236000767674250710e+03 1.292582004751807972e+03 1.333537990697323949e+03 1.340260660544365692e+03 1.311142442099709797e+03 1.262262054093346478e+03 1.203789238888219415e+03 1.141820736945667704e+03 1.079784916714002748e+03 1.021193748781650356e+03 1.076039086959651740e+03 1.134632475610158735e+03 1.193521347853863517e+03 1.250558741333174339e+03 1.303396504409947056e+03 1.349119603376606392e+03 1.384394461035658196e+03 1.405806369680015905e+03 1.415052422716718411e+03 1.418878739380348634e+03 1.419193264741026951e+03 1.415843523272437324e+03 1.412265846700168140e+03
1.192292625372872635e+03 1.137062816119278523e+03 1.084953199526870321e+03 1.035454256740015580e+03 9.881827163358617554e+02 9.428418074627292071e+02 9.644414592863864755e+02 9.862005626901083133e+02 1.008281823089350269e+03 1.070828381035966913e+03 1.116789369815465534e+03 1.153354378322471575e+03 1.185460174825388776e+03 1.211784965073902640e+03 1.269477128648932194e+03 1.315297935221208490e+03 1.341252928184115262e+03 1.334446184036407658e+03 1.299059897533247749e+03 1.247542033685719389e+03 1.188193776458361526e+03 1.126343377955852475e+03 1.065842471664846698e+03 1.007650771971885206e+03 1.066242297957165647e+03 1.127219078273071091e+03 1.187771245331548926e+03 1.245581503401135706e+03 1.297395634766486410e+03 1.338880045397922459e+03 1.364960922353224305e+03 1.375431031662918940e+03 1.376610631620179674e+03 1.373796810497480237e+03 1.367903362923017312e+03 1.359066638255811995e+03 1.351007692273657995e+03
1.181080490360948261e+03 1.125861054388331468e+03 1.073761737537932504e+03 1.024272731095004019e+03 9.770107451880942335e+02 9.316783953143632289e+02 9.693537524389291775e+02 1.005351251300486410e+03 1.043382565322238406e+03 1.091846324030926780e+03 1.140100902449386012e+03 1.185380605326338355e+03 1.226938783625676251e+03 1.261980737604638307e+03 1.304774745022843035e+03 1.337888965200571420e+03 1.348272291178614296e+03 1.327756223351773997e+03 1.285931722778210542e+03 1.231616177526513866e+03 1.171084200476316482e+03 1.107938794360887641e+03 1.049346310461570738e+03 9.944999674009250157e+02 1.056378250810264262e+03 1.118891631450980412e+03 1.180057618259792434e+03 1.236818976107636900e+03 1.284699745939597733e+03 1.317090775333237389e+03 1.331185191886833991e+03 1.333016641928634499e+03 1.327844079829224256e+03 1.320029244503413793e+03 1.309902074229821665e+03 1.297374284329964439e+03 1.287548026958643959e+03
1.170172230105770950e+03 1.114962993818714949e+03 1.062873730683013719e+03 1.013394406389420510e+03 9.661415697824152176e+02 9.208169576893204749e+02 9.645586130720380424e+02 1.008113165551132852e+03 1.053108430182257280e+03 1.101644428749310009e+03 1.151630847243758353e+03 1.201007838109144814e+03 1.247993758772835690e+03 1.290594345671148403e+03 1.328459322374059639e+03 1.352705060818652328e+03 1.350303967408432527e+03 1.320643788414286064e+03 1.273716557339139626e+03 1.217139426313477770e+03 1.156390045391560079e+03 1.095145366126844237e+03 1.036552987838156014e+03 9.817058280853035512e+02 1.045060692184962818e+03 1.108256980944706129e+03 1.168622825383140480e+03 1.222131144467559125e+03 1.262946861745472233e+03 1.283568950862510746e+03 1.288479421541751208e+03 1.283629890688739351e+03 1.273623665585747858e+03 1.262354139086819259e+03 1.249528540799427219e+03 1.234011450357276544e+03 1.224184574463316494e+03
1.159583744436205961e+03 1.104384496139537077e+03 1.052305019718668973e+03 1.002835071582273940e+03 9.555908719304012493e+02 9.102731624503462626e+02 9.573165017479382186e+02 1.005151354143827803e+03 1.054408140490595542e+03 1.105660346968761587e+03 1.158247198289214111e+03 1.210732437629509377e+03 1.261051874928512461e+03 1.306261132890133695e+03 1.342036350837989403e+03 1.359875618237005028e+03 1.347712276172464954e+03 1.311499844063549972e+03 1.260730119546946526e+03 1.202214962346419497e+03 1.140999945484822319e+03 1.081159243143523099e+03 1.023969011123382415e+03 9.692380026496280152e+02 1.033916310220233754e+03 1.097100395583619274e+03 1.155474794313261782e+03 1.203832378283087337e+03 1.234221605139839539e+03 1.243396325899612521e+03 1.240721625285296568e+03 1.230651544883099177e+03 1.216910304065438822e+03 1.203637512595814087e+03 1.189823051771290466e+03 1.175411285952435719e+03 1.199235306113368551e+03
1.149285980344932796e+03 1.094096517454180685e+03 1.042026575973366334e+03 9.925656776476868117e+02 9.453295633037530479e+02 9.000180376164112204e+02 9.491347440364595514e+02 9.996185178388527675e+02 1.051814627644705524e+03 1.105829237403085017e+03 1.161101239911136872e+03 1.216213838918987449e+03 1.268770723892538626e+03 1.314985146109438801e+03 1.348776254579534680e+03 1.359825156062077440e+03 1.340011535521938868e+03 1.299402963571557621e+03 1.246050937945977239e+03 1.185645162658150639e+03 1.122286882057425601e+03 1.063693337116893190e+03 1.008846475148815671e+03 9.570480434186321190e+02 1.021721783561050529e+03 1.083590449893240248e+03 1.138236451686929740e+03 1.179148387635015524e+03 1.197845040259288908e+03 1.198655636682010936e+03 1.190240516039153135e+03 1.176269102578121647e+03 1.159168022779945431e+03 1.145293490357383689e+03 1.131225352719346802e+03 1.152913089532247341e+03 1.209895743669898820e+03
1.139242759955622660e+03 1.084062746083438014e+03 1.032002085078962864e+03 9.825498935069720119e+02 9.353213177746857809e+02 8.900154568516289828e+02 9.393932486774199333e+02 9.913693767220828477e+02 1.045559157467813975e+03 1.101810347384690886e+03 1.159378243564483455e+03 1.216475198322059896e+03 1.270275963020526888e+03 1.316408762055850730e+03 1.348048223768362959e+03 1.354386866515402517e+03 1.330801894450052032e+03 1.287997393559364809e+03 1.233594418168562697e+03 1.173024913521428061e+03 1.110377159140869253e+03 1.051783789901071032e+03 9.969364474047723661e+02 9.451370765269465437e+02 1.009732251565491879e+03 1.069451304351151975e+03 1.118929326606046516e+03 1.149557012461150634e+03 1.157226155002360883e+03 1.151268980381110850e+03 1.138627436797622977e+03 1.122247628631977477e+03 1.104318911838580107e+03 1.090445118034605002e+03 1.110524943993164243e+03 1.165759612624007332e+03 1.217714794646660948e+03
1.129437879948860427e+03 1.074264070451869429e+03 1.022211956008612788e+03 9.727680491086223356e+02 9.255464923861777606e+02 8.802460061082809943e+02 9.296178099890712474e+02 9.815860311529601177e+02 1.036666704705858365e+03 1.094889656915994465e+03 1.154686459555875899e+03 1.213303328357595319e+03 1.267497459404407437e+03 1.312547354637304124e+03 1.341523775882333211e+03 1.344366908694895983e+03 1.319600390502223718e+03 1.276700261616804710e+03 1.222593568022640056e+03 1.162064485985430338e+03 1.098707164826050075e+03 1.040113831409503291e+03 9.852659088196385255e+02 9.334656923715504035e+02 9.961391914744435780e+02 1.052022354158494181e+03 1.094530489040516841e+03 1.113806423830233598e+03 1.113370111024403968e+03 1.102294784855595026e+03 1.086697400479407179e+03 1.068836416283571680e+03 1.052523515458016846e+03 1.071240913533354160e+03 1.124325332550143003e+03 1.174423314551294197e+03 1.218961573432943624e+03
