_codes/_figurecodes/_data/lowRvar/nonsteady/20m_HalfMtrThresh_Diffusion_Tc1/topographic_elevation_depth20m_tc1.asc
nrows 200
cellsize 50.0
xllcorner 0.0
ncols 200
yllcorner 0.0
[rows 68 to 84 of 200, columns 37 to 73 of 200]
8.148856436964622389e+02 8.486003917016221294e+02 8.588890313616294634e+02 8.450104182365705583e+02 8.193885546115561738e+02 7.951196627342774264e+02 7.667250351314082764e+02 7.370728708167348486e+02 7.092881249916209754e+02 6.852648257898159727e+02 6.611609354299170036e+02 6.447555874981943589e+02 6.329244688232525959e+02 6.131505360726359868e+02 5.796477799918200162e+02 5.374786779975204354e+02 4.921104467636791924e+02 4.497895595737577992e+02 4.170102792966488323e+02 4.657176261465149310e+02 5.150947901405043012e+02 5.649501953683544571e+02 6.142623105254610891e+02 6.612441762028111043e+02 7.055138742400666843e+02 7.470110471244403243e+02 7.851551351190075820e+02 8.194163232348422525e+02 8.474743735911295062e+02 8.694656550632749941e+02 8.843470646994654771e+02 8.941075658459999431e+02 8.961967209380974282e+02 8.919133076274675886e+02 8.820924346811476653e+02 8.675445257527820786e+02 8.464635063646654771e+02
7.986235428370441696e+02 8.361326690416749443e+02 8.527227775609776472e+02 8.505234439029599116e+02 8.363227589007256029e+02 8.132665296286937746e+02 7.825326953140387332e+02 7.468012079560290886e+02 7.086150836716583399e+02 6.694431414379437228e+02 6.300345392943509069e+02 6.079242001463102270e+02 6.046461475741640470e+02 5.915514517361899607e+02 5.572998990088227629e+02 5.097443166873104019e+02 4.560475737390733002e+02 4.101788572584936787e+02 4.135926387637474591e+02 4.587798039050110788e+02 5.058507896732956510e+02 5.550962416472822269e+02 6.047320840647777231e+02 6.500047730745831132e+02 6.933252309225650833e+02 7.360460827336872853e+02 7.780238531905686159e+02 8.184914504422049504e+02 8.561016864343174575e+02 8.895206993502814612e+02 9.156353949434023889e+02 9.335588232747405755e+02 9.415826441810738743e+02 9.413576212974095370e+02 9.343556042001232527e+02 9.219158785077048606e+02 9.023427174306111738e+02
7.795776042582348282e+02 8.160175650957314701e+02 8.303478206788786338e+02 8.315326955385527299e+02 8.275168875368570980e+02 8.119565995802574889e+02 7.820185786131609120e+02 7.417325090028202794e+02 6.945664841650436756e+02 6.417802390652843769e+02 5.810581088413592852e+02 5.414950881995542886e+02 5.639930161801420354e+02 5.613325809145910625e+02 5.293248191830317637e+02 4.763736065176718739e+02 4.033599331149010254e+02 4.067669992035755513e+02 4.430603491825477818e+02 4.816271516445747807e+02 5.210414561168332739e+02 5.602833496079425686e+02 5.980051997555009393e+02 6.344219945344941607e+02 6.721969564292733139e+02 7.137580952227026501e+02 7.574439482116694080e+02 8.017448472697093393e+02 8.453126519320074976e+02 8.867697001563589083e+02 9.241487247268267993e+02 9.551652643565511198e+02 9.752778436334743901e+02 9.836321872888511280e+02 9.828962552978123313e+02 9.754523646200516396e+02 9.602136785847778810e+02
7.588608913341317930e+02 7.891074418760598519e+02 7.959068999683366883e+02 7.940263166584466035e+02 7.983391585648495266e+02 7.934134911422087271e+02 7.694997893995983986e+02 7.284190212425017990e+02 6.772785583308764217e+02 6.204449250055999983e+02 5.611625747985719954e+02 5.049059641601780868e+02 5.276586005133835897e+02 5.298320327476812963e+02 5.057515109613942172e+02 4.602199747574073285e+02 3.999554131686373353e+02 4.320341320000970882e+02 4.663334458904996040e+02 5.005424648913084411e+02 5.328941399968456381e+02 5.621209207644499202e+02 5.853089244034183594e+02 6.079197205067252980e+02 6.374553434103875134e+02 6.805015023735562636e+02 7.269383276450618041e+02 7.746295792990406426e+02 8.225846348008241193e+02 8.699350463165254723e+02 9.152855251837917194e+02 9.565710711062143901e+02 9.907260570897776688e+02 1.013603009796545166e+03 1.023711655386497682e+03 1.024929705443866624e+03 1.017021801965082432e+03
7.338759560385605027e+02 7.556008262807606570e+02 7.528283890883229788e+02 7.390662137923358159e+02 7.567044647248245610e+02 7.626357954275960083e+02 7.470313654532232022e+02 7.078827391995948801e+02 6.554597389506930085e+02 5.962146472092829299e+02 5.343399562381188161e+02 4.725610892789681543e+02 4.927738791780810175e+02 4.950382148046841166e+02 4.782555811281328033e+02 4.455251872563368352e+02 3.965534324784272258e+02 4.365014875730666972e+02 4.701940516639961629e+02 4.992496412989335681e+02 5.217496854082482969e+02 5.382821849689818237e+02 5.456920373357735343e+02 5.528819458499159509e+02 5.886331573196484896e+02 6.378793119097563249e+02 6.896759366278913603e+02 7.405366368855395649e+02 7.916009384320769868e+02 8.432345734816246932e+02 8.944253530501003979e+02 9.432416775261690418e+02 9.876127533636209819e+02 1.024826197956735996e+03 1.051301128294617229e+03 1.065503399365203904e+03 1.068280770718582517e+03
7.077706049030052782e+02 7.213531966221103175e+02 7.076188345240972239e+02 6.693530635812986702e+02 7.109470779708291275e+02 7.282058474415293858e+02 7.202672525824405056e+02 6.838823523698523559e+02 6.313874853756375387e+02 5.706055079923658013e+02 5.065191075229543003e+02 4.431661928492548554e+02 4.584698865324122607e+02 4.562483960025526812e+02 4.389927113860182999e+02 4.231016775889622750e+02 3.931530343378614702e+02 4.283773444662390943e+02 4.531609672186903026e+02 4.726043657546031227e+02 4.869879680761774807e+02 4.966615417385054911e+02 4.907722808967246806e+02 5.186319857153832800e+02 5.621651065720674296e+02 6.073526726949212389e+02 6.544248399591450607e+02 7.036719247825701586e+02 7.554693218051900203e+02 8.103177557386402441e+02 8.662325529425738750e+02 9.201121252160050972e+02 9.712708457535810567e+02 1.018180470728001637e+03 1.058663574102526354e+03 1.090191290265243197e+03 1.108552338053152880e+03
6.826977556475846995e+02 6.904303993136095414e+02 6.721138241386859136e+02 6.286020247666383511e+02 6.743949401592394679e+02 6.958102600161410010e+02 6.930479612469572430e+02 6.592869172073540085e+02 6.072676954345649847e+02 5.454318728660750821e+02 4.793335487663456433e+02 4.159807257981527187e+02 4.253351844255462311e+02 4.145213601537899990e+02 3.831043421096801467e+02 3.864285094767994337e+02 3.897532606987010695e+02 4.017674998317353356e+02 4.138676197546681124e+02 4.261008861794438189e+02 4.384958405827964043e+02 4.510846162482239947e+02 4.639040210673483102e+02 5.046540495251916809e+02 5.467190911360555674e+02 5.902524795641448918e+02 6.354403905784054132e+02 6.825129302636155444e+02 7.317603259165560985e+02 7.835578998612220403e+02 8.384063513592328718e+02 8.943148527668198540e+02 9.494068047077464598e+02 1.002677593753722704e+03 1.052739533417873645e+03 1.097199230642819657e+03 1.132326646748133726e+03
6.592774261406439109e+02 6.621123002026615723e+02 6.360257663020806831e+02 5.911049787490383096e+02 6.372902318350171527e+02 6.654498875915149938e+02 6.668824507884821742e+02 6.360342808198378179e+02 5.851347796200387847e+02 5.226706283581390835e+02 4.538859898317180637e+02 3.905332028210350472e+02 3.952880014680959562e+02 3.764583414888956554e+02 3.797810507388650763e+02 4.267492441633824001e+02 4.463763574620735994e+02 4.616539699697687524e+02 4.732813257614783993e+02 4.830182813787444047e+02 4.909900232357539380e+02 4.929583917143463623e+02 4.784055246571409157e+02 4.931951932048642675e+02 5.339452810161765228e+02 5.760104593236380879e+02 6.195441097512057240e+02 6.647323832155987020e+02 7.118053105502715425e+02 7.610530268843466501e+02 8.128507806459084577e+02 8.676992458656486633e+02 9.246993854999949463e+02 9.817965483814589334e+02 1.038788270498996326e+03 1.093173809487050448e+03 1.140126353009337208e+03
6.381175932552872609e+02 6.396520197615725465e+02 6.100774192908064606e+02 5.617097495290230427e+02 6.103206852951706196e+02 6.401865248693433159e+02 6.418620358133858872e+02 6.153750752648594471e+02 5.670014217909802028e+02 5.056786289999759560e+02 4.362116552210680993e+02 3.665007093740670712e+02 3.698175909132824586e+02 3.731370915218791424e+02 4.257036311831028570e+02 4.699706640282751096e+02 4.969673213826866345e+02 5.164883332448353030e+02 5.292997950450613871e+02 5.380696522673059690e+02 5.433598509811453141e+02 5.411261063624701819e+02 5.283183884482996291e+02 5.086729433327734569e+02 5.244050121455554745e+02 5.651551963917428338e+02 6.072206161361671093e+02 6.507546329031267760e+02 6.959433306012299454e+02 7.430166428446303826e+02 7.922646157488615017e+02 8.440624481012298475e+02 8.989108275869047020e+02 9.575047898591180910e+02 1.020860538777356851e+03 1.085123669202443807e+03 1.140490557371067553e+03
6.177024793434828780e+02 6.166265573386162941e+02 5.845480353397481394e+02 5.341938603842627344e+02 5.837893928632767029e+02 6.115611828088898392e+02 6.129519640848578774e+02 5.922439363063931523e+02 5.489728438766513818e+02 4.925736309701085247e+02 4.289762890627508227e+02 3.631991538575384766e+02 3.965221201353579659e+02 4.218190106404470612e+02 4.634514559166131562e+02 5.046272571796909006e+02 5.374394217664366806e+02 5.623887895822225573e+02 5.787049594199709190e+02 5.889550580641201805e+02 5.941971463195000069e+02 5.911325175811742838e+02 5.798278176175293765e+02 5.632690613248548743e+02 5.409930062301692715e+02 5.577073274548432664e+02 5.997724812952135380e+02 6.433063874205334969e+02 6.884950199411061931e+02 7.355683132029349736e+02 7.848163198718563081e+02 8.366142271091845259e+02 8.914626959951134495e+02 9.500567302018957889e+02 1.013412513190467052e+03 1.083126410299759073e+03 1.142433247484820185e+03
5.978296785286005388e+02 5.938982097089379977e+02 5.597277202066243262e+02 5.079250416775562940e+02 5.553050171934067976e+02 5.788683360033377312e+02 5.801050310403857111e+02 5.654152242288088246e+02 5.290798612600489150e+02 4.796726984122552722e+02 4.219134856967127121e+02 3.598993114478333268e+02 4.017347477361525989e+02 4.398232930451235916e+02 4.800873520833854400e+02 5.205943054521811746e+02 5.584683522186434175e+02 5.916453514917358234e+02 6.160750727623844796e+02 6.316100970370470122e+02 6.401318726170603668e+02 6.389966790788710114e+02 6.298034115412455094e+02 6.158419859723908303e+02 5.973194642343415808e+02 5.754062203145498415e+02 6.174717219547119385e+02 6.610058621488406061e+02 7.061947282176422505e+02 7.532682054297506511e+02 8.025163003438713076e+02 8.543141829017760074e+02 9.091625377793466214e+02 9.677564293929071937e+02 1.031112113639326253e+03 1.093923735898378709e+03 1.149490332611842405e+03
5.783538070742445143e+02 5.715536834085376086e+02 5.356160184212988042e+02 4.827328000317077681e+02 5.260597914561273001e+02 5.436993313256937199e+02 5.427457905469419757e+02 5.313599625808809606e+02 5.041365791943770773e+02 4.652519986341894196e+02 4.151135605775270392e+02 3.566026078775109340e+02 4.001656631500401886e+02 4.407490166359622776e+02 4.804942355363382944e+02 5.205098604955884412e+02 5.606999236712222228e+02 5.994424369213609225e+02 6.338048571443174524e+02 6.600353001956607386e+02 6.760756812759751710e+02 6.801621981875222218e+02 6.741039160498407909e+02 6.605609527692270149e+02 6.358555648626849006e+02 5.943137915002454292e+02 6.378372764035307227e+02 6.819454430771779698e+02 7.273697086450923734e+02 7.748116804365025700e+02 8.246965865504942030e+02 8.772451494425051806e+02 9.325753028582586239e+02 9.905704808576125515e+02 1.050335359490514065e+03 1.108412806744326190e+03 1.159197439757195070e+03
5.586319086486375909e+02 5.491941122154647701e+02 5.120025653052775851e+02 4.584828546577509201e+02 4.964591327114262640e+02 5.066147767284555243e+02 5.007643551167864757e+02 4.872340540372989608e+02 4.636375776071316182e+02 4.384330849121575397e+02 4.026909370840524502e+02 3.533087480374281881e+02 3.941812314693667645e+02 4.311874989750636473e+02 4.667139757507354147e+02 5.041590749982640318e+02 5.455806375554293481e+02 5.885477490986621660e+02 6.299206711045941347e+02 6.664770275326005731e+02 6.948294254520367303e+02 7.095493508609594073e+02 7.092244623907569121e+02 6.962018726361823155e+02 6.645810179203790540e+02 6.147581469576480231e+02 6.575997901409663200e+02 7.007377679938412030e+02 7.453036235674476302e+02 7.926314007926699787e+02 8.429240015324531896e+02 8.959292423472296605e+02 9.513699429179848721e+02 1.008629897513367951e+03 1.066156429370383421e+03 1.120580407458272020e+03 1.166243146244871241e+03
5.358955116600815245e+02 5.259202204885397123e+02 4.885491483695243460e+02 4.350670977096202137e+02 4.666173479955849075e+02 4.683580208604088853e+02 4.557361367872680944e+02 4.359810235157324314e+02 4.089634588045122996e+02 3.957780196320343293e+02 3.800878920093515489e+02 3.500180077032472923e+02 3.858149549237990072e+02 4.125346431056085521e+02 4.378744537356965338e+02 4.704445860044309029e+02 5.160255261521419925e+02 5.648495261320446161e+02 6.126467494383259691e+02 6.569710016142603308e+02 6.949702654654550997e+02 7.221499323514922253e+02 7.321076232704963331e+02 7.212289737667886129e+02 6.878113922110385374e+02 6.372543558906712633e+02 6.764902442597536947e+02 7.165018651064582400e+02 7.585945299671107023e+02 8.061113506692975079e+02 8.574147038053530423e+02 9.109928538851035000e+02 9.664428870470042057e+02 1.023000765872325701e+03 1.078783706539957166e+03 1.130073069600671715e+03 1.170612761237364339e+03
5.109868316574087999e+02 5.014787627931935390e+02 4.650224595717269267e+02 4.123969381925743960e+02 4.359920394611747838e+02 4.297476223607088173e+02 4.098754085853780680e+02 3.809211712519163484e+02 3.371002875721737837e+02 3.403083409988690846e+02 3.435171694248066387e+02 3.467278182038809291e+02 3.579290192844247258e+02 3.692850070676251448e+02 3.808406144326672802e+02 4.204033969320854567e+02 4.752486671665299127e+02 5.338399481670228397e+02 5.872337784101520128e+02 6.371909836721757756e+02 6.824819094280995841e+02 7.191932727635332867e+02 7.411059588952828108e+02 7.386304674223678148e+02 7.107248709634571924e+02 6.629668240567848443e+02 6.911863597169909781e+02 7.261617004756824372e+02 7.627528840282030842e+02 8.145509974162608842e+02 8.692777465829580024e+02 9.233519442005641622e+02 9.784926115021260102e+02 1.034302554014589532e+03 1.088651580986511817e+03 1.137281307161085806e+03 1.172920633889043529e+03
4.831709702435483109e+02 4.750892924179161696e+02 4.411056696836593574e+02 3.902368968447294719e+02 4.045217589032470187e+02 3.916613736157782455e+02 3.658780436909941045e+02 3.306875466853779812e+02 3.338932694044596587e+02 3.758587388285043858e+02 3.923412171041883312e+02 3.996193765763820238e+02 4.050490409586013243e+02 4.063563785510363573e+02 3.927292313390485674e+02 4.048293852176910832e+02 4.553792155328508784e+02 5.091138363170489924e+02 5.595895711019126111e+02 6.116504456299712729e+02 6.624582349915648365e+02 7.069270219510517563e+02 7.393753691660913319e+02 7.529404824512910182e+02 7.442912450914793681e+02 7.282606332763670025e+02 7.347216004648003036e+02 7.671864794745204108e+02 7.963316573918248196e+02 8.357175606619941846e+02 8.816522645530636737e+02 9.319260311738789824e+02 9.852565173613126035e+02 1.039873580544375045e+03 1.092790585389244825e+03 1.139068980013635610e+03 1.170762021195095713e+03
4.508690106652205145e+02 4.447690010349608087e+02 4.166955575712893847e+02 3.685505497624421878e+02 3.735353504375797229e+02 3.545031651970829216e+02 3.242792041109749448e+02 3.274831177633730022e+02 3.845963028467264735e+02 4.222703018168509743e+02 4.421043948279464644e+02 4.508838289396605319e+02 4.530742644065363720e+02 4.495979148580092328e+02 4.366112201022146451e+02 4.171081404645713064e+02 4.296230520504633432e+02 4.845608768901618646e+02 5.230956616398956385e+02 5.781388849939074817e+02 6.355508328912269462e+02 6.863536005077075970e+02 7.259136184965944949e+02 7.506730273398670761e+02 7.596851324185353178e+02 7.598027645580733633e+02 7.645408590437986049e+02 7.849226849481021873e+02 8.079116435562441438e+02 8.416262295416659072e+02 8.838435504467331612e+02 9.323559184477654753e+02 9.850498150303395732e+02 1.039288486561496484e+03 1.091380834620509404e+03 1.135924905677773268e+03 1.164888325367463949e+03
