_codes/_figurecodes/_data/lowRvar/nonsteady/20m_HalfMtrThresh_Diffusion_Tc1/topographic_elevation_depth20m_tc1.asc
nrows 200
cellsize 50.0
xllcorner 0.0
ncols 200
yllcorner 0.0
[rows 17 to 33 of 200, columns 111 to 147 of 200]
1.119856797424105707e+03 1.064683845135835099e+03 1.012639025636990027e+03 9.632028995988987390e+02 9.159879165605359503e+02 8.706927466198997081e+02 9.200586679448666700e+02 9.720194508258405222e+02 1.027091134640285418e+03 1.085984517602404367e+03 1.148996183223549679e+03 1.208636491278408130e+03 1.262115130662783713e+03 1.304490912910873476e+03 1.328930935529723911e+03 1.327996174664440559e+03 1.305337033668639378e+03 1.264946812972573298e+03 1.213254915260407870e+03 1.155208919295871056e+03 1.094695195205822301e+03 1.035045506753529935e+03 9.768702604415325368e+02 9.220186505759921829e+02 9.819258909825729233e+02 1.032749138818230904e+03 1.066835487911541122e+03 1.074848601917378346e+03 1.067462538990174380e+03 1.052461781426296056e+03 1.035000096447509577e+03 1.017041251815268765e+03 1.034587572008481629e+03 1.084994212390617804e+03 1.132509480340087293e+03 1.175035032680072163e+03 1.209111202856497357e+03
1.119699428527668715e+03 1.062343520062090647e+03 1.008401020690208838e+03 9.573070968547198163e+02 9.084973289817786508e+02 8.613407540959102562e+02 9.132134347924215945e+02 9.673495843098878595e+02 1.024531011036279551e+03 1.084804367000716411e+03 1.146221868545527514e+03 1.204733162280583883e+03 1.255710586026776127e+03 1.292825332938574547e+03 1.307596576906364135e+03 1.300555829071487324e+03 1.281365385084512809e+03 1.247384817119554100e+03 1.200589083780704868e+03 1.146090583154893466e+03 1.087743214287866977e+03 1.028227037015424457e+03 9.689217627906401731e+02 9.107652875698878461e+02 9.680393431892221088e+02 1.012718780670346973e+03 1.035452727012252581e+03 1.033239592683157753e+03 1.020004853883674286e+03 1.002142523423759485e+03 9.835415327352421855e+02 1.000130679785916413e+03 1.047410966364308706e+03 1.091593472951846934e+03 1.130749671406865218e+03 1.162820421304257252e+03 1.182757748685212846e+03
1.114882612791950578e+03 1.055840104131824546e+03 1.000710662887764897e+03 9.487197820747304604e+02 8.993330640450870987e+02 8.521594936237122511e+02 9.040705826601906665e+02 9.590819828319569069e+02 1.017906272170694592e+03 1.080614840265438488e+03 1.141949857076938315e+03 1.198775783404718140e+03 1.245642085914017571e+03 1.274699120721080135e+03 1.276745267763430320e+03 1.261963811711916378e+03 1.243736244509435210e+03 1.217683153544604920e+03 1.179773468261584640e+03 1.131294446812398292e+03 1.076707226052747956e+03 1.018927791527306340e+03 9.595376646530272637e+02 8.996627485157542878e+02 9.522364326232656140e+02 9.889206083574996455e+02 9.998309002534600722e+02 9.889830465039890441e+02 9.711758364962505539e+02 9.516435968004457209e+02 9.674834120413006531e+02 1.011514161041146394e+03 1.051543334733295978e+03 1.086511695148373519e+03 1.113223494190600377e+03 1.132118469562610017e+03 1.141223746646677682e+03
1.116223848868792402e+03 1.055333636129229262e+03 9.978534516215792110e+02 9.437743348532450227e+02 8.924690194289948977e+02 8.431390657124416066e+02 8.979566165245995535e+02 9.553078980387809906e+02 1.015387871588558710e+03 1.077222881904993301e+03 1.137699015022796175e+03 1.192320956679918481e+03 1.233938149732539159e+03 1.251544440359362397e+03 1.239052331753118779e+03 1.212681477782738284e+03 1.195338233651385735e+03 1.173836839692824697e+03 1.145234374904115839e+03 1.106801193549476011e+03 1.059064307087593761e+03 1.005921318359235102e+03 9.486833239907904272e+02 8.886890253099841175e+02 9.356954565323560473e+02 9.621141231535235647e+02 9.623361910886069381e+02 9.421311236161930083e+02 9.210225111910918940e+02 9.362615150470332992e+02 9.754664319604922866e+02 1.010322648524179613e+03 1.038318742056709652e+03 1.060247326974172665e+03 1.075246341708027785e+03 1.086001688007690518e+03 1.090092887316781116e+03
1.114061071245435642e+03 1.050419685586717833e+03 9.908918571596647098e+02 9.355988866319584076e+02 8.836040155930626270e+02 8.342549163245399768e+02 8.892123125333459939e+02 9.479720109974376783e+02 1.009177225530777037e+03 1.071033583512632731e+03 1.130686244463727235e+03 1.182975421948759731e+03 1.219202111574430546e+03 1.225267982586755579e+03 1.197286920855596691e+03 1.150369531305858800e+03 1.140058244248875553e+03 1.120659693811453963e+03 1.096388935246826350e+03 1.067083082071214221e+03 1.030400738801656871e+03 9.869043051088518723e+02 9.355663170696340103e+02 8.778090418603458147e+02 9.150178678224384612e+02 9.306223719561864982e+02 9.249406700576471394e+02 8.913537832608137705e+02 9.061448976865217446e+02 9.387848717909515699e+02 9.652571106570796928e+02 9.864967141680349414e+02 1.002180417723875280e+03 1.015291936183847952e+03 1.024142801872644668e+03 1.030983247275897611e+03 1.033697890582744321e+03
1.112799563127910233e+03 1.050296520586950010e+03 9.892939811567000561e+02 9.316914400485819669e+02 8.773941008299339046e+02 8.255002177942789103e+02 8.804512608231648301e+02 9.392033448897204835e+02 1.000990116228355987e+03 1.062886911810972833e+03 1.122005623394412169e+03 1.172745913166275386e+03 1.205498939966054650e+03 1.204593590781638568e+03 1.167024721384273562e+03 1.105179558912823268e+03 1.085850095623823563e+03 1.062659034335514434e+03 1.038297024010196083e+03 1.012614736321784221e+03 9.836841019990220047e+02 9.525308455860892991e+02 9.145494288011501567e+02 8.669904663216553899e+02 8.875687523474202862e+02 8.955690210050628366e+02 8.955801452344153404e+02 8.770083959849984012e+02 8.998587822916822461e+02 9.174503303374741563e+02 9.306761401609278437e+02 9.423177312582017748e+02 9.511929058159249735e+02 9.594097941185578975e+02 9.655984674517704889e+02 9.712662225717218689e+02 9.749164736082186664e+02
1.109197983994160268e+03 1.046876310168379632e+03 9.833499522959978094e+02 9.239500185501243550e+02 8.687765896581144034e+02 8.168615446703685166e+02 8.718068730054925481e+02 9.305515133992541905e+02 9.916881786926240920e+02 1.053384444072033602e+03 1.112421381568283323e+03 1.162874683649639564e+03 1.194935857969182962e+03 1.192077855757632051e+03 1.148471431593018906e+03 1.064428441245536533e+03 1.030854060065331169e+03 1.001458047623598645e+03 9.745879425762166193e+02 9.493929938869395073e+02 9.251399333667239944e+02 9.017214953560417143e+02 8.788712427814134571e+02 8.562026261626326686e+02 8.461543876759400291e+02 8.516644302048216559e+02 8.571809747695771193e+02 8.627025035287159653e+02 8.685084841126182482e+02 8.743241905244129839e+02 8.801496694452611109e+02 8.859888083290508121e+02 8.918416940933161641e+02 8.977123114131279635e+02 9.036027805798728423e+02 9.095172901725729844e+02 9.154561272019765283e+02
1.105195165500679650e+03 1.044175498286102538e+03 9.816354746772307180e+02 9.208368660995416803e+02 8.632221487717808941e+02 8.083336281852991760e+02 8.631155929515190337e+02 9.204326647255055605e+02 9.804733043119261993e+02 1.042307367832778255e+03 1.102104259543562421e+03 1.153643678017333059e+03 1.188513936333554511e+03 1.194121819839415139e+03 1.166302523608581623e+03 1.119467774009621735e+03 1.087095262427196985e+03 1.056907557624548645e+03 1.028066455581859827e+03 1.000661803013594067e+03 9.717081701975964734e+02 9.422561989704231564e+02 9.118543183283383087e+02 8.779412247581178690e+02 8.411426902079267620e+02 8.767150453676811139e+02 8.999341965883839976e+02 9.145953286485906801e+02 9.252349127615541420e+02 9.345152365543402766e+02 9.415575197032701453e+02 9.480660861139281224e+02 9.527146783587734262e+02 9.562657375331800722e+02 9.584555117074681903e+02 9.643699681330095927e+02 9.703085914224565158e+02
1.098253218255090360e+03 1.038891925737648080e+03 9.763874546092129094e+02 9.137501094181834560e+02 8.548641819939036850e+02 7.999051364064648624e+02 8.517840035409094526e+02 9.067541495393310242e+02 9.655254480701503326e+02 1.029130303563194957e+03 1.091126043212582545e+03 1.143851352955595530e+03 1.181700600642620884e+03 1.197029100119180612e+03 1.183925256426619853e+03 1.155062117345235492e+03 1.126225730383154769e+03 1.095671467179003457e+03 1.063870552992516195e+03 1.030314063177351954e+03 9.939052777870042519e+02 9.566436105118027626e+02 9.186811269030774838e+02 8.790261561090541136e+02 8.361356795263924369e+02 8.853497451527443900e+02 9.249906518759507890e+02 9.536207494851280444e+02 9.730367942803867436e+02 9.883869519078644998e+02 9.992258700686190878e+02 1.008125519387408758e+03 1.013285673257366398e+03 1.016129670742340068e+03 1.017050960762353384e+03 1.022965055135277566e+03 1.028903305997691405e+03
1.089976310908845335e+03 1.032651498268130581e+03 9.704820202912989089e+02 9.066972940579001943e+02 8.468628105662604639e+02 7.915784771769772306e+02 8.463791505205897465e+02 9.037909551184122847e+02 9.642709768386026781e+02 1.026046357728277599e+03 1.085251243499271823e+03 1.136464650345229529e+03 1.173711139596051225e+03 1.189995160118152626e+03 1.185155800021773757e+03 1.166048784686234740e+03 1.139245957122445361e+03 1.107721718858208305e+03 1.072353406335611453e+03 1.033962878255372971e+03 9.932390631478018577e+02 9.517432333545548317e+02 9.108692011274670222e+02 8.714666574443454010e+02 8.311378888274359724e+02 8.854837968590911714e+02 9.334545125402354415e+02 9.740265261809691992e+02 1.006047445332638972e+03 1.030702426809895314e+03 1.048957498463296588e+03 1.063265822149775431e+03 1.071476127122435400e+03 1.075961942397975690e+03 1.078992875437088287e+03 1.084423335109394429e+03 1.090557704017120159e+03
1.082039771546054226e+03 1.026993572724336445e+03 9.658528222944543131e+02 9.030713192500953710e+02 8.418543885379009453e+02 7.833437110032738246e+02 8.382737638267757347e+02 8.969887171938864867e+02 9.600398473119848859e+02 1.021380390965839752e+03 1.078180106481424218e+03 1.125683709895491120e+03 1.157947237624751551e+03 1.168580209205099891e+03 1.164745755838715013e+03 1.151733196952981416e+03 1.130245623180728444e+03 1.102032863639125026e+03 1.066664906748874046e+03 1.026497284792978007e+03 9.825000579016614211e+02 9.368218671757936136e+02 8.928192083158879768e+02 8.581951134889993682e+02 8.261548990713296234e+02 8.805988979769349498e+02 9.305917628025549675e+02 9.757128759756850513e+02 1.016202408283878640e+03 1.052805240075814936e+03 1.084651083941007073e+03 1.108992203149065062e+03 1.123795804559840462e+03 1.132166910682176194e+03 1.137689865670035033e+03 1.144108637552529672e+03 1.150984449819133943e+03
1.071828210828157125e+03 1.019128692825051075e+03 9.590354286795849248e+02 8.963525986001437786e+02 8.339038510361633598e+02 7.751919331009399912e+02 8.338724277292327542e+02 8.951506423419314160e+02 9.571966308458113417e+02 1.016839806591017009e+03 1.070002085617704097e+03 1.111049001272989699e+03 1.133146231138670146e+03 1.135608657326987668e+03 1.128918722442648459e+03 1.116455136452149645e+03 1.097538764987961486e+03 1.074157993174991816e+03 1.043397234657675199e+03 1.006054111429706381e+03 9.606045482036886369e+02 9.089633809130143618e+02 8.533725002758808387e+02 8.162113347201049010e+02 8.211786535927089972e+02 8.751421823899374886e+02 9.222018308425791702e+02 9.658277363183207171e+02 1.008018308934230731e+03 1.050847510285320595e+03 1.098722854264326543e+03 1.138931500954787225e+03 1.165751573956847551e+03 1.180656654537318445e+03 1.189789462241403498e+03 1.198182716839037994e+03 1.206349364655735144e+03
1.060797099078334668e+03 1.010098642950441445e+03 9.511041154094029935e+02 8.887038615460286337e+02 8.259031509240999185e+02 7.671150727814512038e+02 8.288255502952642928e+02 8.913089250213610057e+02 9.527520008833481597e+02 1.009801648552390816e+03 1.057427151817425511e+03 1.088178014800184883e+03 1.098368468584944367e+03 1.093763388661533781e+03 1.083025425324324488e+03 1.068764076801093552e+03 1.050205959541706534e+03 1.028350083764459669e+03 1.000386872289926032e+03 9.683299338437734605e+02 9.278159941745223023e+02 8.742785743117981383e+02 8.063096728353897333e+02 8.112461555746914428e+02 8.430231981944396011e+02 8.759599718341337393e+02 9.102101686949487203e+02 9.459636799376637555e+02 9.844500548705163965e+02 1.026517468437240950e+03 1.101678406637663784e+03 1.154893984087829267e+03 1.192890653700056419e+03 1.216403855581417247e+03 1.230001930087438041e+03 1.240873650509316576e+03 1.250653587379893679e+03
1.049273878875248556e+03 1.000554665297034376e+03 9.428454630148551132e+02 8.809759712640729958e+02 8.181269071273579812e+02 7.591057332261131023e+02 8.220450292123226745e+02 8.847758066835402815e+02 9.446378316643795188e+02 9.974325628931618439e+02 1.037014804130393486e+03 1.055446075675491102e+03 1.056682172732518666e+03 1.046212815298269561e+03 1.031217978134063287e+03 1.014072533837096671e+03 9.950515550898920765e+02 9.731554000044917530e+02 9.456867627457431809e+02 9.161477903262008340e+02 8.856379071630860835e+02 8.438439299607075554e+02 8.013872494293916589e+02 8.464807986249242049e+02 8.887678038660576476e+02 9.281495403692059654e+02 9.658049361419041361e+02 1.001232467877890031e+03 1.037764833947890338e+03 1.074321345185445807e+03 1.124643634057700183e+03 1.169677302586480891e+03 1.206243368138352707e+03 1.232875430483038372e+03 1.250534252432636094e+03 1.263466013913232473e+03 1.274766925402260540e+03
1.037085244425248447e+03 9.908919729222401429e+02 9.348122555065325514e+02 8.737007425667601410e+02 8.108979836662529124e+02 7.511624021207899204e+02 8.151488944967336465e+02 8.774624509372180228e+02 9.347165690785262768e+02 9.815946342057146694e+02 1.010048277018272756e+03 1.016775010246981878e+03 1.010865555491211808e+03 9.957522431232843019e+02 9.765896755204838655e+02 9.555170411182758698e+02 9.368178932629450628e+02 9.142937562001725382e+02 8.847556830539149360e+02 8.528703067769431527e+02 8.322482698966261978e+02 7.915517000631417659e+02 7.964668442665694101e+02 8.594642862834419930e+02 9.123606016348587673e+02 9.592579991889082294e+02 1.002005262952982434e+03 1.039934560157875694e+03 1.074916752002083513e+03 1.107017499302499800e+03 1.142734986317992480e+03 1.176645390613965219e+03 1.205310434981749722e+03 1.225262898401771963e+03 1.240042252218047679e+03 1.252875814385084595e+03 1.265186959535013102e+03
1.024238757494179481e+03 9.816514799103721316e+02 9.276006906473687650e+02 8.674486905366584324e+02 8.050900380115532471e+02 7.432784005475936056e+02 8.069872663436826770e+02 8.675822128573449845e+02 9.205283091949105483e+02 9.592260612898669478e+02 9.752585506142779650e+02 9.735096920657538249e+02 9.627878057943470367e+02 9.446915339416693769e+02 9.216393791039058669e+02 8.936850691869651655e+02 8.791782188213992413e+02 8.563773094118671452e+02 8.223854219739555447e+02 7.768580034666429128e+02 7.817467476947091427e+02 7.866385678533160899e+02 8.241284038723449612e+02 8.789682916730727129e+02 9.297649421685179050e+02 9.753495252261089945e+02 1.016630287323758694e+03 1.053626967253109797e+03 1.086398003824511306e+03 1.115608872883300137e+03 1.141334550042449564e+03 1.163421868038152979e+03 1.180989124229706704e+03 1.192414737099764579e+03 1.202824792962143420e+03 1.214574869404399806e+03 1.227290460015012513e+03
1.007207008694321530e+03 9.697002015416347831e+02 9.184592997774079777e+02 8.596431680745250787e+02 7.976717728557193823e+02 7.354474298158779675e+02 7.988125399030808467e+02 8.568472365819410470e+02 9.039941050806121439e+02 9.315003823897857274e+02 9.356192624291334141e+02 9.268900982627911844e+02 9.138258100083434101e+02 8.951220797245775884e+02 8.696966341630185298e+02 8.350973890406818327e+02 8.263273150834061198e+02 8.036412130097232875e+02 7.670908949928368656e+02 7.719734177959744557e+02 8.145642727519509663e+02 8.382315667469947584e+02 8.668618826818783418e+02 9.071948857219489355e+02 9.475056267623024269e+02 9.853436460277275728e+02 1.020051798097463461e+03 1.050863494050823874e+03 1.075355993876493358e+03 1.095817172828133607e+03 1.111863406868814309e+03 1.126140485789313971e+03 1.136860548371927052e+03 1.142624388847582622e+03 1.148408929171183217e+03 1.159665934056831020e+03 1.173038646481561955e+03
