_codes/_figurecodes/_data/lowRvar/nonsteady/20m_HalfMtrThresh_Diffusion_Tc1/topographic_elevation_depth20m_tc1.asc
nrows 200
cellsize 50.0
xllcorner 0.0
ncols 200
yllcorner 0.0
[rows 0 to 16 of 200, columns 148 to 184 of 200]
2.702359507264186157e-04 2.082456374123646938e-04 8.288491071748439699e-04 7.627146401388444413e-04 1.425471366522346253e-05 5.780333937964827681e-04 6.434457336733404812e-04 1.261987089611111721e-04 3.200616524200422639e-04 8.061758519479770213e-04 7.200252825575457257e-04 2.255329297704103972e-04 2.052902498754057752e-04 9.592130541596578710e-04 7.947116306341483376e-04 3.123011737059251496e-04 4.127947089405448345e-06 5.818118222642857437e-04 1.238197708044277469e-04 7.040407282061706719e-04 2.789959746688632858e-04 8.466748536672440498e-04 6.685785332166970006e-04 3.325733034386766534e-04 5.320415659856588637e-04 3.785096468096744689e-04 9.173593684998651403e-04 2.442732328634592389e-04 7.769309170678476628e-04 9.723621533178430660e-04 7.963241796472741085e-04 1.969404907308438407e-04 3.199060733893526018e-04 2.670001630192053583e-05 3.827236154322824079e-04 2.073069685288113611e-04 8.230740000881838284e-04
1.606407584627604592e+03 1.649482843851688585e+03 1.677072184028163747e+03 1.677339136377183195e+03 1.650159278904019175e+03 1.607369979668649194e+03 1.557244272042827788e+03 1.505593034005714571e+03 1.456882303726275040e+03 1.415693189962407359e+03 1.395281268766887933e+03 1.427127825218195312e+03 1.467981924868840224e+03 1.509132368983267042e+03 1.542612620741178944e+03 1.559616812296615080e+03 1.551263660671698744e+03 1.524908908621846649e+03 1.493048042889065528e+03 1.470240140817276824e+03 1.479884526202056577e+03 1.493870615513106259e+03 1.504982575222694777e+03 1.512532203689745074e+03 1.516699684133968958e+03 1.517806641506993401e+03 1.517064755461579580e+03 1.517368045536232557e+03 1.522186277104154897e+03 1.531204938885161255e+03 1.543194909048685531e+03 1.557135898830311817e+03 1.572381513063172406e+03 1.588569035068495396e+03 1.605515236765701957e+03 1.623143949024324911e+03 1.641442344517044148e+03
1.599675565581331057e+03 1.643960336031910629e+03 1.671761171161557968e+03 1.671976191977957114e+03 1.644625608206896459e+03 1.601112138507575310e+03 1.549297581197460204e+03 1.494241496210877585e+03 1.438485944475681663e+03 1.381279577043195786e+03 1.340524396087681907e+03 1.399343783626460436e+03 1.452046020232375213e+03 1.498480490799427798e+03 1.533357355125252298e+03 1.547444463808414639e+03 1.536020578758581678e+03 1.503918455322463842e+03 1.460857087662191134e+03 1.415718725580982891e+03 1.445709345373470569e+03 1.464770551361427351e+03 1.476363058556037004e+03 1.483787321226460790e+03 1.487730643512521965e+03 1.487991648755546521e+03 1.485220828316518919e+03 1.483076607499704096e+03 1.488117408394032736e+03 1.498004648814967140e+03 1.510714215319231471e+03 1.525110455051391682e+03 1.540611346002722485e+03 1.556927814693228356e+03 1.573927665668597001e+03 1.591565484840504041e+03 1.609846157424625744e+03
1.589385835536397963e+03 1.634481150131849745e+03 1.661495891295649699e+03 1.661444606915907571e+03 1.634452795723349027e+03 1.590415912543794775e+03 1.536973724460529638e+03 1.479306686774457830e+03 1.420619023691444681e+03 1.362883897563528990e+03 1.308735313510851256e+03 1.371999044620743007e+03 1.430100759603733877e+03 1.479964727285873323e+03 1.515301718811860383e+03 1.525562947922894409e+03 1.510693631777816790e+03 1.472922646748969328e+03 1.422285145500489989e+03 1.363918753940337183e+03 1.401912362450777437e+03 1.421988860377629180e+03 1.431662689829553301e+03 1.438532342716521498e+03 1.442459925798084669e+03 1.441697415916870114e+03 1.435018925573157730e+03 1.426630512759065368e+03 1.433454095876680185e+03 1.445348686936447166e+03 1.459342239907471367e+03 1.474455204563996176e+03 1.490331955233901226e+03 1.506828737045824482e+03 1.523897068064410178e+03 1.541537936604899414e+03 1.559781881729649967e+03
1.580576733206144581e+03 1.622980783182358891e+03 1.645424661281077988e+03 1.644964099303388139e+03 1.620728313775910692e+03 1.577168446916228049e+03 1.522625707237944425e+03 1.462756301671780193e+03 1.401259381788287783e+03 1.340462622352408289e+03 1.281862245952425383e+03 1.346505371705491825e+03 1.406760846747399682e+03 1.458091428872559391e+03 1.492940823542314547e+03 1.499310819313595175e+03 1.479851477811288078e+03 1.437256116589652947e+03 1.382006684021132287e+03 1.320379488747347295e+03 1.358876299804180462e+03 1.374605096564801215e+03 1.377966632524638271e+03 1.384558072591297332e+03 1.389640839022699538e+03 1.389011953275899486e+03 1.376898597919500617e+03 1.352635616930204606e+03 1.367735725764559902e+03 1.383021621893627525e+03 1.398550923349186633e+03 1.414390212938155400e+03 1.430618774414790551e+03 1.447270496353700082e+03 1.464384615108942853e+03 1.482006983871445755e+03 1.500191758036507281e+03
1.573707480943348173e+03 1.604832819212351751e+03 1.619092382610733011e+03 1.618946253311502687e+03 1.600152717642150037e+03 1.559131349464161076e+03 1.504855025054448788e+03 1.443648031504504161e+03 1.379787543899580442e+03 1.316426644873527266e+03 1.257825489299672654e+03 1.322801126342043517e+03 1.383754852688877691e+03 1.435473442905799629e+03 1.469514453721025120e+03 1.472412992016803400e+03 1.445737875552625383e+03 1.398851754759739151e+03 1.340253966243979221e+03 1.285399705084742209e+03 1.321746449250206297e+03 1.327552982431466489e+03 1.316659847544134436e+03 1.326222437034818313e+03 1.334796579905036879e+03 1.337988320938854258e+03 1.322878956754647334e+03 1.337714000209733058e+03 1.393842137335784855e+03 1.429980401044193968e+03 1.452942148224091625e+03 1.470841031408401477e+03 1.488061468888183299e+03 1.505018677305725987e+03 1.522026323867278961e+03 1.539291356052008041e+03 1.556964496576553074e+03
1.555783610005251148e+03 1.572887264179009208e+03 1.582831851077178726e+03 1.585751005722781429e+03 1.574683895837487853e+03 1.538428541470159189e+03 1.485881737901199585e+03 1.424209836854083733e+03 1.357786552961811594e+03 1.294424605726587743e+03 1.235822987107744211e+03 1.300692526544552493e+03 1.361727942980896387e+03 1.413480389834338894e+03 1.447380422269355904e+03 1.450679615633186131e+03 1.422140180557027406e+03 1.374322483194277083e+03 1.316427087674001768e+03 1.255568800933648618e+03 1.286568017333015405e+03 1.284964086477039245e+03 1.253295668459160424e+03 1.266716085805107468e+03 1.280325369651300889e+03 1.294166613335354668e+03 1.308253519497059870e+03 1.353447833607788880e+03 1.418708723522797072e+03 1.465477012697210967e+03 1.496596513759232494e+03 1.517549211392854431e+03 1.535860859778038730e+03 1.552958113012929516e+03 1.569601156410793692e+03 1.586185375081937536e+03 1.602930170533727050e+03
1.519396675291999827e+03 1.527954234048296257e+03 1.537500660535760062e+03 1.546944499453795515e+03 1.545480140283795663e+03 1.517290288281168159e+03 1.468087894411626166e+03 1.407784737107355340e+03 1.342857278271236282e+03 1.278110132470953204e+03 1.215375017481904933e+03 1.279939439695052215e+03 1.340766753927621949e+03 1.392301616427509543e+03 1.425879555980152645e+03 1.428659370933964283e+03 1.399080918294138201e+03 1.350207525492354080e+03 1.291078947416867095e+03 1.227703595676565328e+03 1.253815080427305929e+03 1.255030026690438035e+03 1.240228253353775472e+03 1.286310959912415683e+03 1.320836682389934367e+03 1.347407477186589858e+03 1.370926003940961664e+03 1.404089180070127213e+03 1.450753703975935650e+03 1.491722303893131311e+03 1.524322150739830477e+03 1.547539835696340788e+03 1.566056927965278192e+03 1.582598663630966030e+03 1.598315698089852049e+03 1.613688174305536222e+03 1.628890561768022735e+03
1.468334206295692866e+03 1.471562179624601185e+03 1.483860870588329135e+03 1.504369954481062450e+03 1.512678774126548888e+03 1.493118020648175843e+03 1.448112809677774976e+03 1.389642477876321891e+03 1.325241610525377155e+03 1.259428853462745792e+03 1.196064617660513932e+03 1.260291050781179365e+03 1.320780769288836382e+03 1.371944259322939160e+03 1.405080572201783752e+03 1.407251778639085614e+03 1.376984791146058569e+03 1.327212853266513548e+03 1.266735818446698431e+03 1.201429766312663332e+03 1.220397814439617378e+03 1.214314696991830715e+03 1.227216741383743738e+03 1.292717657521525325e+03 1.342262197999749105e+03 1.381242599866826140e+03 1.411672031854044008e+03 1.440129234261780311e+03 1.473210672258633394e+03 1.504279556788934769e+03 1.530902594521470746e+03 1.550637433098740075e+03 1.566725748922520324e+03 1.581336776794049456e+03 1.595260054960717753e+03 1.608729968374866985e+03 1.621692160237657163e+03
1.407358544687457425e+03 1.404608390156036876e+03 1.421379498534092363e+03 1.461810176105885603e+03 1.481141768381725569e+03 1.468785241591699105e+03 1.427502301698480323e+03 1.370812311295073187e+03 1.307042921143912736e+03 1.241068968133448379e+03 1.177705147039951271e+03 1.241575509557009582e+03 1.301641622824000478e+03 1.352312404198078639e+03 1.384971689056784953e+03 1.386826646321512271e+03 1.356467661988579948e+03 1.306438248373544639e+03 1.244965747975507611e+03 1.176480056879159747e+03 1.188924640855968391e+03 1.201466311911689445e+03 1.255269721021107216e+03 1.308824565629067592e+03 1.356255120187089915e+03 1.395799259821306805e+03 1.427258300367222319e+03 1.453049832707976975e+03 1.474901274458078660e+03 1.494368686388290598e+03 1.511319487641710793e+03 1.524258007480025753e+03 1.537122163820730520e+03 1.549817621492941498e+03 1.562304015456210209e+03 1.574458275876043672e+03 1.586011960861155103e+03
1.341978984224445412e+03 1.341248752081590510e+03 1.377842458435490698e+03 1.428965577751681167e+03 1.454694743895938245e+03 1.446370288596730916e+03 1.407430410130067003e+03 1.352145103839346120e+03 1.289133734487789752e+03 1.223519794617112211e+03 1.160156738777781129e+03 1.223679418794183221e+03 1.283214768950402686e+03 1.333169507918289355e+03 1.365195185955582474e+03 1.367196013912956005e+03 1.337810932156110084e+03 1.289099196146858048e+03 1.229511486652349504e+03 1.165051253996222840e+03 1.205231771348080883e+03 1.237571143199319295e+03 1.280619575634865669e+03 1.325401444907566429e+03 1.366210059251772464e+03 1.399156906401964534e+03 1.421769750184647592e+03 1.436589934549305781e+03 1.446712348079165622e+03 1.458021486942112460e+03 1.469082029268759925e+03 1.478265591126626987e+03 1.489011067853540453e+03 1.500416702169770815e+03 1.511997445901002948e+03 1.523428699142399182e+03 1.534335082244016348e+03
1.278616691289081245e+03 1.308898928033980383e+03 1.368480448859392936e+03 1.414362260986342562e+03 1.437303497611693047e+03 1.426669780910980762e+03 1.388224297336666268e+03 1.333928530711939402e+03 1.271730203425711807e+03 1.206673218811386050e+03 1.143311277879497538e+03 1.206608935121050081e+03 1.265429778346262765e+03 1.314111036254824285e+03 1.344703628088534970e+03 1.347114223217519339e+03 1.320074488633157443e+03 1.273722640191395612e+03 1.216248447314341547e+03 1.153729103258077657e+03 1.202518865107150759e+03 1.246842801320369745e+03 1.289936781675765360e+03 1.329606936438866796e+03 1.361952487025864912e+03 1.382534021339411538e+03 1.392320773197361859e+03 1.397098117260719846e+03 1.398614957198754155e+03 1.405310982669746636e+03 1.413433913723108617e+03 1.420758139613374851e+03 1.430707329199547075e+03 1.441571079615260260e+03 1.452760276370413749e+03 1.463957169803288480e+03 1.474819910336270596e+03
1.250752053534668221e+03 1.310946674382696074e+03 1.363933143856735796e+03 1.403037864978758307e+03 1.418926503078269889e+03 1.406605657213123095e+03 1.368954635305334250e+03 1.315952526599486191e+03 1.254806212408510646e+03 1.190443580266462732e+03 1.127083061170785641e+03 1.190710869064861072e+03 1.248466478400473989e+03 1.294678812452681768e+03 1.321056407484422152e+03 1.323652984185924652e+03 1.302124778627392288e+03 1.259496447330657475e+03 1.204327731755889317e+03 1.142577463906229013e+03 1.195830247505869011e+03 1.243761712783403709e+03 1.285416877967354594e+03 1.318490555191927342e+03 1.338903630369337179e+03 1.347315157443959151e+03 1.347602268816076503e+03 1.344317173897298971e+03 1.337237148163688289e+03 1.343383541345678850e+03 1.351043085391990417e+03 1.357359645500363285e+03 1.367940747139972700e+03 1.378835736200511974e+03 1.389976396388232615e+03 1.401244194329427273e+03 1.412460290705350417e+03
1.257656039190522961e+03 1.311661698330785157e+03 1.356809417277188913e+03 1.387043061342771580e+03 1.394676279525884638e+03 1.383379196419609798e+03 1.348551387630179079e+03 1.297956336685205088e+03 1.238366659229542620e+03 1.174709611103938869e+03 1.111350736234416445e+03 1.173752109841629363e+03 1.228671082962518085e+03 1.269918655621641392e+03 1.290027622885465689e+03 1.292984869469562000e+03 1.278763177749280885e+03 1.242311044317192454e+03 1.191170239566564078e+03 1.131556362733096648e+03 1.185900899252415684e+03 1.232228737190561787e+03 1.267782698516839446e+03 1.289800391551852726e+03 1.299932566827625351e+03 1.300800418329492686e+03 1.294385259461751502e+03 1.285884581538222619e+03 1.267515477643932854e+03 1.277824869260656897e+03 1.287084325000233775e+03 1.293997368742488334e+03 1.304744491671500327e+03 1.315703713526052752e+03 1.326889653344958106e+03 1.338318734843111542e+03 1.350028984424150849e+03
1.263172569538102607e+03 1.309557322912266727e+03 1.344520575932617021e+03 1.362232804163918445e+03 1.362807430154672829e+03 1.354143701328333236e+03 1.326316536122294792e+03 1.280008747668432989e+03 1.222871353383452742e+03 1.160309565844486087e+03 1.096067151592240407e+03 1.156703361456794482e+03 1.206862150129014481e+03 1.239292348757752052e+03 1.252478454049297852e+03 1.255687902250056368e+03 1.248766100503573853e+03 1.222460259347507872e+03 1.177589459655599285e+03 1.120645479883554572e+03 1.172562015377305670e+03 1.211962952957662310e+03 1.234487417297828870e+03 1.246669669890002524e+03 1.251622823280508783e+03 1.248874652665942449e+03 1.236904416062513519e+03 1.230105043095580186e+03 1.204150503281605097e+03 1.214459902616290719e+03 1.224846930580661592e+03 1.235395181604989148e+03 1.246142499294348454e+03 1.257101971799208513e+03 1.268288225274354318e+03 1.279717688690134764e+03 1.291428397176654926e+03
1.263568039906924241e+03 1.299397423211314390e+03 1.320020168385476154e+03 1.325697667826884754e+03 1.321725176690515354e+03 1.315908176699194883e+03 1.297454805248896946e+03 1.258248380946883572e+03 1.205341046137270723e+03 1.144824660519334202e+03 1.081104633354274938e+03 1.137053185968896059e+03 1.179094593823863988e+03 1.200141367575571167e+03 1.208212084884091155e+03 1.211687816089697890e+03 1.210148504948766913e+03 1.195538112780851861e+03 1.161385699054931820e+03 1.109811221303173170e+03 1.154855800919684953e+03 1.180892993771794181e+03 1.186904477547184115e+03 1.194084551529186911e+03 1.198778545746399004e+03 1.196878304982566533e+03 1.173882375016264859e+03 1.183864739468066546e+03 1.193916868805642252e+03 1.247249993903717495e+03 1.271890738543555017e+03 1.287737827582512409e+03 1.300712602787094966e+03 1.311957487796967371e+03 1.322865473933599560e+03 1.331521643617894142e+03 1.343231970464262076e+03
1.254264996788676854e+03 1.275328033383745606e+03 1.282137229510895395e+03 1.279343152691705200e+03 1.271901853380600187e+03 1.270439892807717115e+03 1.261601075162568577e+03 1.233620630035528848e+03 1.186921733403319877e+03 1.129460007871869493e+03 1.066441590507778756e+03 1.116154442825264596e+03 1.145664259833795995e+03 1.154292448074348613e+03 1.158144301995763954e+03 1.162061253508602476e+03 1.164709991000036780e+03 1.159260213979375294e+03 1.139542925321967232e+03 1.099022198861477364e+03 1.130732194250746716e+03 1.141958618263279504e+03 1.125339371186163135e+03 1.134904034106878044e+03 1.144509061529929795e+03 1.154185867576879900e+03 1.163968228682599602e+03 1.214480875026740250e+03 1.235990128162386100e+03 1.286732321323967653e+03 1.320604958155191298e+03 1.341316667411995695e+03 1.356813353817823781e+03 1.369273192344537392e+03 1.379514461775014979e+03 1.386374000493380663e+03 1.398083746139164532e+03
