_codes/_figurecodes/_data/highRvar/nonsteady/20m_HalfMtrThresh_Diffusion_Tc1/topographic_elevation_depth20m_tc1.asc
nrows 200
cellsize 50.0
xllcorner 0.0
ncols 200
yllcorner 0.0
[rows 51 to 67 of 200, columns 0 to 36 of 200]
6.951154798689588611e-04 1.379932042513913757e+03 1.348571328319699887e+03 1.298901271245289763e+03 1.239767689097247967e+03 1.176842657910213575e+03 1.113542200739147120e+03 1.054944553708352942e+03 1.000087918287201319e+03 1.062749587371555663e+03 1.117858650907153105e+03 1.157408341945688107e+03 1.169151732147253369e+03 1.145943938675325626e+03 1.101584465554869666e+03 1.045661819448438791e+03 9.845796693576203324e+02 9.224505739636390445e+02 8.638576625796506505e+02 8.090101400920184460e+02 7.572129636920316216e+02 7.079655027701239760e+02 6.608926868768311351e+02 6.157044200240790133e+02 6.627767500781765193e+02 7.120238587177692580e+02 7.638210634722966006e+02 8.186688735491450188e+02 8.772621407799490498e+02 9.392339158600965447e+02 1.000322241582160586e+03 1.056875880440770743e+03 1.102937617411783776e+03 1.129331978099066873e+03 1.122654216514443533e+03 1.086933333466372460e+03 1.034681112486827260e+03
6.598606475424297936e-04 1.366747606981418585e+03 1.335403443978258565e+03 1.285760500400314186e+03 1.226659667417965920e+03 1.163769377116186433e+03 1.100503992517787538e+03 1.041905151078307881e+03 9.870463333462910214e+02 1.049920531957108551e+03 1.105624276515155543e+03 1.146470320958218508e+03 1.160461048089062388e+03 1.138869826045044192e+03 1.095329486124105870e+03 1.039498285460695570e+03 9.779544474526115891e+02 9.154274356599864859e+02 8.568344700507922198e+02 8.019869034988757903e+02 7.501897230219525454e+02 7.009423134062665213e+02 6.538695994727379457e+02 6.086814507802689604e+02 6.557536551894313561e+02 7.050006628744081354e+02 7.567978206654429414e+02 8.116456423454885680e+02 8.702389590918772910e+02 9.322213009060908462e+02 9.933486580867581779e+02 1.050007695399193381e+03 1.096289549670795623e+03 1.123067748615967503e+03 1.116973762446605633e+03 1.081648729089610697e+03 1.029615786343253831e+03
4.723788038439203106e-06 1.353878744776279746e+03 1.322548856383360999e+03 1.272929272681404427e+03 1.213856641670907038e+03 1.150996316516889237e+03 1.087761293587117962e+03 1.029161038990959241e+03 9.742998921042038774e+02 1.036938413813614261e+03 1.092947916476060072e+03 1.135132009324986257e+03 1.152068970107273799e+03 1.132955621657885104e+03 1.090625889702305813e+03 1.034867042306682606e+03 9.718356278813027984e+02 9.084809917621279283e+02 8.498879543659461433e+02 7.950403401942359096e+02 7.432431793597932028e+02 6.939958472488930283e+02 6.469232541407611734e+02 6.017352515974642984e+02 6.488073404206352279e+02 6.980542407791882624e+02 7.498513442400712847e+02 8.046991697126218241e+02 8.632925308882312265e+02 9.252863858939764441e+02 9.864457501637332371e+02 1.043183607755476260e+03 1.089631579862364333e+03 1.116714609107066963e+03 1.111115264262760547e+03 1.076160888356729856e+03 1.024377387201301417e+03
1.466612096202132203e-04 1.341305432156366578e+03 1.309988172114005692e+03 1.260389208072605470e+03 1.201341227796291832e+03 1.138506079180470351e+03 1.075292825313562616e+03 1.016690959578516527e+03 9.618274057024493686e+02 1.023174171142222917e+03 1.078958928315254070e+03 1.122322950345060462e+03 1.143291463853163805e+03 1.128863192144470531e+03 1.088547037692231697e+03 1.034051240930395352e+03 9.730657100275055882e+02 9.111255736500191915e+02 8.514943882513266544e+02 7.949352345784718636e+02 7.413716099783853224e+02 6.905094059648035909e+02 6.418692940551250103e+02 5.948630948018296749e+02 6.419350721860434987e+02 6.911818661201763234e+02 7.429789081034455194e+02 7.978267294955865054e+02 8.564201300826904344e+02 9.184150123858248662e+02 9.795833844044470879e+02 1.036354898787942602e+03 1.082901489818404116e+03 1.110214482521188529e+03 1.105054209815386002e+03 1.070479995984956986e+03 1.018994566960511861e+03
1.417396414411666950e-04 1.329009933829998545e+03 1.297704262382712614e+03 1.248124373296707745e+03 1.189099657939088502e+03 1.126289583920481391e+03 1.063102180863831563e+03 1.004498541122729534e+03 9.496325815946853481e+02 1.010657859297043728e+03 1.066590889941253863e+03 1.110997786532989949e+03 1.134339047986130481e+03 1.123230765754209415e+03 1.084854050292314014e+03 1.031512456147364446e+03 9.712962676778756759e+02 9.093989381876516518e+02 8.488187210863529799e+02 7.910225826596050638e+02 7.361747646927616415e+02 6.843777783713695726e+02 6.351310771400924295e+02 5.880592171677966462e+02 6.351310896366890120e+02 6.843777770728931955e+02 7.361747517175706435e+02 7.910225617287824207e+02 8.496159960813286034e+02 9.115997640467163592e+02 9.727415887463429272e+02 1.029473062616058769e+03 1.076013295381651460e+03 1.103456868623818991e+03 1.098696268540637220e+03 1.064555226108987654e+03 1.013457681322490430e+03
4.456428750290661865e-04 1.316975940059969616e+03 1.285681135540170999e+03 1.236119265712067545e+03 1.177116837084869985e+03 1.114331304912749829e+03 1.051169677523518885e+03 9.925641396808872514e+02 9.376958564442544457e+02 9.987771567724546458e+02 1.055050882636240658e+03 1.100349730156513942e+03 1.125348828366326416e+03 1.116656446954720423e+03 1.079794175943026858e+03 1.027240585062062110e+03 9.672103935027552097e+02 9.048080091883714431e+02 8.428779274085712814e+02 7.842844687193691016e+02 7.294366773630224543e+02 6.776397710653056947e+02 6.283931782349548030e+02 5.813214065302148583e+02 6.283931842618661676e+02 6.776397643897353191e+02 7.294366662132972579e+02 7.842844572983933631e+02 8.428779199427195863e+02 9.048499268520230316e+02 9.659199855084026467e+02 1.022484792795254862e+03 1.068827095446794601e+03 1.096227509122645188e+03 1.091832037045800917e+03 1.058258532784900808e+03 1.007727779821970671e+03
4.981930987996034460e-04 1.305188114751552575e+03 1.273903547484027740e+03 1.224358701548622548e+03 1.165377409778815263e+03 1.102615199592434919e+03 1.039477893002327392e+03 9.808703791222014843e+02 9.259999326327774725e+02 9.872752387663078935e+02 1.043953885572137096e+03 1.090027070156119635e+03 1.116304653471720258e+03 1.109449370508988068e+03 1.073745181107059807e+03 1.021748272855392543e+03 9.617617937942451363e+02 8.989411718030426073e+02 8.362038137500859420e+02 7.776103320741449352e+02 7.227625686565233991e+02 6.709657431479525940e+02 6.217192583431512958e+02 5.746475701979338737e+02 6.217192614340876844e+02 6.709657365744883464e+02 7.227625612668911117e+02 7.776103267427600940e+02 8.362038118515489487e+02 8.982190167256050017e+02 9.591760164727028268e+02 1.015339697058765637e+03 1.061096942536676352e+03 1.088096551417561614e+03 1.084026538790173618e+03 1.051336652760127663e+03 1.001751211995067933e+03
9.669315979775707556e-04 1.293631966290545734e+03 1.262357008337616890e+03 1.212828135403122587e+03 1.153866641959639537e+03 1.091126174386632556e+03 1.028011318258917527e+03 9.694018021054833980e+02 9.145294243508720911e+02 9.760406409140236974e+02 1.033127901820592115e+03 1.079883031053928335e+03 1.107209931378860574e+03 1.101830620186632586e+03 1.067061256462495749e+03 1.015527604925339233e+03 9.556294109451520171e+02 8.926295523681836812e+02 8.295916906629265668e+02 7.709981912736155891e+02 7.161504599988886639e+02 6.643537171086480839e+02 6.151073371208782419e+02 5.680357260986133952e+02 6.151073341531588312e+02 6.643537155617208327e+02 7.161504594601806275e+02 7.709981919287744176e+02 8.295916926497432087e+02 8.918871696915080065e+02 9.527387656302024652e+02 1.008024925605100975e+03 1.052368448419391143e+03 1.078158297438985301e+03 1.074355470276796495e+03 1.043302308600048264e+03 9.955011954910388567e+02
6.028414841639845225e-04 1.282293845383609096e+03 1.251027867016139908e+03 1.201513889053420826e+03 1.142570785653658049e+03 1.079850388423437380e+03 1.016756076484166897e+03 9.581445833228984839e+02 9.032705696414502654e+02 9.650219207054792605e+02 1.022498514320404752e+03 1.069863397027860856e+03 1.098093174656810561e+03 1.093968343221320765e+03 1.060007583020769061e+03 1.008911102718881580e+03 9.491736153543697583e+02 8.861596200933495311e+02 8.230396790698869154e+02 7.644461683775236907e+02 7.095984749534777620e+02 6.578018156379763468e+02 6.085555354229761633e+02 5.614839917188256777e+02 6.085555090120451496e+02 6.578017479683799138e+02 7.095983786975307339e+02 7.644460897654035989e+02 8.230396250422257935e+02 8.863948002716481369e+02 9.473253666719364219e+02 1.000644662122663249e+03 1.041780474314063667e+03 1.064394391514779500e+03 1.060760825209372797e+03 1.033197703494537336e+03 9.890706074857399699e+02
9.156320038832680471e-04 1.271160948566232037e+03 1.239903350322356573e+03 1.190403233679852292e+03 1.131477163347852866e+03 1.068775236578779413e+03 1.005699692893978977e+03 9.470863016867251645e+02 8.922109939337093465e+02 9.541934136795738368e+02 1.012034511836693810e+03 1.059953836086130877e+03 1.088990176683993695e+03 1.085983178635246531e+03 1.052760251977094640e+03 1.002097787685990738e+03 9.425765852340342690e+02 8.796443980026176632e+02 8.165459951900899114e+02 7.579524792040347165e+02 7.031048293668550286e+02 6.513082550874490835e+02 6.020620706106363969e+02 5.549905862965932783e+02 6.042363083353135380e+02 6.560322232901100961e+02 7.108795523240410148e+02 7.685201325541885353e+02 8.279919962451052697e+02 8.881442342254728146e+02 9.449825239541727342e+02 9.934364932360368812e+02 1.027755778787735835e+03 1.042063917992497181e+03 1.038460333089905816e+03 1.019109410824246538e+03 9.826401250267621208e+02
6.429370537309569674e-04 1.260221274982234036e+03 1.228971531682003160e+03 1.179484363622753563e+03 1.120574120380822023e+03 1.057889242659053480e+03 9.948309048679101352e+02 9.362157436661068459e+02 8.813395150655462658e+02 9.435406442696926206e+02 1.001722841463069130e+03 1.050154776492518295e+03 1.079932503687083226e+03 1.077956127202000971e+03 1.045428605663653798e+03 9.952010260025506341e+02 9.359304633801485807e+02 8.731323388521223023e+02 8.101062842687473449e+02 7.515127688286275998e+02 6.966651676102148940e+02 6.448686793475278591e+02 5.956225850453663497e+02 5.485511536296587565e+02 6.002411895016826975e+02 6.541471913797203115e+02 7.109208130329324149e+02 7.701801180788831971e+02 8.300918649308750901e+02 8.882960154251132963e+02 9.407739602547682125e+02 9.818357188249490264e+02 1.003990666424473261e+03 1.007781482397032505e+03 1.002672380699430278e+03 9.932636281825751894e+02 9.704953186042653215e+02
5.221241022254239847e-04 1.249463521651677411e+03 1.218221232242246742e+03 1.168746301041121342e+03 1.109850920008857202e+03 1.047181929166288910e+03 9.841395030071597603e+02 9.255227443512374066e+02 8.706459812374694138e+02 9.330539240156296046e+02 9.915573270855094279e+02 1.040470175377810619e+03 1.070943447705538119e+03 1.069938608514559746e+03 1.038077768086897095e+03 9.882839585300158660e+02 9.292824079942408844e+02 8.666454279252599235e+02 8.037164882954601808e+02 7.451229789425816534e+02 6.902754309775019692e+02 6.384790290425130479e+02 5.892330195428921797e+02 5.421616334154431343e+02 5.939569245443432237e+02 6.488033532543635147e+02 7.073963779050911853e+02 7.689161439129187556e+02 8.288845433728516809e+02 8.846179604714483276e+02 9.312965216953534764e+02 9.620275549693867561e+02 9.690775446445198895e+02 9.624231406535982387e+02 9.531242778203049966e+02 9.532802067213345936e+02 9.472532609495245879e+02
2.725979706478885820e-04 1.238876907860687425e+03 1.207641857307761256e+03 1.158178746650542962e+03 1.099297605007608809e+03 1.036643683736704816e+03 9.736161986243024558e+02 9.149980534839274924e+02 8.601211359319160010e+02 9.227255589423125457e+02 9.815338223461525331e+02 1.030903116577866513e+03 1.062038043375932148e+03 1.061961571783339423e+03 1.030745227405298010e+03 9.813811805615771391e+02 9.226567816015194694e+02 8.601943347912784930e+02 7.973753408531025570e+02 7.387818432831185191e+02 6.839343526846032546e+02 6.321380367924837174e+02 5.828921062017902841e+02 5.358207593451471666e+02 5.904694782772385224e+02 6.476015623618985728e+02 7.073071052448273122e+02 7.681371784673124239e+02 8.268830055192729560e+02 8.791776574871585126e+02 9.184003523280974832e+02 9.347094459168191634e+02 9.265886997374464045e+02 9.081641509371919483e+02 8.878119140120585371e+02 9.021584030078166734e+02 9.128254973842082336e+02
6.033137843811641485e-04 1.228450912264424915e+03 1.197223157426399212e+03 1.147771877315585698e+03 1.088904831377546316e+03 1.026265623015360916e+03 9.632525102708744953e+02 9.046332156327608800e+02 8.497565056868692182e+02 9.125486562712120531e+02 9.716483021373696829e+02 1.021454506926920658e+03 1.053224550361076126e+03 1.054042378255552194e+03 1.023451581082838402e+03 9.745110090113008710e+02 9.160656837646885151e+02 8.537832157676625684e+02 7.910791628053975728e+02 7.324856820184197659e+02 6.776382521126848815e+02 6.258420212417328230e+02 5.765961660708354657e+02 5.295248508482709440e+02 5.843706662240296055e+02 6.429627942972250594e+02 7.040736159592969443e+02 7.649096095712159240e+02 8.220399200051732578e+02 8.700434135783003740e+02 9.005942076070554094e+02 9.015809408471509414e+02 8.793159003841873300e+02 8.499034764156260735e+02 8.180987743494886217e+02 8.447485354105837132e+02 8.729707408538383788e+02
4.870604640541853394e-05 1.218174888702377302e+03 1.186954887468015158e+03 1.137516070003003279e+03 1.078663663155939275e+03 1.016039449788588286e+03 9.530406684903649648e+02 8.944204800333021694e+02 8.395443055902431979e+02 9.025166495077334048e+02 9.618962164490824307e+02 1.012122987750151196e+03 1.044506085336774049e+03 1.046189473741250822e+03 1.016207098701656491e+03 9.676824205097008189e+02 9.095147856073191406e+02 8.474138883292682749e+02 7.848269087206921313e+02 7.262334497955464485e+02 6.713860836281680804e+02 6.195899362266210346e+02 5.703441477555792289e+02 5.232728618817507140e+02 5.781186300183455842e+02 6.367106649719958114e+02 6.998617870215362018e+02 7.608375727602747247e+02 8.162206771209973795e+02 8.596366343925618594e+02 8.810293994969727009e+02 8.667574067183122679e+02 8.290031918575916734e+02 7.913339821207963496e+02 7.547432170496653043e+02 7.820904849965735366e+02 8.310504408471205124e+02
3.570053964013645068e-04 1.208037498335243072e+03 1.176826309699212061e+03 1.127401515250055809e+03 1.068565303510652939e+03 1.005957289447264998e+03 9.429735328338351792e+02 8.843527157883253267e+02 8.294773604761808201e+02 8.926230916577419521e+02 9.522723111074606095e+02 1.002905161805524585e+03 1.035881855951897023e+03 1.038405263788197544e+03 1.009015451230691042e+03 9.608986697322402506e+02 9.030058731841686495e+02 8.410864233383816781e+02 7.786175739859276064e+02 7.200241418070982036e+02 6.651768416407044242e+02 6.133807757888953347e+02 5.641350514184682652e+02 5.170637880220257330e+02 5.751423208121859716e+02 6.355926303474437873e+02 6.976521561195180539e+02 7.578569077703558605e+02 8.113792701220020263e+02 8.503723067835736629e+02 8.618483098060662542e+02 8.353771439342439180e+02 7.779293812944463298e+02 7.327403123632432198e+02 6.961496598792120949e+02 7.369014219111571720e+02 8.015259199021120367e+02
1.873356355334703134e-04 1.198025858368691388e+03 1.166825454400613125e+03 1.117417650646431866e+03 1.058600719958758873e+03 9.960114878671399765e+02 9.330445220563314024e+02 8.744233394499856331e+02 8.195490382796094764e+02 8.828615472681918845e+02 9.427705438783176533e+02 9.937957383033639189e+02 1.027347835780366267e+03 1.030687610366638410e+03 1.001875601618596420e+03 9.541590585997307699e+02 8.965379840875531272e+02 8.347991015417106837e+02 7.724478869742924871e+02 7.138544857976642106e+02 6.590072535552225190e+02 6.072112668519833960e+02 5.579655999486180917e+02 5.108943570512570318e+02 5.694858327104074078e+02 6.312641113790411964e+02 6.934060428026656382e+02 7.529710687451955664e+02 8.048456363656459871e+02 8.407042948444330932e+02 8.475646118205769426e+02 8.203870779609884494e+02 7.733005454048065985e+02 7.223493389330358241e+02 6.698799277335147053e+02 7.259552642588452045e+02 7.829841012054553175e+02
