_codes/_figurecodes/_data/highRvar/nonsteady/20m_HalfMtrThresh_Diffusion_Tc1/topographic_elevation_depth20m_tc1.asc
nrows 200
cellsize 50.0
xllcorner 0.0
ncols 200
yllcorner 0.0
[rows 68 to 84 of 200, columns 148 to 184 of 200]
9.403108183623281775e+02 1.003336174423633679e+03 1.060101898535988312e+03 1.104359499106465137e+03 1.127788545597665006e+03 1.122303221709408263e+03 1.096925402660281406e+03 1.063470743521384520e+03 1.026232278329535347e+03 9.869479016479390339e+02 9.454531191681384144e+02 9.014228872903628371e+02 8.542804625905321245e+02 8.060178194034103853e+02 8.061280773828831343e+02 7.948936960570387100e+02 7.742773940371889694e+02 7.381599794965162573e+02 7.432259778201702147e+02 7.482943757012478727e+02 7.696831779533272311e+02 7.915238800238043950e+02 8.140201227398680430e+02 8.374364409628137764e+02 8.619115020025823242e+02 8.878972957841741618e+02 9.154134600666645838e+02 9.448087240312119093e+02 9.765928550820187866e+02 1.012343901569461877e+03 1.091201644288513762e+03 1.146691130050390029e+03 1.185716853455392993e+03 1.209699143284361980e+03 1.222856264993743252e+03 1.233790710104151458e+03 1.245357698881717170e+03
9.196108923819542724e+02 9.824858996175127004e+02 1.040345257004360292e+03 1.087492336157912405e+03 1.116428487477266344e+03 1.118218219311666644e+03 1.095848172874483680e+03 1.061329723605923846e+03 1.021935672337645997e+03 9.810832333335164321e+02 9.381818138019874596e+02 8.918271869597040222e+02 8.369817689687134816e+02 7.851858984446710110e+02 7.656679986384270933e+02 7.466630524989058131e+02 7.280375490882996701e+02 7.330975707766978076e+02 7.772387228349064117e+02 8.020170667275648384e+02 8.264357466663221885e+02 8.496697041885705630e+02 8.712004023855647574e+02 8.939745345283259894e+02 9.179508255975962356e+02 9.439535690792948799e+02 9.698181630882107811e+02 9.965191484875920196e+02 1.024557440408821549e+03 1.058176181921193574e+03 1.102801070318197844e+03 1.140180421058315005e+03 1.163609586601837918e+03 1.173515400773289457e+03 1.176903353538060401e+03 1.181481900772858353e+03 1.192492313930275714e+03
9.000929915520227951e+02 9.631607254129322655e+02 1.021555166210631796e+03 1.069720892147967788e+03 1.100134670068859805e+03 1.103312465649555861e+03 1.081715361426033041e+03 1.044796240778000083e+03 1.003480487584265575e+03 9.652447247546517701e+02 9.267114350272287311e+02 8.904403140114588950e+02 8.576816116541519932e+02 8.240475369344412684e+02 7.971749925346624650e+02 7.637566792928379300e+02 7.230822416795409708e+02 7.626836547459960229e+02 8.050451092116270502e+02 8.399593912048584343e+02 8.696001040499196506e+02 8.953726004900713633e+02 9.170681977971516972e+02 9.389596559495936390e+02 9.613386040011566820e+02 9.851022567755138653e+02 1.007593894647205730e+03 1.029942269761491161e+03 1.052277701123199677e+03 1.077217327447663365e+03 1.101407454175397106e+03 1.119115723147779136e+03 1.126434729094698469e+03 1.125242628331216110e+03 1.119677100776586258e+03 1.116404583430827188e+03 1.131460810673749393e+03
8.815584495314805054e+02 9.451178908018071070e+02 1.003508054186412778e+03 1.051051518447482749e+03 1.079631030700356405e+03 1.079046709483158793e+03 1.054116765490661464e+03 1.010842371030386857e+03 9.632330211651978971e+02 9.231480314646047418e+02 8.859063771043107636e+02 8.560543564076864413e+02 8.493261000379563939e+02 8.331945796720265207e+02 8.053219364043361566e+02 7.663218699165664702e+02 7.181324849249232329e+02 7.672902800235350469e+02 8.137055187490794879e+02 8.549322797652946520e+02 8.903288877421163079e+02 9.197916434276079372e+02 9.429987365057376110e+02 9.633443372666199593e+02 9.824474262272480019e+02 1.000415553634164326e+03 1.017073601686423103e+03 1.033230960917692300e+03 1.048777656321498171e+03 1.063290744970478272e+03 1.073917882611501682e+03 1.080411365082272368e+03 1.078848574626161508e+03 1.070207990935586849e+03 1.056691887674861164e+03 1.046693863032771560e+03 1.068557463758870426e+03
8.655850561353316834e+02 9.290744556621613128e+02 9.867891952530632125e+02 1.032375108675582396e+03 1.056118706642173720e+03 1.050739142146746190e+03 1.018658783607697728e+03 9.627329523706615646e+02 9.078870788915152161e+02 8.643534585144924449e+02 8.247901044662047525e+02 7.882004485354905228e+02 8.189888814498199281e+02 8.215987011645784150e+02 8.015767218749360836e+02 7.635167731588918514e+02 7.131926631278813602e+02 7.664629630567250160e+02 8.150623630695719157e+02 8.574174337434118343e+02 8.922349669433913277e+02 9.186151456550272769e+02 9.384556486016277859e+02 9.549483714249945479e+02 9.691880501241345200e+02 9.808308118230959280e+02 9.929302914154267228e+02 1.004854967529094438e+03 1.015924675828009185e+03 1.025029485232308616e+03 1.029943318332558192e+03 1.031484313439034850e+03 1.026077098023269173e+03 1.013379693721494505e+03 9.933389398849020608e+02 9.833409763321999435e+02 1.007591059267374476e+03
8.488612257523154767e+02 9.117869196604688113e+02 9.678073374324848146e+02 1.010132329193022770e+03 1.028961010693656362e+03 1.025796448468626750e+03 9.996127916795493320e+02 9.550040067438166034e+02 9.049846075838192974e+02 8.555308644392285942e+02 8.061411362677133638e+02 7.552597446943768773e+02 7.899275663575386943e+02 7.981863722609208480e+02 7.875451611639470002e+02 7.554149317634024783e+02 7.082605234855936942e+02 7.617555060805286757e+02 8.082849106582640388e+02 8.460798276705077114e+02 8.729706708866757481e+02 8.912723818416372978e+02 9.064752971186873083e+02 9.194528184322856532e+02 9.304735211814412423e+02 9.391087733862958657e+02 9.485615584539241354e+02 9.580579385975154310e+02 9.668148067201649383e+02 9.737436547320498903e+02 9.770942045609377828e+02 9.777497877688344943e+02 9.722887014762162607e+02 9.588849447311148424e+02 9.347475872294930923e+02 9.247495869528842150e+02 9.489998443717921646e+02
8.323116059046213877e+02 8.940931095730508105e+02 9.473646758596315749e+02 9.847523658739517032e+02 9.972058245335581432e+02 9.933632606365968059e+02 9.732771669267895049e+02 9.349724810702797413e+02 8.876912406321127946e+02 8.360322178177702881e+02 7.819893414366667912e+02 7.258645727266620042e+02 7.578303739251504112e+02 7.668548610774676035e+02 7.643447256140093486e+02 7.432884383938520614e+02 7.033349372407567444e+02 7.521675062607575910e+02 7.908330981687727217e+02 8.172906928163588418e+02 8.342820258409179814e+02 8.466923811261751780e+02 8.581445361093908559e+02 8.685149453325705053e+02 8.776250556802203846e+02 8.849666389146865413e+02 8.931859004630633763e+02 9.015793519002987750e+02 9.095139173468974150e+02 9.161723130035769600e+02 9.202551979035284830e+02 9.225892172326088030e+02 9.200938287818129311e+02 9.094858718722412050e+02 8.799014804070820901e+02 9.019001254072345546e+02 9.464784057776206510e+02
8.167456766752832209e+02 8.770217011092988741e+02 9.264055023811313276e+02 9.558061732076690760e+02 9.608026475720824919e+02 9.542600212889700515e+02 9.370126958217416586e+02 9.048288373630280148e+02 8.618886324806503580e+02 8.106997970228864006e+02 7.558090319389718843e+02 6.986789925013179072e+02 7.203576858199886601e+02 7.276213546059962027e+02 7.299717564417811673e+02 7.226843426731384170e+02 6.984137069497807033e+02 7.344866077343443749e+02 7.576185336294835224e+02 7.723485502475507474e+02 7.829451389743195477e+02 7.918266782395296559e+02 8.008658107681137608e+02 8.096021846961793926e+02 8.177833000718622998e+02 8.249459325896151540e+02 8.328336340033165470e+02 8.409186169525892183e+02 8.488497558506561518e+02 8.561962775568970301e+02 8.621847727944225426e+02 8.675697955013177989e+02 8.704969042930033538e+02 8.693689161371182763e+02 8.590694892472016591e+02 9.017916244212075298e+02 9.403000922681920883e+02
8.001210522543050274e+02 8.575489456464076738e+02 9.014420275641180069e+02 9.215313330766599620e+02 9.201343633415146996e+02 9.094660539174630003e+02 8.906055633271155330e+02 8.598614523006314130e+02 8.210431325147259258e+02 7.734345881608801392e+02 7.217991598994343576e+02 6.726935696789827261e+02 6.768463422088182142e+02 6.810009663534722222e+02 6.851624041184968519e+02 6.893275753890516171e+02 6.934946188771338029e+02 7.011200961384846551e+02 7.087548526280571650e+02 7.164084805464766532e+02 7.240906943484443445e+02 7.318115798885939967e+02 7.395817283689638089e+02 7.474072956621871526e+02 7.552948492033157208e+02 7.632460573123209997e+02 7.712737385865819988e+02 7.793861416595368610e+02 7.875922847673913338e+02 7.958896735549359391e+02 8.042753538817820527e+02 8.127458893824222059e+02 8.212973487163419577e+02 8.299252977829204383e+02 8.386247980211928734e+02 8.849998267210295353e+02 9.147266619467226292e+02
7.833628336713718454e+02 8.370650357683867924e+02 8.742626250595211559e+02 8.847653821732609458e+02 8.769171307809978089e+02 8.613806684179207878e+02 8.390165862429430490e+02 8.065701481762539515e+02 7.667818688467917809e+02 7.183164542957025560e+02 6.644392999753310960e+02 6.685658303421132587e+02 7.067421410205696475e+02 7.212148737537534089e+02 7.286775487628458450e+02 7.264594238286788368e+02 7.060341515238180818e+02 7.413942362066613896e+02 7.618285201493517889e+02 7.749845810253308400e+02 7.843529142837078325e+02 7.916450464576356580e+02 7.976485744422440121e+02 8.022536108865318738e+02 8.098799807166925575e+02 8.150419030690962927e+02 8.205199620361478310e+02 8.264581859867639650e+02 8.368386320741853979e+02 8.476857294358696890e+02 8.579470631521899122e+02 8.660430752021625267e+02 8.712915133255040701e+02 8.689183505627779596e+02 8.479055668442480282e+02 8.600720427761021938e+02 8.722831180864972112e+02
7.674604978687252697e+02 8.168756978249562053e+02 8.452118316578514623e+02 8.465080374458345887e+02 8.325067051421819997e+02 8.120562560303374084e+02 7.856073652232378208e+02 7.501412086229464649e+02 7.074823603403052630e+02 6.562024535135151382e+02 6.603139786813637784e+02 6.938879646286898151e+02 7.327102654701019446e+02 7.568074546314392137e+02 7.649355395635105879e+02 7.535577263735101496e+02 7.185981750300795738e+02 7.696018369083277548e+02 8.058046405743624518e+02 8.279824873734380617e+02 8.418487409657956277e+02 8.507945966575038028e+02 8.567805336856107488e+02 8.608456837574648262e+02 8.667609838400315994e+02 8.698882607012964172e+02 8.723157225370406422e+02 8.757042759234316236e+02 8.886343671564757187e+02 9.005232713077433573e+02 9.108199670841150919e+02 9.164847941039944317e+02 9.152993486140406958e+02 8.990573880846393422e+02 8.607785492839325343e+02 9.002299414116135949e+02 9.250937213941215305e+02
7.500031356725121441e+02 7.937879149540943899e+02 8.127292445142439874e+02 8.070769665946672831e+02 7.878131527142843424e+02 7.629136156203360315e+02 7.325485514751288747e+02 6.938993254718135404e+02 6.479841718424601140e+02 6.520927171475668729e+02 7.062112792516276158e+02 7.386755962377160358e+02 7.693327926358973627e+02 7.918361542853307355e+02 7.964449068157373404e+02 7.749309698032143388e+02 7.312370693684948719e+02 7.893502338431716225e+02 8.378833503481073421e+02 8.728006356787706181e+02 8.943355202011289293e+02 9.074651935697820591e+02 9.154711497091062711e+02 9.206660383452418728e+02 9.254156142729469821e+02 9.272709973844850992e+02 9.271618589336990226e+02 9.274997759216412305e+02 9.417690831996336556e+02 9.536420679625875891e+02 9.623899378677579080e+02 9.636141699898099660e+02 9.538319604019926601e+02 9.232630672305501776e+02 8.737054205937680535e+02 9.279454424934659755e+02 9.684366762410220417e+02
7.319933342131492964e+02 7.694750785419785188e+02 7.792318963372759981e+02 7.673242128252537668e+02 7.435183290904224123e+02 7.148213685988059751e+02 6.810503574257387527e+02 6.397736178886528933e+02 6.438780045953822082e+02 7.019707919706262373e+02 7.518619691443226429e+02 7.819255470085846582e+02 8.072447344116731074e+02 8.256534770688027720e+02 8.231738477580620383e+02 7.925096227163319327e+02 7.439781332850484432e+02 8.044798250286738721e+02 8.593108215672838242e+02 9.053736719161960309e+02 9.385086064234372998e+02 9.589265198881732886e+02 9.712919189607121098e+02 9.789280166345488396e+02 9.843527571554801625e+02 9.858807228794524917e+02 9.848903078771656965e+02 9.823455484174362482e+02 9.961977549340529094e+02 1.006546613394799124e+03 1.011983814108646698e+03 1.006583755159824136e+03 9.851322106901277493e+02 9.426583602413425069e+02 8.867146022647358450e+02 9.472860524481591256e+02 9.992491074185359139e+02
7.139055438461417680e+02 7.444098882620801305e+02 7.451996864387060668e+02 7.275705229501660369e+02 6.999559834671447334e+02 6.682204877922683863e+02 6.315772608679201312e+02 6.356727842591557192e+02 6.874676858873837091e+02 7.460589952654634089e+02 7.937435383954897361e+02 8.238776657119532274e+02 8.449357252728204912e+02 8.580516686731054961e+02 8.468570538762438673e+02 8.095286141726356846e+02 7.568777358452118733e+02 8.168348065211959010e+02 8.738198281691094280e+02 9.256936579995361853e+02 9.695170453900600478e+02 1.001265437485064240e+03 1.021092199752701276e+03 1.033473583330935298e+03 1.041659429277161280e+03 1.044351648940117457e+03 1.043637294485017037e+03 1.040936837781255235e+03 1.051611664710919513e+03 1.058410520252777815e+03 1.058565841414768101e+03 1.044569270623396733e+03 1.010929087610838792e+03 9.603628399448203936e+02 8.998649528340714596e+02 9.620780807431108315e+02 1.019412182517927477e+03
6.963060749314309987e+02 7.177816462742939621e+02 7.103517693307254603e+02 6.877537431978621498e+02 6.572107153104798272e+02 6.233956147424147503e+02 6.274858513467333978e+02 6.935362072104325080e+02 7.509921346875116797e+02 8.030962994163265876e+02 8.415445252676554446e+02 8.663510586596705707e+02 8.819192813570732596e+02 8.886199916996865795e+02 8.681046185968300506e+02 8.253136522589272772e+02 7.699708891314847961e+02 8.271583646733491832e+02 8.832595352430639650e+02 9.370709384435938318e+02 9.865729365959631423e+02 1.028945524326039049e+03 1.060419004205886722e+03 1.080811882086512242e+03 1.094466616134662445e+03 1.100431759289919910e+03 1.101791378167740959e+03 1.101764200314796653e+03 1.106424050222134156e+03 1.107537406600244367e+03 1.099936059849703952e+03 1.073941678372461638e+03 1.030098295648224166e+03 9.748536275026448266e+02 9.131916580982069718e+02 9.741158283567984881e+02 1.032642038217958998e+03
6.766913618657725920e+02 6.883115377363848211e+02 6.743170054434525582e+02 6.476661673412525033e+02 6.152297501717057457e+02 6.193112256569442025e+02 6.799486575534491521e+02 7.421081295794572270e+02 8.009759326795133347e+02 8.526934331094253139e+02 8.881963380046136081e+02 9.079449237873558332e+02 9.171346231727928853e+02 9.151498227846666396e+02 8.851746607820159625e+02 8.382985324128508182e+02 7.832975714550481143e+02 8.351069013052832588e+02 8.879281981931795826e+02 9.410112123013497012e+02 9.927011628367151843e+02 1.040932573694128450e+03 1.083090664345209461e+03 1.115824261164029622e+03 1.138423748683470649e+03 1.150495016593918990e+03 1.155368225022609749e+03 1.156399619366032312e+03 1.157033256809485465e+03 1.151239220924041547e+03 1.132749102338395005e+03 1.095139797681714072e+03 1.045163661491841822e+03 9.878677628548881557e+02 9.267662918610722045e+02 9.840679208598668311e+02 1.040745325174843401e+03
6.560719188672832161e+02 6.574857878913127252e+02 6.372204970349033601e+02 6.070841937990070392e+02 6.111552383052436426e+02 6.674757129077908075e+02 7.262904251253288521e+02 7.862122510881426933e+02 8.441508717834470872e+02 8.953944051713114050e+02 9.312768595971285777e+02 9.472968010825612737e+02 9.500837413491819916e+02 9.382078136336214129e+02 8.998694283911100911e+02 8.482785946790966136e+02 7.969367029538791485e+02 8.379317538399947125e+02 8.863659402535023446e+02 9.376693930651124447e+02 9.894982931090636384e+02 1.040381577031055485e+03 1.088516898428957120e+03 1.131540564753308900e+03 1.166894717344954188e+03 1.189954946219753992e+03 1.200926503370219280e+03 1.203545197490361488e+03 1.200720027250893054e+03 1.186930503235085553e+03 1.156281275533244070e+03 1.110836334585763097e+03 1.057497469808020924e+03 1.000258512827516938e+03 9.407084663288310367e+02 9.938323466045447958e+02 1.046951707023936024e+03
