_codes/_figurecodes/_data/highRvar/nonsteady/20m_HalfMtrThresh_Diffusion_Tc1/topographic_elevation_depth20m_tc1.asc
nrows 200
cellsize 50.0
xllcorner 0.0
ncols 200
yllcorner 0.0
[rows 34 to 50 of 200, columns 74 to 110 of 200]
8.440724460354905432e+02 7.832798108797196619e+02 7.214093249959671539e+02 7.848144049175233476e+02 8.468404434343241292e+02 9.044710924870618101e+02 9.529873614674567079e+02 9.852377080462474623e+02 9.984721345673715405e+02 9.996432064619190214e+02 9.988020894794409514e+02 9.976616845058908893e+02 9.820272428423613746e+02 9.471733710407745548e+02 1.009361428398588032e+03 1.070450611370511979e+03 1.127214550167171410e+03 1.173468907926175234e+03 1.199807103613662321e+03 1.193681551286981176e+03 1.159859960885018154e+03 1.111057124295546373e+03 1.055440582687817596e+03 9.979704127670019034e+02 9.415847452535695083e+02 8.880988040017027743e+02 8.385495429910671419e+02 7.939555993984954512e+02 7.563825053293060137e+02 8.151839585382377891e+02 8.717152411325843104e+02 9.238667421147886216e+02 9.671360135490199355e+02 9.944868476473918690e+02 9.972647922736032342e+02 9.831079851896093942e+02 9.937072627179013580e+02
8.363894194972648393e+02 7.761789830832119605e+02 7.143931367662248704e+02 7.775787864776743845e+02 8.377529191181833994e+02 8.908035814579104681e+02 9.307544747891886345e+02 9.497528554954263882e+02 9.528217386114807823e+02 9.477347136478180119e+02 9.490053569216406686e+02 9.520816584107892595e+02 9.434197952468541644e+02 9.287258208879236463e+02 9.904409408457895552e+02 1.051363304794074111e+03 1.110441256454042104e+03 1.160901478828496693e+03 1.192348679861739356e+03 1.191879777436352242e+03 1.161164629066885936e+03 1.113892745473739524e+03 1.058896239946663854e+03 1.001543185774201788e+03 9.449207757618199821e+02 8.906678629626251222e+02 8.394710361507967491e+02 7.913530550389864402e+02 7.454914433598258938e+02 8.068621915171590899e+02 8.653564420907016483e+02 9.176169456229656589e+02 9.578967393034602082e+02 9.770798771888330521e+02 9.679451772369004630e+02 9.385894121401942130e+02 9.643445518088740300e+02
8.295364682973194022e+02 7.697451315819394040e+02 7.074120871636406491e+02 7.699993420142221794e+02 8.271286602090798397e+02 8.737340663296397452e+02 9.019655603532006580e+02 9.083951462847362563e+02 9.020668159003450910e+02 8.875785769447885514e+02 8.960670788991997142e+02 9.037614744187010274e+02 8.933134829822074607e+02 9.107871872033174441e+02 9.713725909635417111e+02 1.029585469769673182e+03 1.093074901175718878e+03 1.149640626358005875e+03 1.185678346426148664e+03 1.188816123141468779e+03 1.159703383669811274e+03 1.113010315965008886e+03 1.058014102261183325e+03 1.000284734502079800e+03 9.429407685120604583e+02 8.875021462036920639e+02 8.344818696670371310e+02 7.837703370519093369e+02 7.348108440653930984e+02 7.970560136981791857e+02 8.560331518921191218e+02 9.074813263479522902e+02 9.445459643174193616e+02 9.567000561603159667e+02 9.415271864721925112e+02 9.056967691796623967e+02 9.389470079995425067e+02
8.206173867216048166e+02 7.621058699180734948e+02 7.004587349646952816e+02 7.604520898960023487e+02 8.123804421684568524e+02 8.500242888338921148e+02 8.659427852580682838e+02 8.634745951647179254e+02 8.501567848020405336e+02 8.289804477361778936e+02 8.442658096552589768e+02 8.599995068791668018e+02 8.760577658559594738e+02 9.135591643006603135e+02 9.531281349823228766e+02 9.966697459822471501e+02 1.075546161303424469e+03 1.143912347496611119e+03 1.182674315670521082e+03 1.185853538952289227e+03 1.156254522749085254e+03 1.109008462996278922e+03 1.053391251589386229e+03 9.949727015713579021e+02 9.368531765575992267e+02 8.804437523997137305e+02 8.261520788845100469e+02 7.739444187264400625e+02 7.243271561894680417e+02 7.866438986338052928e+02 8.453239752798053814e+02 8.954899239787963552e+02 9.294448986802144645e+02 9.353959776357557985e+02 9.131894875930840954e+02 8.744756170241840891e+02 9.124319824054053925e+02
8.097443662192932834e+02 7.534800804041734636e+02 6.935327183870500676e+02 7.502565169491692814e+02 7.949198827031016208e+02 8.196446763230593433e+02 8.258886477007872600e+02 8.170116372548218351e+02 7.991390292319550781e+02 8.140158959704004928e+02 8.660744187413297368e+02 9.035115832291730840e+02 9.361643408395354982e+02 9.742923496532949912e+02 1.011820513241230515e+03 1.048476633279718726e+03 1.107370179120018292e+03 1.157678310289358706e+03 1.187123345773176879e+03 1.183752160692409007e+03 1.151156460653854765e+03 1.102280473321840645e+03 1.045480882329515907e+03 9.861545253085673721e+02 9.274625625160676918e+02 8.706305583887785815e+02 8.157930656589711589e+02 7.636181566789201725e+02 7.140284057552211152e+02 7.760527822100167441e+02 8.340750582384170002e+02 8.828190396177873254e+02 9.141940401752854086e+02 9.164426990122741472e+02 8.895282434491641652e+02 8.458206232370099542e+02 8.848902587250660190e+02
7.963089262167338802e+02 7.435325477082924408e+02 6.866303328565422817e+02 7.373661646482453307e+02 7.716719670323011542e+02 7.801013685780326341e+02 7.833746821353819314e+02 7.701304317167200679e+02 7.845151365916033228e+02 8.314082516765237187e+02 8.798126087568564344e+02 9.258964672439825563e+02 9.706718999660116651e+02 1.015753978495883985e+03 1.057492382786105054e+03 1.095153983399806975e+03 1.138557087793715482e+03 1.174561678499655500e+03 1.192461362940647859e+03 1.180190936367261429e+03 1.143800496763116598e+03 1.092976441512280189e+03 1.034505785660995571e+03 9.738385556835696661e+02 9.148950776004176078e+02 8.585478755486657292e+02 8.047791490271686143e+02 7.534109024759675322e+02 7.039042302589665496e+02 7.654985933600061117e+02 8.227120365339227419e+02 8.699280419450939235e+02 8.986744324297393405e+02 8.967751977545425461e+02 8.662036331434992462e+02 8.194487830043549366e+02 8.619603375697590764e+02
7.787460230264125585e+02 7.310833036092336670e+02 6.797513131961970885e+02 7.234644744347781398e+02 7.445813167375076773e+02 7.285932498453510107e+02 7.422006211527746018e+02 7.559723668426806853e+02 7.955986353921334739e+02 8.379730962515631063e+02 8.845637053720716949e+02 9.339392332957554572e+02 9.847682215784018354e+02 1.035076264312749800e+03 1.082046192704447321e+03 1.123801141556868288e+03 1.160030886781124764e+03 1.185031182609639245e+03 1.190823776726825145e+03 1.171601688539108181e+03 1.133259991311529575e+03 1.081674018194490600e+03 1.020876563091737921e+03 9.571137543888912660e+02 8.981571211175327107e+02 8.429703114020710473e+02 7.908510528470659438e+02 7.413003907154994749e+02 6.939457263259533875e+02 7.551084557554659114e+02 8.114874641710517835e+02 8.571235092938488833e+02 8.831898790235995875e+02 8.771744840197973190e+02 8.434738082447403258e+02 7.944095863085157134e+02 8.391634535050433215e+02
7.501103590887397559e+02 7.093830185525540628e+02 6.728888309585780689e+02 7.061713733463595872e+02 7.206074666234195547e+02 7.150814742018591232e+02 7.417271462480313176e+02 7.669129819062600291e+02 7.983112193469095246e+02 8.352620316013251340e+02 8.828777581654870801e+02 9.368931081322190266e+02 9.945445849227037343e+02 1.050151171806650154e+03 1.099632792878249347e+03 1.140014769077289657e+03 1.168374780441447228e+03 1.180867141771078877e+03 1.177657326122142877e+03 1.158644299836154005e+03 1.122875357837886213e+03 1.074732112444917902e+03 1.018560056422475100e+03 9.588805989646017451e+02 8.994000724849178141e+02 8.409260853993454248e+02 7.857665101517465018e+02 7.336761195848507668e+02 6.841557641564249934e+02 7.449845006320100538e+02 8.005762420801331700e+02 8.445776987119082833e+02 8.678315983355043954e+02 8.577203872854437350e+02 8.212220188170891788e+02 7.702445330496543647e+02 8.141252889521645102e+02
7.028904617120343801e+02 6.598610022573182050e+02 6.660329271967593741e+02 6.779220350020805199e+02 6.898732930348633090e+02 7.019306933292547228e+02 7.276438740223333070e+02 7.542084153477821928e+02 7.820701810769020312e+02 8.114676306405281139e+02 8.700652541437606260e+02 9.334276642222191640e+02 1.003151687934776191e+03 1.064012128218197176e+03 1.112375082628866267e+03 1.145928129723155962e+03 1.160248217949651917e+03 1.157737124906227336e+03 1.148291243757476650e+03 1.133127429928396396e+03 1.106038176373669558e+03 1.065064297528556608e+03 1.014400153644300417e+03 9.580871027608960731e+02 8.993442696634127742e+02 8.401218748738505155e+02 7.817085143221167982e+02 7.265770381816354302e+02 6.745159935359495194e+02 7.352928559730818279e+02 7.902088170531311562e+02 8.324359459834410018e+02 8.523920721149254405e+02 8.379969852577294205e+02 7.990634456675155661e+02 7.467274164800102199e+02 7.876708746234379532e+02
6.475310434607188199e+02 6.536937116038267277e+02 6.999214932753654921e+02 7.259630837993011028e+02 7.459083326831915883e+02 7.651749846131374397e+02 7.887177193335772927e+02 8.114974538888247935e+02 8.325322298499439739e+02 8.444111809546537870e+02 9.030098959040411728e+02 9.663736159234208571e+02 1.028520163230688468e+03 1.082061596615965527e+03 1.121374961045621603e+03 1.140917134387902934e+03 1.135222965502073293e+03 1.118579381938224742e+03 1.104064302886148653e+03 1.092264314307356472e+03 1.075851723596143984e+03 1.047405330767054011e+03 1.005216720971562950e+03 9.538978519031285259e+02 8.972801627386539849e+02 8.381989794308631190e+02 7.786821452060636375e+02 7.201080444125652775e+02 6.650098470639401285e+02 7.265396459722651343e+02 7.809798388929090152e+02 8.211819278475950341e+02 8.361817443377918835e+02 8.168890351706509136e+02 7.761650108495609857e+02 7.237514194023797245e+02 7.603040641092991336e+02
6.413752780441601544e+02 6.871631349208900019e+02 7.291718197296071367e+02 7.614858150380688357e+02 7.875385175096903367e+02 8.120798709111560356e+02 8.376470631835932181e+02 8.605098725361984862e+02 8.789344846565556963e+02 8.828990969772416975e+02 9.431937386295766146e+02 1.003396119967890627e+03 1.058585347558276453e+03 1.102426833705261288e+03 1.127295653114043944e+03 1.124944862028584794e+03 1.097542114153121929e+03 1.065244764054632242e+03 1.046932582531038179e+03 1.039390821519017436e+03 1.031700509553989377e+03 1.016734242452536478e+03 9.877871653266064413e+02 9.444999023622229970e+02 8.920491898333923473e+02 8.344063321983868491e+02 7.745168530587816349e+02 7.144415532203830708e+02 6.556129082407067017e+02 7.166957198071767152e+02 7.699489478917500946e+02 8.078169225408962575e+02 8.189335658286773878e+02 7.968145345792745502e+02 7.546026384230269741e+02 7.014224127798142945e+02 7.324854921480890653e+02
6.667805329794255158e+02 7.049917789716629386e+02 7.413904957887613136e+02 7.740389085181335531e+02 8.037955182674804746e+02 8.330452864533331194e+02 8.651202105759051619e+02 8.956516237045664184e+02 9.204845922592481884e+02 9.299770444353778203e+02 9.817813701346219659e+02 1.040540333733865964e+03 1.088929680340750792e+03 1.121099751868850944e+03 1.126659390913479001e+03 1.101413720584640259e+03 1.051900943444135237e+03 9.970001066472650564e+02 9.783210779720465098e+02 9.783801037889908230e+02 9.783958586915524620e+02 9.736512705053212358e+02 9.583611761378477922e+02 9.274053455681084870e+02 8.820179737257733450e+02 8.276703816588350264e+02 7.685621812252105656e+02 7.075141085280745301e+02 6.463120556081312316e+02 7.063779100960490496e+02 7.578820881101146369e+02 7.930613464456652082e+02 8.007757591584140755e+02 7.767930595701584480e+02 7.335698662334648361e+02 6.796642235885601622e+02 7.040787213402212501e+02
6.802205073684613126e+02 7.115316312026409378e+02 7.411089874128432484e+02 7.687839200017264147e+02 7.958131960452305975e+02 8.234017367788705997e+02 8.634532618776211166e+02 9.070852104234872968e+02 9.505747247032292080e+02 9.873527471183070929e+02 1.031379525722323024e+03 1.078760799028072142e+03 1.116960574287010331e+03 1.135687998982615227e+03 1.123216570537952748e+03 1.084079615756993690e+03 1.025954631221033196e+03 9.534286116595185376e+02 9.149149742673897663e+02 9.144176995738069991e+02 9.202056774424802370e+02 9.233491846108587424e+02 9.174067704031421044e+02 8.991916817508897566e+02 8.649350314872427816e+02 8.164271816914564397e+02 7.599800915633971954e+02 6.994100930530734104e+02 6.370953379404969610e+02 6.959061076527124214e+02 7.450350872399469608e+02 7.765762232578722433e+02 7.808103334829414734e+02 7.560728847600020117e+02 7.126866472219675188e+02 6.582625581370137979e+02 6.748216953212136104e+02
6.673237971051788691e+02 6.890108251301767268e+02 7.113376800054617206e+02 7.345607266586376909e+02 7.588122972682415366e+02 7.845259679570741582e+02 8.393766206976363264e+02 8.979750170427081457e+02 9.613375473437985193e+02 1.016577294061777820e+03 1.067006009398664673e+03 1.111145194327911895e+03 1.141075175056605985e+03 1.144859350188603457e+03 1.118525222943857216e+03 1.071493234715670269e+03 1.011513726092903198e+03 9.447190428695977289e+02 8.813154863374376191e+02 8.510136095419633193e+02 8.598263205783757712e+02 8.700685222653600022e+02 8.697601939896646854e+02 8.593971812003932200e+02 8.377017486980638523e+02 7.980786048297729849e+02 7.470024949675059815e+02 6.891945696225692473e+02 6.279518550847800498e+02 6.857960217801244198e+02 7.315804729129647512e+02 7.566592804513647934e+02 7.564443109798214664e+02 7.337702638660431376e+02 6.921359932545999527e+02 6.371979823033542516e+02 6.465350525794437999e+02
7.282269176039343392e+02 7.501283848046720095e+02 7.720759864292390375e+02 7.923973630777981043e+02 8.079486132831808618e+02 8.143537656671172726e+02 8.663070966270079225e+02 9.244891135767769583e+02 9.848390823008179495e+02 1.043048774457590980e+03 1.095515086421584101e+03 1.137244451139529701e+03 1.159703277936355789e+03 1.150965629099486705e+03 1.115303819225573079e+03 1.063076509094905077e+03 1.002329428688856638e+03 9.394535514593230801e+02 8.792386080933287076e+02 8.231290089057539490e+02 7.973930715511995686e+02 8.180304648873270708e+02 8.188923786574109727e+02 8.119104470440920522e+02 8.007294640381115869e+02 7.737236044551563054e+02 7.308661094855384590e+02 6.779747086826534996e+02 6.188715789670009144e+02 6.734382090429900245e+02 7.135311641013909139e+02 7.294120600294063479e+02 7.241334108472885873e+02 7.039284133840078539e+02 6.696956525581249480e+02 6.163457462374248053e+02 6.201922658156299804e+02
7.785115863524503084e+02 8.030195390414725125e+02 8.261100609526984044e+02 8.453014135997951826e+02 8.555356549566896547e+02 8.486070910453678380e+02 8.852004393609988711e+02 9.485627421499818865e+02 1.008780287026437804e+03 1.069300167276593129e+03 1.122312816181581411e+03 1.160924525822616033e+03 1.174623513264285293e+03 1.154716380695831504e+03 1.111827920215093400e+03 1.054825255602596599e+03 9.917765748619575561e+02 9.297638347565967933e+02 8.715602359727145085e+02 8.186233205841500649e+02 7.731203943043037725e+02 7.743833779461604081e+02 7.666648719737809188e+02 7.572257246862429838e+02 7.544333590143565971e+02 7.387891022900848839e+02 7.081531277309060215e+02 6.637851473572010264e+02 6.098450804946606922e+02 6.598031780141834588e+02 6.922154439811819202e+02 6.971202688094106179e+02 6.842940566194816938e+02 6.616948148356631236e+02 6.440656744260684263e+02 6.125311491456918702e+02 6.349688491758183773e+02
8.097556506475573315e+02 8.407566686489476524e+02 8.680148122734011622e+02 8.906597416942464633e+02 9.055016082622634030e+02 9.148282786973679777e+02 9.287395709446545879e+02 9.758182559010537034e+02 1.027622339415442184e+03 1.094614393756722620e+03 1.147054909719884563e+03 1.181406663757199340e+03 1.187084799246928014e+03 1.160298116676559175e+03 1.112246082231800074e+03 1.049166085774443900e+03 9.793889831924477676e+02 9.159805094351443131e+02 8.573398130585089802e+02 8.024461833303370213e+02 7.506043150124789918e+02 7.306238979599121421e+02 7.115033425602106263e+02 6.929523419881545578e+02 7.035376622106224431e+02 6.933642155010807073e+02 6.733270362588235685e+02 6.431173026315910874e+02 6.008632031356139578e+02 6.458973933470063002e+02 6.678962958791062192e+02 6.613286621757966941e+02 6.384496550641940757e+02 6.012376511306226803e+02 6.049771225991302117e+02 6.087173380175659076e+02 6.230978507394057715e+02
