_codes/_figurecodes/_data/highRvar/nonsteady/20m_HalfMtrThresh_Diffusion_Tc1/topographic_elevation_depth20m_tc1.asc
nrows 200
cellsize 50.0
xllcorner 0.0
ncols 200
yllcorner 0.0
[rows 136 to 152 of 200, columns 37 to 73 of 200]
3.303682054451317072e+02 3.902603857927678064e+02 4.467437456879258093e+02 4.955419985574414454e+02 5.300342059978090674e+02 5.407729791945207580e+02 5.239250460038217625e+02 4.784300762591418561e+02 4.069934040955914156e+02 3.704040740305656527e+02 3.396509314297072137e+02 3.127821635304521806e+02 3.133622680342273839e+02 3.368379263440338605e+02 3.540444623707435881e+02 3.605877133108670591e+02 3.565623688772379865e+02 3.441716769075235902e+02 3.312119191914927683e+02 3.094358102655275502e+02 2.739482597517728095e+02 2.305691882086304929e+02 1.900302549448032607e+02 2.274514293587349414e+02 2.551285823795203385e+02 2.912999729371767899e+02 3.335399483487499310e+02 3.736485943552119124e+02 4.085432532067554234e+02 4.377797468623414829e+02 4.619865816826304581e+02 4.805035994736902012e+02 4.945016866902702191e+02 5.055426906513454242e+02 5.106673664622420574e+02 5.110950859435603206e+02 5.049265776746425445e+02
3.301892204284122840e+02 3.883750094795477139e+02 4.417418968572228550e+02 4.854991715931270164e+02 5.123668127905133360e+02 5.182662724204175220e+02 5.083893734193950422e+02 4.757185447949023001e+02 4.297624379111957751e+02 3.864922036640388114e+02 3.414117700840700991e+02 2.889609319501645359e+02 2.662903064768642025e+02 2.920486025749625583e+02 3.101096751002853580e+02 3.146402341829053739e+02 3.042679327586585600e+02 2.833996592360466593e+02 2.772581861074041285e+02 2.621197420015259922e+02 2.293766500844053269e+02 1.846438379686190956e+02 1.873365364668173640e+02 2.411636568261756963e+02 2.823651571157024591e+02 3.197191310962517719e+02 3.555128682622196834e+02 3.878944281238645999e+02 4.153923970267137520e+02 4.356464180607231924e+02 4.502186175538096791e+02 4.593985908436342243e+02 4.664568316066622629e+02 4.705450542444127677e+02 4.696748564503365060e+02 4.654747164511850883e+02 4.558289619914539230e+02
3.265651011197192588e+02 3.817440438158465668e+02 4.300579108283820347e+02 4.662406955466678369e+02 4.836124130051787802e+02 4.874050402530335759e+02 4.852438384676568148e+02 4.665869756255331140e+02 4.328015420738238390e+02 3.913617933656302057e+02 3.443860649928034832e+02 2.936676429192737601e+02 2.453237591953764536e+02 2.506863711026605586e+02 2.708756136303111361e+02 2.740617849948732783e+02 2.546231312562942719e+02 2.136880839119468192e+02 2.215134468016719609e+02 2.138317630700015002e+02 1.792598997115560451e+02 1.819514320940630796e+02 2.232927143514950217e+02 2.643284051443052363e+02 3.004143237542447764e+02 3.320283198761079575e+02 3.596477177798528828e+02 3.808139505541903418e+02 3.968613956412619928e+02 4.070431320051701505e+02 4.145747084787593622e+02 4.183940763641281819e+02 4.213327351372349199e+02 4.220376179256570595e+02 4.187819705044217358e+02 4.129437762989766725e+02 4.022499875141498933e+02
3.201231211089101407e+02 3.708880521547561671e+02 4.118849201615010429e+02 4.368072031664098063e+02 4.452181532829433195e+02 4.466960816788373450e+02 4.494493669675979390e+02 4.426180477805423834e+02 4.217029222599092009e+02 3.865515375286949507e+02 3.411156300034826927e+02 2.875494984161401248e+02 2.251247423548025779e+02 2.054987086938775747e+02 2.371094942393500560e+02 2.419318581918087716e+02 2.155721207402733626e+02 1.685003192017260574e+02 1.711890880164839359e+02 1.738785831162120701e+02 1.765688051402656527e+02 2.136854116054371957e+02 2.467603122535856528e+02 2.769139369481885637e+02 3.018570251500071322e+02 3.217389136174394366e+02 3.376813769846008313e+02 3.483325388884133531e+02 3.567141280865020576e+02 3.612953794285094773e+02 3.647650591431435032e+02 3.658642395962449427e+02 3.669750803530604344e+02 3.665869025866464312e+02 3.631444294340443548e+02 3.577465718085941262e+02 3.478305740758684692e+02
3.078144251773031215e+02 3.523133392808680924e+02 3.826804033554717535e+02 3.965128328520371497e+02 3.984310033597092229e+02 3.968699919799511804e+02 4.035710783732392883e+02 4.044838931366728616e+02 3.954304913620218258e+02 3.721123133763312012e+02 3.341094099796442833e+02 2.864626906679230274e+02 2.345249092048183854e+02 1.878766799799204250e+02 2.179563082735806745e+02 2.234447360575978792e+02 2.052279181677230895e+02 1.658147316703894774e+02 1.893668092368050964e+02 2.002537634550855614e+02 2.087528264503421838e+02 2.291733378821551810e+02 2.473122436200867469e+02 2.632324579735940233e+02 2.753641473542560902e+02 2.861272827686876781e+02 2.946380209500327396e+02 2.996629017677354909e+02 3.038531483525397334e+02 3.057502827455650163e+02 3.073747132178496031e+02 3.074668777211644510e+02 3.083857447230366233e+02 3.083127121728583688e+02 3.059722080638443344e+02 3.025070445176371550e+02 2.949793014622005671e+02
2.853492301361596333e+02 3.220804529905637992e+02 3.425620388322428198e+02 3.491345473277832525e+02 3.460457158003154063e+02 3.384737197181515853e+02 3.511042046540295587e+02 3.572366174987683394e+02 3.557752346355233044e+02 3.440885300268690798e+02 3.178502079900153490e+02 2.769834083290180047e+02 2.265954426477843242e+02 1.706935238341228285e+02 1.921535827193990542e+02 1.960563459213636293e+02 1.885972755907171745e+02 1.631295985416686278e+02 1.862200591946587167e+02 1.960983536079914700e+02 2.027969231441837792e+02 2.112009705009952256e+02 2.181667201789292108e+02 2.250887074747613497e+02 2.301838633605913742e+02 2.353133007241326027e+02 2.395482077682035822e+02 2.419704331560244555e+02 2.443567892194512012e+02 2.455639129765385178e+02 2.468336462626312198e+02 2.467419299232416563e+02 2.487261688549758674e+02 2.496814557275229731e+02 2.489517653402343171e+02 2.485430402052156467e+02 2.450889548322677456e+02
2.470537397818050920e+02 2.810076820654800258e+02 2.966536480780639522e+02 2.982324196560581413e+02 2.925499086651300900e+02 2.836276117981390712e+02 2.970211820168199210e+02 3.050343016893579602e+02 3.076611240010997790e+02 3.033868102047620141e+02 2.890632410809308226e+02 2.593679385723339692e+02 2.135094604223758950e+02 1.537831023239860713e+02 1.554483013290720237e+02 1.571135598867200258e+02 1.587789336417382060e+02 1.604444527097940068e+02 1.624199279830044418e+02 1.643957928127768184e+02 1.663721396332617530e+02 1.683489545516853241e+02 1.703262382332861762e+02 1.723040429214880760e+02 1.742823691420610146e+02 1.762613217645942711e+02 1.782409010040238400e+02 1.802211604752053802e+02 1.822021522723326825e+02 1.841838774872938984e+02 1.861663894855296633e+02 1.881497420265129676e+02 1.901339883727172548e+02 1.921191828681185427e+02 1.941053263610837689e+02 1.960921564222097402e+02 1.980796209428469581e+02
1.960050704149155081e+02 2.374625873499303736e+02 2.496239000800987071e+02 2.456479899525765802e+02 2.391436502672883364e+02 2.318320681554779696e+02 2.430396874449456561e+02 2.503805959129655889e+02 2.544196046154084456e+02 2.544324173760995507e+02 2.484198502954646415e+02 2.326504640011585536e+02 2.007359462316107965e+02 1.521211820937336086e+02 1.858746581536378812e+02 2.048088576220527273e+02 2.124408461370126133e+02 2.150079754606532276e+02 2.172661656609093086e+02 2.192420966834342835e+02 2.212184612739146132e+02 2.231952884010308082e+02 2.251725715954322311e+02 2.269064609407091950e+02 2.260781378540523008e+02 2.279463987018323508e+02 2.274870174613767801e+02 2.294672785379156608e+02 2.314482809018092553e+02 2.333305173376085975e+02 2.332383250627482028e+02 2.351308977778335532e+02 2.353219220969483274e+02 2.373071022110553656e+02 2.455071577464891845e+02 2.488296965959215470e+02 2.476957153087743393e+02
1.793516258270733488e+02 2.052155475227828276e+02 2.052226885422424232e+02 1.907891083901780860e+02 1.856514241142160984e+02 1.825864619234132533e+02 1.897386855850253369e+02 1.947018403682677672e+02 1.982058398680685514e+02 2.000455615461924310e+02 1.993056883992116752e+02 1.940796715080795707e+02 1.805254497041877073e+02 1.504593431736947196e+02 2.015807214593716026e+02 2.393497747747972255e+02 2.594019733634017371e+02 2.674024455888218199e+02 2.723752201099205763e+02 2.762956817324607641e+02 2.794086076810938266e+02 2.817871318742019184e+02 2.836090864991783747e+02 2.839134057375930524e+02 2.809242333521908108e+02 2.818823519714546251e+02 2.792824794724299409e+02 2.812628172156627784e+02 2.832438350216168601e+02 2.843792885423814027e+02 2.824841735571204708e+02 2.837448019289817580e+02 2.823935462800675964e+02 2.843788009394184542e+02 2.950571847093422662e+02 2.971860059572190949e+02 2.901196301725375974e+02
1.623304030083204452e+02 1.697024808134648026e+02 1.628911901473224191e+02 1.321972341448047530e+02 1.338558767207990172e+02 1.355147821110896871e+02 1.371741182231894527e+02 1.388338021859968308e+02 1.404938052876043457e+02 1.421540987471618394e+02 1.438146536368078330e+02 1.454754411571999810e+02 1.471364323581109659e+02 1.487975941471189572e+02 2.133731115476986702e+02 2.633124869243993658e+02 2.992572967743003574e+02 3.165498512189686835e+02 3.264185901623093855e+02 3.332229089323500943e+02 3.380767834790489133e+02 3.414729847055966729e+02 3.434540109782549280e+02 3.432751480712516923e+02 3.395161539745680557e+02 3.388043830170784645e+02 3.341286773729006541e+02 3.361090088318063067e+02 3.380900307546924637e+02 3.379624422250004159e+02 3.342798346500705975e+02 3.345292897384541106e+02 3.316395411361643255e+02 3.336247844629298243e+02 3.425853640874049688e+02 3.402366182983495264e+02 3.248671253919172841e+02
1.434665274659492979e+02 1.272225837254254373e+02 1.288805893017322433e+02 1.305387964672160592e+02 1.717621841821410271e+02 1.872323030981235661e+02 1.944482852893359279e+02 1.987509514752576365e+02 2.018359693338783529e+02 2.042726917874070693e+02 2.061079996920790904e+02 2.067285061461211058e+02 2.035460255211195886e+02 1.862946396290676603e+02 2.283600590210373014e+02 2.776059294060125353e+02 3.304302785115354482e+02 3.622093683450301000e+02 3.782409627200579507e+02 3.884912533895124511e+02 3.955817722655849025e+02 4.005247323957288472e+02 4.035006914905046642e+02 4.040044548512236702e+02 4.013001769873851572e+02 3.987002830787673702e+02 3.927204290315488606e+02 3.947007180489331972e+02 3.957851603785114207e+02 3.943024057804752260e+02 3.891258236443514420e+02 3.877772007227875406e+02 3.834350058521312690e+02 3.839373124710753586e+02 3.865661264121343947e+02 3.752805247263126489e+02 3.476940866212486299e+02
1.239068801288662343e+02 1.255646661887207927e+02 1.706322478406554808e+02 1.926321720224266016e+02 2.203463884314535335e+02 2.378256730076513747e+02 2.482288507191799738e+02 2.548669331055145619e+02 2.595482851662245594e+02 2.631158059537402210e+02 2.658292460691953920e+02 2.674596069919107322e+02 2.672693855390946851e+02 2.651532752618448967e+02 2.980642461202440359e+02 3.371201811797409960e+02 3.764841927773312023e+02 4.078575604150651088e+02 4.264489619020881150e+02 4.394169049698917320e+02 4.489285281348377907e+02 4.560568464800859942e+02 4.610562685996481491e+02 4.633568270597917262e+02 4.620618309364981542e+02 4.600637319477260689e+02 4.560736381128644439e+02 4.559737505210967470e+02 4.555044969696513135e+02 4.529952331128184824e+02 4.476633868459128962e+02 4.430051291500230946e+02 4.365405698597988362e+02 4.309770471266712093e+02 4.239532027729595711e+02 3.971801706873789044e+02 3.562881379133437463e+02
1.554450318123117540e+02 1.813895430350472111e+02 2.157511567088586162e+02 2.411855704447923188e+02 2.647907981925827698e+02 2.821388570781194289e+02 2.940200239745204840e+02 3.023404546294214015e+02 3.085564346476965625e+02 3.135443270501673396e+02 3.177890600718966425e+02 3.216516860169148799e+02 3.259804379940287049e+02 3.341010146047288458e+02 3.574580100505521614e+02 3.874229957535088715e+02 4.179425549748218032e+02 4.465498294816668476e+02 4.656810011494583819e+02 4.806120995969007481e+02 4.926883140143966102e+02 5.028311251923399254e+02 5.114156336592023990e+02 5.173062755878243024e+02 5.189138563019267849e+02 5.191662545790580907e+02 5.170990024479132217e+02 5.164511444346048847e+02 5.152352585406617891e+02 5.119208952367426377e+02 5.054444859422714558e+02 4.980244306384290667e+02 4.875852060909927559e+02 4.742669011853453753e+02 4.526840116043534863e+02 4.060341170464018319e+02 3.432039025525061788e+02
1.665441731493099837e+02 2.071502620876366336e+02 2.442317139818709109e+02 2.730572251055087918e+02 2.951244762111528530e+02 3.114908907289163835e+02 3.236314435246882226e+02 3.329520179156326662e+02 3.405250015091546061e+02 3.470890449950834977e+02 3.531885634174246320e+02 3.594222748635316975e+02 3.669060470855130234e+02 3.780393159265944405e+02 3.965443196476164189e+02 4.195112122379067614e+02 4.431057872938347373e+02 4.667019209131677826e+02 4.862370416492949516e+02 5.027636183057314838e+02 5.176961459631305615e+02 5.318771275975461776e+02 5.468101009998707696e+02 5.595054861425596755e+02 5.668535875203041314e+02 5.714697898246954537e+02 5.722254988779138785e+02 5.727598111128279470e+02 5.719355580719624186e+02 5.684755053879463276e+02 5.610258038085202088e+02 5.513759990493434771e+02 5.368890722659682524e+02 5.162334419767793179e+02 4.816215550761338591e+02 4.188434118988562886e+02 3.767782236526260249e+02
1.692056221653682258e+02 2.143256370532418487e+02 2.522784758222089749e+02 2.808792001679150303e+02 2.996743497903561888e+02 3.131848809409117962e+02 3.242974122995551056e+02 3.339712506097788491e+02 3.427291508554869210e+02 3.509723003473478116e+02 3.590779674116287765e+02 3.675108402534114020e+02 3.769842652503654676e+02 3.885677590714573739e+02 4.032674154138258586e+02 4.202822783365948567e+02 4.382609746721274178e+02 4.564874278083394188e+02 4.740323429449391597e+02 4.914792041564321039e+02 5.097168200790964647e+02 5.282399894060426959e+02 5.550819777497553105e+02 5.803551590590300293e+02 5.987359277315277950e+02 6.108726686399251093e+02 6.164587946841830899e+02 6.199227455726291964e+02 6.209590018399161409e+02 6.186587762965937145e+02 6.114499103803635762e+02 6.010433707878908081e+02 5.842915655224297780e+02 5.596401640579611012e+02 5.196610368182871298e+02 4.640304525333023093e+02 4.285732540414269351e+02
1.684302300389948073e+02 2.124414243949108823e+02 2.461461376612550680e+02 2.662837400731605726e+02 2.754353496827342269e+02 2.849321407380943469e+02 2.946543795962277272e+02 3.042122081912514204e+02 3.135237757518057151e+02 3.226826179412140618e+02 3.318690928653402352e+02 3.413417282147678975e+02 3.514615442495333468e+02 3.626669605932979721e+02 3.752637898008151751e+02 3.890315834802087238e+02 4.035385911406598325e+02 4.185681463676571639e+02 4.342576504292822506e+02 4.517328295079497025e+02 4.727489907713829780e+02 4.941552462052833334e+02 5.358795905674597861e+02 5.745175853230419989e+02 6.060852907312123534e+02 6.290391210890172715e+02 6.423166507455404144e+02 6.504049179841819068e+02 6.550576347736224534e+02 6.560399733992653637e+02 6.516035729541566752e+02 6.432510525028534403e+02 6.277396980989936992e+02 6.043441232025024874e+02 5.688418271316689925e+02 5.243542075780941332e+02 4.834186088664741874e+02
1.630682533532284424e+02 2.002867684594713751e+02 2.235599732402991435e+02 2.326291747938151673e+02 2.306255871321843927e+02 2.374791624343335457e+02 2.465143935672857936e+02 2.560486998509421142e+02 2.656763381296794932e+02 2.753399003887600998e+02 2.850901754224618116e+02 2.950277235471313588e+02 3.052899412058921484e+02 3.160271372280676587e+02 3.273327455297929305e+02 3.391632137336297319e+02 3.514216095719837085e+02 3.641384661661141990e+02 3.777529882419775618e+02 3.940237116670720638e+02 4.192464621406604692e+02 4.423604622845225549e+02 5.047569628725697726e+02 5.560187255838980036e+02 5.953543454344119255e+02 6.221954201584508155e+02 6.399815932483553524e+02 6.529163576323945790e+02 6.629039630727644408e+02 6.702454926148657250e+02 6.732432234819350469e+02 6.712246078170277315e+02 6.619882816559512548e+02 6.447785336508341061e+02 6.162370764416922384e+02 5.793686357092581147e+02 5.402738164423051330e+02
