_codes/_figurecodes/_data/lowRvar/steadystate/20mGeneral/topographic_elevation_depth20m.asc
ncols 200
nrows 200
xllcorner 0.0
yllcorner 0.0
cellsize 50.0
[rows 119 to 135 of 200, columns 111 to 147 of 200]
7.379152378536546166e+02 6.818413934578792350e+02 6.208909091335245876e+02 5.586421800663325712e+02 4.971671855315550488e+02 4.385762727170966286e+02 5.010759608924169015e+02 5.592252401767256060e+02 6.074076375815520805e+02 6.377049707502095544e+02 6.404865984369218950e+02 6.260149444186048413e+02 5.868672066095424498e+02 5.309384651480354478e+02 4.615916622518420240e+02 3.918812641839478488e+02 3.950568908476529941e+02 4.491418541610178750e+02 4.965384901145182539e+02 5.399196343447364370e+02 5.783718676729170056e+02 6.093691235944133950e+02 6.307835838669727764e+02 6.413790637167710429e+02 6.476191981083904921e+02 6.596411337882142334e+02 6.764038688654204634e+02 7.018726852773797873e+02 7.312543838364863404e+02 7.615518447265411623e+02 7.896805538044379773e+02 8.318219578594753330e+02 8.791118112051924527e+02 9.290585460628060446e+02 9.792146031699968489e+02 1.026287158185867384e+03 1.065939021013183037e+03
7.248059376628344808e+02 6.745957343581196710e+02 6.156732798306921950e+02 5.532183606089755585e+02 4.902893324136955471e+02 4.284905203328427206e+02 4.907150004669633176e+02 5.467350849099298102e+02 5.903564216617893408e+02 6.121746866572832459e+02 6.086476876731317134e+02 5.945890724696326970e+02 5.606099241665755244e+02 5.108136763445974111e+02 4.518434554116165600e+02 3.887081534913535847e+02 4.234727059233660498e+02 4.651176213133189208e+02 5.062822456863230514e+02 5.442673873737219310e+02 5.777828453166234794e+02 6.041229503821455182e+02 6.239058498998290361e+02 6.381747240392916183e+02 6.489789575660684022e+02 6.581863879302571831e+02 6.646377257959719600e+02 6.946054025093862947e+02 7.293517555794564942e+02 7.668803866671796641e+02 8.065453188472815782e+02 8.513744371116968068e+02 8.996067598544520934e+02 9.488066457909146720e+02 9.958131334594091868e+02 1.036292770325559104e+03 1.064413216074665343e+03
7.047736995534936568e+02 6.621916465520044994e+02 6.064795877275785188e+02 5.448305081909221599e+02 4.814212407480823117e+02 4.185097932401716321e+02 4.789687770513198757e+02 5.315208244018239157e+02 5.689832469787130549e+02 5.809890433636821854e+02 5.715380718994339304e+02 5.553513847110535835e+02 5.263670412772584086e+02 4.859724077625115797e+02 4.390689504362619004e+02 3.855373007632348958e+02 4.282052934118566441e+02 4.664225282562271673e+02 5.009063598839492784e+02 5.296769150119955611e+02 5.542962445159706704e+02 5.739668202780487718e+02 5.917988853933308064e+02 6.072296286273400483e+02 6.199570150018354298e+02 6.281117809981518576e+02 6.247527330862910731e+02 6.690900044482596059e+02 7.136985653700118064e+02 7.598511940526054786e+02 8.081493890563090190e+02 8.589700434590791929e+02 9.104374109128995087e+02 9.599179267560522248e+02 1.003739812140829486e+03 1.036409851769734132e+03 1.049513934505240968e+03
6.835469817333611218e+02 6.476264641410709828e+02 5.953030209065273084e+02 5.349901573704642033e+02 4.717886694789090711e+02 4.086305288409452601e+02 4.666741060901755418e+02 5.147167166550889306e+02 5.445704250745346826e+02 5.462751745762524251e+02 5.301823009192190739e+02 5.093169770182052503e+02 4.788896767956005078e+02 4.428699285187340138e+02 4.167761412980408409e+02 3.823679488731207812e+02 4.199939515495647129e+02 4.481747207612176567e+02 4.716072278020848785e+02 4.911748159741313202e+02 5.099221958274002304e+02 5.265960213871311453e+02 5.435024485794666589e+02 5.599383931937580883e+02 5.752603108827879623e+02 5.875393369969120840e+02 5.905029557858098315e+02 6.397479879307347801e+02 6.915428111523868893e+02 7.449937448850556621e+02 8.009147636175636080e+02 8.587812764013046944e+02 9.137031993431183992e+02 9.627890284400293694e+02 1.002187881457109711e+03 1.025615685501820508e+03 1.023304172671403762e+03
6.629142383865926149e+02 6.326836423757241619e+02 5.835563039598398518e+02 5.247187339115697569e+02 4.619815802917364636e+02 3.988493629769224640e+02 4.547339513054651547e+02 4.973563907757958305e+02 5.167767105969767272e+02 5.089827868903099102e+02 4.862575352987464044e+02 4.592538825549625017e+02 4.221359858842739641e+02 3.729475142644434413e+02 3.760730673820448260e+02 3.791990938867083969e+02 3.932472698389348693e+02 4.075922594762411677e+02 4.222976187529194476e+02 4.373954226273219774e+02 4.529732171383068362e+02 4.690859588468177890e+02 4.858646031916977108e+02 5.034107226770544798e+02 5.217672864652237195e+02 5.410742391046784405e+02 5.615183001498747899e+02 6.133129346919807858e+02 6.681582363236061610e+02 7.267494878020660281e+02 7.901028196926984037e+02 8.584345715967180013e+02 9.150899478428417524e+02 9.611953661482890539e+02 9.938115452713690274e+02 1.006161639334649294e+03 9.920490591673147946e+02
6.436745551306524931e+02 6.184247389873078191e+02 5.722487222537139360e+02 5.147871542949225159e+02 4.524242328852826063e+02 3.891527175408135122e+02 4.409510453877580858e+02 4.766987730512951771e+02 4.852971919228590423e+02 4.699344523298531726e+02 4.415733279428754372e+02 4.090646022562948474e+02 3.666987799928003255e+02 3.698224336919469124e+02 4.133813966447760322e+02 4.328947771404917262e+02 4.480924401660807916e+02 4.624374376443877850e+02 4.771428165053201269e+02 4.922406401015203414e+02 5.078184480093679554e+02 5.239311941747160972e+02 5.407098340225307993e+02 5.595652923878490128e+02 5.755819166678979855e+02 5.877468975673422165e+02 5.909131461592535288e+02 6.417102644430150349e+02 6.980984268149992431e+02 7.558570496438047712e+02 8.134149377305826647e+02 8.689135751429353149e+02 9.166882193144970188e+02 9.534890875330321478e+02 9.752373571924730413e+02 9.799822069102112891e+02 9.655768764081880136e+02
6.245495038753841754e+02 6.054910486971742785e+02 5.622537443923114324e+02 5.059752584205166386e+02 4.436826897045210103e+02 3.795381958521974184e+02 4.262957011115622663e+02 4.540100170949695553e+02 4.520406695094743554e+02 4.300474312342204826e+02 3.973199962406357031e+02 3.604538366686088580e+02 3.635760736590119677e+02 4.240456561623841480e+02 4.634956046926319004e+02 4.879260201761283042e+02 5.056148168671814460e+02 5.210283509052817408e+02 5.357337378780384824e+02 5.508315653799453457e+02 5.664093735939229646e+02 5.825221183900102915e+02 5.993007581676617974e+02 6.170984367417199792e+02 6.303568797436341811e+02 6.362269212838831436e+02 6.244868420735820109e+02 6.619831565157478508e+02 7.253362112821311030e+02 7.820261909930729871e+02 8.325064412259230266e+02 8.762110335182514973e+02 9.104263937679891114e+02 9.320937708526460028e+02 9.430402606818337290e+02 9.469968354415467502e+02 9.407033879629009334e+02
6.038005809216310809e+02 5.904368512392023831e+02 5.502892976430051704e+02 4.955928549448061631e+02 4.339798670287780169e+02 3.699936485519137932e+02 4.114611260239529997e+02 4.285536665227701860e+02 4.170994798458665969e+02 3.895216496592312296e+02 3.542129096359334994e+02 3.573330205372186583e+02 4.220377843830805773e+02 4.795631571799002586e+02 5.182665843477714134e+02 5.450000119799760796e+02 5.647420402350924178e+02 5.818951895032719221e+02 5.977213857526160155e+02 6.131301454801779300e+02 6.285157576258756080e+02 6.440834315822779672e+02 6.599390491504193506e+02 6.759254852137406715e+02 6.876749801265016231e+02 6.938991645520454767e+02 6.941975155132150803e+02 7.071702389741182060e+02 7.605215758727586035e+02 8.076593726961610855e+02 8.449599225196119505e+02 8.722826832314243575e+02 8.869718348066008957e+02 8.934208436515867788e+02 8.978181513861836720e+02 9.058855656795579989e+02 9.123984484305657361e+02
5.844875865471203724e+02 5.746710916869249104e+02 5.371395621864472787e+02 4.841903536125759047e+02 4.237325960257834367e+02 3.605077297451023810e+02 3.942080577296912338e+02 3.996512103265483233e+02 3.802560627825301367e+02 3.479788330751254080e+02 3.510954018321177159e+02 4.138975260061679933e+02 4.763527636569471611e+02 5.329163762158146938e+02 5.736900890531553614e+02 6.025247152802285200e+02 6.240736106952950877e+02 6.426970283909039381e+02 6.593502126638735490e+02 6.748467145162240968e+02 6.897288383985692235e+02 7.043440816851842783e+02 7.188982860447198391e+02 7.334063338803349552e+02 7.441113671320582625e+02 7.512747270856749537e+02 7.572960657775455502e+02 7.713100424880622086e+02 8.007466774790838144e+02 8.280311963337778707e+02 8.436362318092229771e+02 8.483884001472484897e+02 8.450104913897484948e+02 8.403458119566482765e+02 8.394147853093276126e+02 8.558562495040948761e+02 8.758477623984023239e+02
5.647530365744916026e+02 5.580902942370745450e+02 5.229039496663021964e+02 4.718063059528512326e+02 4.129449110682555784e+02 3.510792427044937654e+02 3.753772175680833243e+02 3.686824099939381085e+02 3.417506359144218777e+02 3.448641483459889514e+02 4.030328117970589688e+02 4.635319664121761321e+02 5.241530588693526624e+02 5.806967733794301694e+02 6.256248750351189756e+02 6.574165082338018919e+02 6.809642252899961932e+02 7.009014201461300217e+02 7.179999694891014315e+02 7.330877856051864683e+02 7.468566508968110611e+02 7.598154558434212049e+02 7.723421685891752304e+02 7.847850576678962398e+02 7.936462190951452840e+02 7.998085747760162576e+02 8.051531050367220814e+02 8.131665108102606609e+02 8.244072284038134057e+02 8.274508697076558974e+02 8.192523688110876492e+02 8.060062765759176955e+02 7.891189960091455760e+02 7.766081405226179868e+02 7.697034668722815240e+02 7.986926201818067739e+02 8.321204694460659539e+02
5.448704744248065026e+02 5.405759992288863032e+02 5.072523024628919757e+02 4.579257456664446408e+02 4.011545361568163344e+02 3.417070338322374141e+02 3.537989825694094179e+02 3.355280651395356131e+02 3.386385303011390988e+02 3.911766961057838898e+02 4.467928159471837830e+02 5.045973596835577268e+02 5.628804602053021426e+02 6.187022705459820600e+02 6.676791374861314807e+02 7.048873068933132799e+02 7.312119376460223066e+02 7.523649084585289302e+02 7.692975435890322160e+02 7.830868395466142147e+02 7.946913464236066602e+02 8.048027766436838419e+02 8.139173467657537913e+02 8.225746178771549921e+02 8.278495291093764763e+02 8.306775598473992659e+02 8.315517150472308003e+02 8.301819098481282708e+02 8.220205090501517589e+02 8.038154938309536419e+02 7.780087233519996062e+02 7.514866339892680571e+02 7.230074056583163156e+02 7.070811449548638166e+02 7.063501882832176761e+02 7.401010331105464957e+02 7.835789333643481314e+02
5.248578065405612278e+02 5.218829880480690235e+02 4.894794868799370988e+02 4.412112578057535188e+02 3.867774235454412519e+02 3.323808623409647112e+02 3.293111076789766116e+02 3.324185331658146083e+02 3.801968666615087500e+02 4.308087075279455007e+02 4.839991079287037223e+02 5.390293727395654741e+02 5.945164342190025764e+02 6.482897662078477197e+02 6.974071677214363945e+02 7.385817153590485304e+02 7.688785843597640906e+02 7.908832402772311525e+02 8.064995685522626445e+02 8.174500394355646904e+02 8.252179828085761528e+02 8.306747794185311022e+02 8.341966235446278688e+02 8.353382558000265590e+02 8.346365388453754122e+02 8.322745652092108912e+02 8.270616165124523604e+02 8.165795872346908482e+02 7.962606003178057108e+02 7.648222300628659696e+02 7.252090152854981397e+02 6.906462389754343576e+02 6.532965678503834397e+02 6.437281798207014845e+02 6.477590330417856421e+02 6.852554161630001772e+02 7.345008004930070911e+02
5.048157387795973818e+02 5.020360805105337931e+02 4.689667762510759417e+02 4.192308485371546567e+02 3.644493885464871141e+02 3.230999869901123702e+02 3.262041452840508668e+02 3.698724261980949564e+02 4.162447206779854696e+02 4.651356900737519595e+02 5.161005446873349456e+02 5.683184319100331550e+02 6.204920555354829048e+02 6.707845590382894443e+02 7.168635525648269322e+02 7.561297053835471615e+02 7.864105752957204913e+02 8.076211628787107202e+02 8.196725125439211297e+02 8.251875580887663091e+02 8.266850434176300269e+02 8.251275541151395601e+02 8.209930910413778520e+02 8.143919846437856904e+02 8.094366194191255772e+02 8.042822227028784710e+02 7.964786889283382152e+02 7.827733894579836260e+02 7.581994641164280893e+02 7.185122769430297467e+02 6.632811604084155306e+02 6.286636894283470838e+02 5.899437874314977535e+02 5.851372508503253584e+02 6.154142342535657235e+02 6.772680380481593829e+02 7.292432341575015471e+02
4.851758769754124501e+02 4.821750088279658257e+02 4.471805611364210904e+02 3.910519177803141702e+02 3.170902152394643849e+02 3.200939487280288631e+02 3.603204850053734276e+02 4.034439034321870849e+02 4.492033735951663971e+02 4.970806761572782193e+02 5.463237693034362792e+02 5.958917440361168474e+02 6.443689778172679326e+02 6.899409712198176976e+02 7.304495684249862961e+02 7.632296381246624151e+02 7.856395306281592639e+02 7.980294610972357532e+02 8.021686566324571004e+02 8.022623566505729968e+02 7.987427465332204974e+02 7.918984777433990985e+02 7.822312678832149686e+02 7.709360385727092080e+02 7.643637982327754798e+02 7.589750634445861124e+02 7.516226470868565457e+02 7.391224375925648928e+02 7.170319139745756729e+02 6.800955211143591441e+02 6.140360440105716862e+02 5.688491728216719139e+02 5.313528914060326542e+02 5.576215985856188126e+02 6.164427557062974756e+02 6.713599968842521548e+02 7.165557649542691934e+02
4.665034699293941571e+02 4.647954331589917842e+02 4.314225946055232157e+02 3.783401370128852363e+02 3.140881548730754957e+02 3.468375650816144571e+02 3.864287706746148956e+02 4.299494522818848168e+02 4.758983560548908827e+02 5.231324293064767517e+02 5.705047503145093515e+02 6.166768894128969123e+02 6.599384181863603089e+02 6.982371518409148621e+02 7.295511401229447301e+02 7.502976611996873544e+02 7.610317744116215408e+02 7.659560585987861714e+02 7.648844709431584761e+02 7.610566729000660189e+02 7.539305211171084693e+02 7.431196237992340912e+02 7.288279122355401114e+02 7.130117381925216478e+02 7.077522585084016100e+02 7.043144019440995862e+02 6.993871193558337609e+02 6.906459865418885329e+02 6.755122759243669179e+02 6.527916893635158431e+02 6.093399074092862975e+02 5.614444018955870206e+02 5.099645135734187988e+02 5.597502526814960220e+02 6.121670296996497882e+02 6.595255372176787887e+02 6.936534696221692684e+02
4.482688267089421856e+02 4.489086703662331388e+02 4.189313248560921465e+02 3.701327138794944744e+02 3.110890169725240639e+02 3.558344100633461267e+02 4.015056228796930213e+02 4.482712740664636044e+02 4.954607764317600527e+02 5.420225884015238762e+02 5.866541622599097536e+02 6.278153929361315022e+02 6.632747789509104450e+02 6.902263414089799198e+02 7.082395424684415275e+02 7.171523232594056481e+02 7.201511576330487969e+02 7.201663704721137265e+02 7.160676882613624912e+02 7.100191714836319079e+02 7.007493911210690385e+02 6.871493841811519587e+02 6.684489962044793856e+02 6.440192474303066774e+02 6.455045802417287177e+02 6.455203932814832797e+02 6.436920775757122328e+02 6.390698066443677590e+02 6.307226900387042861e+02 6.201581562040656763e+02 5.904148455873349803e+02 5.448963041032654928e+02 4.895204321885311742e+02 5.457406210612895165e+02 5.962368267235873418e+02 6.361836318560957579e+02 6.584277035709211532e+02
4.289197008102303812e+02 4.320508814358360610e+02 4.068987893299981806e+02 3.630374077567165614e+02 3.080923777919457507e+02 3.590615640694711601e+02 4.094785129777640122e+02 4.588768015571861838e+02 5.063440877854720839e+02 5.505487613329150918e+02 5.898544745745766704e+02 6.227531999029123426e+02 6.458300910613891119e+02 6.598304010847161862e+02 6.684291525516576939e+02 6.705477512693332756e+02 6.691012231111679966e+02 6.666367251486839223e+02 6.613673802539453845e+02 6.547180778614365408e+02 6.447747623043960630e+02 6.298583802783846295e+02 6.087011116145098413e+02 5.806664049251708093e+02 5.837986607263832184e+02 5.862750738049689971e+02 5.870301255291175266e+02 5.856224516466298837e+02 5.819727802305020532e+02 5.795558089654574587e+02 5.618652151991889241e+02 5.228748162670866577e+02 4.697843526374534804e+02 5.269207159038207919e+02 5.732150444461902907e+02 6.030641931243437739e+02 6.155434230299066485e+02
