_codes/_figurecodes/_data/lowRvar/steadystate/20mGeneral/topographic_elevation_depth20m.asc
ncols 200
nrows 200
xllcorner 0.0
yllcorner 0.0
cellsize 50.0
[rows 136 to 152 of 200, columns 37 to 73 of 200]
3.303842845148370202e+02 3.902738590328872874e+02 4.467533363266015840e+02 4.955458528459028003e+02 5.300298801436313170e+02 5.407673803715499616e+02 5.239238650608932630e+02 4.784409152703785821e+02 4.070105430044673085e+02 3.704212251931379001e+02 3.396680846204307045e+02 3.127993745337307701e+02 3.133794064931726098e+02 3.368527194439809023e+02 3.540563959442912392e+02 3.605991512692283436e+02 3.565729185718346343e+02 3.441827805077804783e+02 3.312174701951140037e+02 3.094351161129609409e+02 2.739468572138944182e+02 2.305684216865389828e+02 1.900477402952069497e+02 2.274484142681522769e+02 2.551305034856855229e+02 2.913103866519663825e+02 3.335480943648391303e+02 3.736540371069330035e+02 4.085446158003886126e+02 4.377767405465718866e+02 4.619790853299063542e+02 4.804951252794402308e+02 4.944954385388508058e+02 5.055385189268987460e+02 5.106685938158349245e+02 5.110979247461630735e+02 5.049334925438418509e+02
3.302026973536504215e+02 3.883852457824309568e+02 4.417472818115219297e+02 4.854974794829168445e+02 5.123608263117073420e+02 5.182659711104180360e+02 5.083845775817807180e+02 4.757214559292940521e+02 4.297672733286257767e+02 3.864999329858804913e+02 3.414244506335298297e+02 2.889781418086759004e+02 2.663075189886768612e+02 2.920626409765296216e+02 3.101204194349972454e+02 3.146504531948235126e+02 3.042793915444199229e+02 2.834168039683098641e+02 2.772675470967174647e+02 2.621234890983553214e+02 2.293811592383156892e+02 1.846613237139710009e+02 1.873540218501084098e+02 2.411784657154105957e+02 2.823728676963972362e+02 3.197235007334829220e+02 3.555146522910125668e+02 3.878926376087391077e+02 4.153859923444445030e+02 4.356403593203260698e+02 4.502146363784503365e+02 4.593998253314632620e+02 4.664594904573415874e+02 4.705488492324245726e+02 4.696824310852038593e+02 4.654829268862106346e+02 4.558399966941954631e+02
3.265779683822297557e+02 3.817531797146039025e+02 4.300616120652334189e+02 4.662369284431805454e+02 4.836127881107891540e+02 4.874107405455431490e+02 4.852399510312594089e+02 4.665825002056639619e+02 4.328029367570981663e+02 3.913679289249335511e+02 3.443959677076271646e+02 2.936786596402151872e+02 2.453409706263844612e+02 2.507034847412640488e+02 2.708844085490320026e+02 2.740686629493449686e+02 2.546323907870101095e+02 2.137052213908008866e+02 2.215232756682630395e+02 2.138355313524343160e+02 1.792773857535776472e+02 1.819689178554261559e+02 2.233006071607309764e+02 2.643343169766384904e+02 3.004162331006103841e+02 3.320262548691337088e+02 3.596413630446277239e+02 3.808090704331554548e+02 3.968587069188096734e+02 4.070459797033082054e+02 4.145789428291760146e+02 4.184022515071169437e+02 4.213415874954862943e+02 4.220468724804296698e+02 4.187938064793852959e+02 4.129554778371411885e+02 4.022634562535459963e+02
3.201324669789241852e+02 3.708925780656670099e+02 4.118825140282485791e+02 4.368046018000851518e+02 4.452242180778690681e+02 4.467075309568743933e+02 4.494522879518362402e+02 4.426148079244620703e+02 4.216988471158734342e+02 3.865542999160776390e+02 3.411241964455800826e+02 2.875638603399390263e+02 2.251419554581467253e+02 2.055159135083363822e+02 2.371178158010175707e+02 2.419363176905818875e+02 2.155892255822180061e+02 1.685178051868019509e+02 1.712065739842702783e+02 1.738960690902567308e+02 1.765862910956032010e+02 2.136879073384361050e+02 2.467587971496695616e+02 2.769083604959632794e+02 3.018503558833711509e+02 3.217349414384158308e+02 3.376794948256215321e+02 3.483363543077381905e+02 3.567193516765242407e+02 3.613046404079041167e+02 3.647750131841067969e+02 3.658771448091300726e+02 3.669880641074504410e+02 3.665997855642996228e+02 3.631590351955898655e+02 3.577604115885079068e+02 3.478451762860871099e+02
3.078191909495656091e+02 3.523118858524827033e+02 3.826777499862773197e+02 3.965162594028768126e+02 3.984415697721204310e+02 3.968868911744880279e+02 4.035792688384512985e+02 4.044872401905196853e+02 3.954276883687925874e+02 3.721090650889989888e+02 3.341129121912911728e+02 2.864706712552123236e+02 2.345333417211354003e+02 1.878938847021219374e+02 2.179509203826491728e+02 2.234383477605592816e+02 2.052252396736281241e+02 1.658322177276083096e+02 1.893594449312604695e+02 2.002471571914660160e+02 2.087510385098996721e+02 2.291646936445744416e+02 2.473063541259832618e+02 2.632292166548795649e+02 2.753668087024855140e+02 2.861318272480563110e+02 2.946439572759051657e+02 2.996729262643595462e+02 3.038638462503452047e+02 3.057638733428313458e+02 3.073884697979356133e+02 3.074829337487016119e+02 3.084013844977611711e+02 3.083279443361101926e+02 3.059886317181697564e+02 3.025221636944123702e+02 2.949941042340271338e+02
2.853482075939736546e+02 3.220780607506717388e+02 3.425649613018639457e+02 3.491421494475945906e+02 3.460587996940603261e+02 3.384908765174255905e+02 3.511154724797613653e+02 3.572446798792118443e+02 3.557788852024371522e+02 3.440860327130275209e+02 3.178477662707327909e+02 2.769878091050240982e+02 2.266048780153919324e+02 1.707107066046695820e+02 1.921502034711091085e+02 1.960569292321217745e+02 1.885919293770140825e+02 1.631470647848833551e+02 1.862127862573156847e+02 1.960933264326736776e+02 2.027933171849983864e+02 2.111991249073398365e+02 2.181703327160383878e+02 2.250939661146411765e+02 2.301932880548467608e+02 2.353238451248339231e+02 2.395595444064178423e+02 2.419845986880952466e+02 2.443711357530788462e+02 2.455802103645589511e+02 2.468496970850728758e+02 2.467590380429311097e+02 2.487432907730701288e+02 2.496981159276432152e+02 2.489688807282036862e+02 2.485590514661373902e+02 2.451037022823583982e+02
2.470541587072841310e+02 2.810098291840942011e+02 2.966598191568787115e+02 2.982430803087405025e+02 2.925647548727017124e+02 2.836447707131128482e+02 2.970344974677527716e+02 3.050457672901365527e+02 3.076695622415123808e+02 3.033907408004124591e+02 2.890607489159745001e+02 2.593668649586738297e+02 2.135168322822658808e+02 1.538007093846319719e+02 1.554659064207416748e+02 1.571311625800620391e+02 1.587965365767019250e+02 1.604620578254341865e+02 1.624374689938789800e+02 1.644133476450383853e+02 1.663896942015034597e+02 1.683665090719837565e+02 1.703437926498482398e+02 1.723215973343942267e+02 1.742999235737732135e+02 1.762788760415784566e+02 1.782584553589243228e+02 1.802387143727868875e+02 1.822197061003516012e+02 1.842014313750522376e+02 1.861839434616693154e+02 1.881672958312278467e+02 1.901515421774806498e+02 1.921367364331119632e+02 1.941228800249336075e+02 1.961097102289603527e+02 1.980971748751358348e+02
1.960222111265873934e+02 2.374667406525886690e+02 2.496312619582154753e+02 2.456616398510710724e+02 2.391601244540707114e+02 2.318492632197659873e+02 2.430545141295538087e+02 2.503945962802537792e+02 2.544316759899130318e+02 2.544412790474248709e+02 2.484238381433594611e+02 2.326474197698791784e+02 2.007356936565943499e+02 1.521387857622566457e+02 1.858705185216353470e+02 2.048083734431191374e+02 2.124494912231496926e+02 2.150233213523518145e+02 2.172832688974602604e+02 2.192592162387550161e+02 2.212355759783086455e+02 2.232124034285417622e+02 2.251896989346217310e+02 2.269234618104806316e+02 2.260952534838989720e+02 2.279634595325993587e+02 2.275041379762186011e+02 2.294844046744208867e+02 2.314654034625613690e+02 2.333475807500136909e+02 2.332554361034495116e+02 2.351479634384177189e+02 2.353390369592478351e+02 2.373242352584766763e+02 2.455194254886554859e+02 2.488404385884854833e+02 2.477028755990969273e+02
1.793516128676230892e+02 2.052116882040912458e+02 2.052308746042513690e+02 1.908062217097932489e+02 1.856685432427122748e+02 1.826035924637829169e+02 1.897547591892459309e+02 1.947177714759538958e+02 1.982206793110294996e+02 2.000582877020268882e+02 1.993149840100247161e+02 1.940835655657338066e+02 1.805212010137919378e+02 1.504769498908065657e+02 2.015854066555966142e+02 2.393465212773469659e+02 2.594053008554358826e+02 2.674150563163477159e+02 2.723908308928793645e+02 2.763121478230061143e+02 2.794255615284718033e+02 2.818042695062420648e+02 2.836261368852945566e+02 2.839298376485177755e+02 2.809413842985250085e+02 2.818990457777087499e+02 2.792996803857847681e+02 2.812799548888788195e+02 2.832609614999731775e+02 2.843960440096177535e+02 2.825013383548370030e+02 2.837616038781902148e+02 2.824107326412873249e+02 2.843959396157128481e+02 2.950666832073329715e+02 2.971926647597105671e+02 2.901214092158002700e+02
1.623263769223245276e+02 1.697043457677371805e+02 1.628971218147206912e+02 1.322148430849942145e+02 1.338734840887097448e+02 1.355323856226223143e+02 1.371917216646191662e+02 1.388514056111987429e+02 1.405114087078472380e+02 1.421717021483341341e+02 1.438322570799561504e+02 1.454930446087219025e+02 1.471540358044092329e+02 1.488152017054839575e+02 2.133819872380414893e+02 2.633125804004787938e+02 2.992547430677748821e+02 3.165591127793981059e+02 3.264319131900808202e+02 3.332374425693499802e+02 3.380920292326652543e+02 3.414886400631266952e+02 3.434697135222695579e+02 3.432906758004683638e+02 3.395332949188578482e+02 3.388207984120437573e+02 3.341458698962488825e+02 3.361261459014652928e+02 3.381071537611300073e+02 3.379789910391946819e+02 3.342969604201901461e+02 3.345459090544065361e+02 3.316567128093649330e+02 3.336419222100295201e+02 3.425917683674945238e+02 3.402385841761042116e+02 3.248629620924273809e+02
1.434580571245989518e+02 1.272401927618644493e+02 1.288981975163016784e+02 1.305564046201843382e+02 1.717684520258363818e+02 1.872426712881858180e+02 1.944607924898608928e+02 1.987644525864080549e+02 2.018500062451446979e+02 2.042870093075397051e+02 2.061223883584317491e+02 2.067425059542362078e+02 2.035582820047415566e+02 1.863117958619209844e+02 2.283771829900364878e+02 2.776230579274297270e+02 3.304429495643212249e+02 3.622151416005870601e+02 3.782513167568065455e+02 3.885029760612163727e+02 3.955943584475442094e+02 4.005379083665934559e+02 4.035142418151863239e+02 4.040182701025814254e+02 4.013166463491571676e+02 3.987160352549925619e+02 3.927375863133951839e+02 3.947178541426992524e+02 3.958018712516033020e+02 3.943185660613411869e+02 3.891429633933582863e+02 3.877936042102414831e+02 3.834521629090887131e+02 3.839536141726160281e+02 3.865684479725280767e+02 3.752764344181057936e+02 3.476915481420874698e+02
1.239244722225071627e+02 1.255822747072195256e+02 1.706351886889984257e+02 1.926436656577918427e+02 2.203531538237922689e+02 2.378331728858254621e+02 2.482375069716744349e+02 2.548764232458892991e+02 2.595583389679128459e+02 2.631262552850971588e+02 2.658400005122665561e+02 2.674707049414550397e+02 2.672815149181948868e+02 2.651704526712499046e+02 2.980783755599188112e+02 3.371308916167767507e+02 3.764922374766225062e+02 4.078604566878756259e+02 4.264555566541357621e+02 4.394245219568499579e+02 4.489370246831036866e+02 4.560661256090111237e+02 4.610662610689080907e+02 4.633674577123973677e+02 4.620756343914047193e+02 4.600777946346523777e+02 4.560907903141779798e+02 4.559900463431394542e+02 4.555201631107728417e+02 4.530104961222356224e+02 4.476804571195261815e+02 4.430208111105109765e+02 4.365568647167562517e+02 4.309904140960708787e+02 4.239498715550860197e+02 3.971777297741848543e+02 3.562895033224077110e+02
1.554411748399218993e+02 1.813910853503964802e+02 2.157498564927153666e+02 2.411893454069844154e+02 2.647932350767529783e+02 2.821412503466499970e+02 2.940229134487212264e+02 3.023439029203361770e+02 3.085603878689072417e+02 3.135487425232261103e+02 3.177939703485227483e+02 3.216573090989469392e+02 3.259874768671558058e+02 3.341110952091353852e+02 3.574652580223589666e+02 3.874273828536263409e+02 4.179465333640699214e+02 4.465467538435532333e+02 4.656816184447859541e+02 4.806134251714702827e+02 4.926905170008977848e+02 5.028343405452270076e+02 5.114200259605469796e+02 5.173118414363954116e+02 5.189235777208486979e+02 5.191767942469155059e+02 5.171129042152049351e+02 5.164648583223445257e+02 5.152486854535139855e+02 5.119340331438196472e+02 5.054593463009119318e+02 4.980381822865886647e+02 4.875990032159221528e+02 4.742771115404372608e+02 4.526832393698788906e+02 4.060424560664887395e+02 3.432210494818484108e+02
1.665504432327542190e+02 2.071514395631459422e+02 2.442281507704087460e+02 2.730521336442686220e+02 2.951188947477574516e+02 3.114850222240237940e+02 3.236256606631722548e+02 3.329465419781499804e+02 3.405199344709582761e+02 3.470844443784301916e+02 3.531845036804592155e+02 3.594188962315373601e+02 3.669035583512305152e+02 3.780376640151847027e+02 3.965413232367301930e+02 4.195062040714385603e+02 4.431012618846851296e+02 4.666942128518747381e+02 4.862283706841179765e+02 5.027554793223160345e+02 5.176889373396251131e+02 5.318712247007673568e+02 5.468060547598108769e+02 5.595033622217125640e+02 5.668571595562054881e+02 5.714748279882944644e+02 5.722346077410040834e+02 5.727693559384072159e+02 5.719452411522992179e+02 5.684851576309437178e+02 5.610376204287146038e+02 5.513869814410196568e+02 5.369003769330896603e+02 5.162415409904693888e+02 4.816249723328191976e+02 4.188605398032947846e+02 3.767953452933127210e+02
1.692157731622690449e+02 2.143310352180995721e+02 2.522786070602644202e+02 2.808730794317302752e+02 2.996669003785813175e+02 3.131786753412559960e+02 3.242916382626041809e+02 3.339655140486025289e+02 3.427232474184907005e+02 3.509661189149288134e+02 3.590714545401602891e+02 3.675040067730778901e+02 3.769772353685103781e+02 3.885608579542309826e+02 4.032611638103045948e+02 4.202770013677187535e+02 4.382567329559626046e+02 4.564840808086314610e+02 4.740295135177349266e+02 4.914763729437713096e+02 5.097132483791424420e+02 5.282411443741655148e+02 5.550781500422265253e+02 5.803480662879392185e+02 5.987308603369154980e+02 6.108697561589242468e+02 6.164611290905751275e+02 6.199260850903024220e+02 6.209629436067666575e+02 6.186631229448403246e+02 6.114573136189046636e+02 6.010505384983645172e+02 5.843001373183431042e+02 5.596471740775365333e+02 5.196749028478838000e+02 4.640475758961336510e+02 4.285903880805741437e+02
1.684382739045429673e+02 2.124437030584090564e+02 2.461416160468843657e+02 2.662792012058558839e+02 2.754378811758484176e+02 2.849355786663419394e+02 2.946580433343858090e+02 3.042158782708057174e+02 3.135273403146842952e+02 3.226860155284068128e+02 3.318723037576793331e+02 3.413447851210111708e+02 3.514645542638637608e+02 3.626701272424526792e+02 3.752673855526733746e+02 3.890358162302875371e+02 4.035435521246271833e+02 4.185738448028628227e+02 4.342640029231699259e+02 4.517395583907475611e+02 4.727544814054522249e+02 4.941723578101134535e+02 5.358858827950360819e+02 5.745204606121322968e+02 6.060831461113218666e+02 6.290312288835445997e+02 6.423096971241077426e+02 6.503993916188580897e+02 6.550531758022766553e+02 6.560364689080780636e+02 6.516045069726334305e+02 6.432527429761437361e+02 6.277444936715211270e+02 6.043494354716229964e+02 5.688511867738175170e+02 5.243700658598910422e+02 4.834357396090641714e+02
1.630719756680813930e+02 2.002832964450824988e+02 2.235564266845845509e+02 2.326312488980664739e+02 2.306369510990077742e+02 2.374896387957178092e+02 2.465246352147090647e+02 2.560588504058630406e+02 2.656863998561780704e+02 2.753498549911219584e+02 2.851000209166834907e+02 2.950374922600765331e+02 3.052997124168485357e+02 3.160370424340380850e+02 3.273429465386953439e+02 3.391738484307914518e+02 3.514327769051748191e+02 3.641502712192349804e+02 3.777656742940246204e+02 3.940380589532811086e+02 4.192574077694308130e+02 4.423775758871778407e+02 5.047686136355966369e+02 5.560233873133864790e+02 5.953514095059615556e+02 6.221896237440006416e+02 6.399757203157927279e+02 6.529098545678301662e+02 6.628963523811808045e+02 6.702360527265365135e+02 6.732349035651993745e+02 6.712183208014462252e+02 6.619871227291504283e+02 6.447796134665836689e+02 6.162433837839494117e+02 5.793802647103474328e+02 5.402901500519319598e+02
