_codes/_figurecodes/_data/lowRvar/steadystate/20mGeneral/topographic_elevation_depth20m.asc
ncols 200
nrows 200
xllcorner 0.0
yllcorner 0.0
cellsize 50.0
[rows 85 to 101 of 200, columns 0 to 36 of 200]
8.873387615692390892e-04 9.770932191656922896e+02 9.454486392130277181e+02 8.953214019374734107e+02 8.357144154379066094e+02 7.725040516884077988e+02 7.092859297633891629e+02 6.506880600723975476e+02 7.074815326680434282e+02 7.598340956003593192e+02 8.021086367460291058e+02 8.241788201491922337e+02 8.099138616253652572e+02 7.646537457614368805e+02 7.006199250924055377e+02 6.345535800506269197e+02 5.754659327723018123e+02 5.674570631511210195e+02 5.520333010939517635e+02 5.326818223102793581e+02 5.090800655229897416e+02 4.827027624217565176e+02 4.492125164195534808e+02 4.055675463493028587e+02 4.302786561683668083e+02 4.383871040046860230e+02 4.374755183902521480e+02 4.332516873955123629e+02 4.266063491337262121e+02 4.191333649796715122e+02 4.191057758088483638e+02 4.177202666664195476e+02 4.207195652073936003e+02 4.033773016586212634e+02 3.626628385427007970e+02 3.992672632230998602e+02 4.137067046240024979e+02
1.921636555035122250e-04 9.664031721695112083e+02 9.351267189007979823e+02 8.856003700617948198e+02 8.266796637980289688e+02 7.640594988254111968e+02 7.011553861725431034e+02 6.425583182838530547e+02 7.004332100236773613e+02 7.530734655216947431e+02 7.946094880391079869e+02 8.149460566586308232e+02 7.970854807184177844e+02 7.449121654302541629e+02 6.604640123019560178e+02 5.816045139683484422e+02 5.431208945031264648e+02 5.184147292711766113e+02 4.957445674316877557e+02 4.745000496146565752e+02 4.544203692783792121e+02 4.354156528243063349e+02 4.173152756000531554e+02 3.999174679775646268e+02 3.944467512632714943e+02 3.889898791095151296e+02 3.835482522603664393e+02 3.781247331140460233e+02 3.727206042158626360e+02 3.673385636183613201e+02 3.619797539682016350e+02 3.566295570646483952e+02 3.801629219039934355e+02 3.755637530030579114e+02 3.489911187336019793e+02 3.697117024852945519e+02 3.730130004572500297e+02
3.756665542773479551e-04 9.559393371785811269e+02 9.250100728496547617e+02 8.760318278088302577e+02 8.177147071700607057e+02 7.556217272520583492e+02 6.930878046723003081e+02 6.344914819284315399e+02 6.925302508946665512e+02 7.450897761586685419e+02 7.865689248397936808e+02 8.080945959369645379e+02 7.955490463242018677e+02 7.536533991181495367e+02 6.924723468164742144e+02 6.251381820805215739e+02 6.029781809043568046e+02 5.792649986184268300e+02 5.563831065152658084e+02 5.330912035611924011e+02 5.092657182283990664e+02 4.872103823082055669e+02 4.691099650869612674e+02 4.547626888012968607e+02 4.492919733157216342e+02 4.438351089521972881e+02 4.383934978602277397e+02 4.329700038564881766e+02 4.255714600863162218e+02 4.148223291793731278e+02 3.949781670186901010e+02 3.512864973974777740e+02 3.459632908186577538e+02 3.406527098169515853e+02 3.353518758691089374e+02 3.302893059057967662e+02 3.252326767784956587e+02
5.340619816908364313e-04 9.452071446292214887e+02 9.146500680418693037e+02 8.662680238827861103e+02 8.086229628465058568e+02 7.471448703274616037e+02 6.850815849702814830e+02 6.264859490118853955e+02 6.841038278812326325e+02 7.358190280609627507e+02 7.767139278905094670e+02 8.000159262476790900e+02 7.965215066747007313e+02 7.687312529599130357e+02 7.254111353395478545e+02 6.769344258730404817e+02 6.594106184672665449e+02 6.378489746686192348e+02 6.159238072175933212e+02 5.922210867636124476e+02 5.674751250813380921e+02 5.420559172053518751e+02 5.239554159735824896e+02 5.133538201680523798e+02 5.078830843585133152e+02 5.024262017376165090e+02 4.968989652717609147e+02 4.899331076793752686e+02 4.804853195002681332e+02 4.666739648812445012e+02 4.446450146099081735e+02 4.098777781115357470e+02 4.076106897510741192e+02 4.029848816291776075e+02 3.981622217648824744e+02 3.923952079579577799e+02 3.840661401000541559e+02
7.538874145591992117e-04 9.336758107496174262e+02 9.035521968991137101e+02 8.559064425440299146e+02 7.991420833825527552e+02 7.385144589107057982e+02 6.771351940430887453e+02 6.185401853460409711e+02 6.753296630872386004e+02 7.245467827471045439e+02 7.623686634072834067e+02 7.842159005225223609e+02 7.892587645671603696e+02 7.784501731367159891e+02 7.548548907261595105e+02 7.274510393497848781e+02 7.095562977035089034e+02 6.910364328622335961e+02 6.720351633637567375e+02 6.500302393001142036e+02 6.261001020712794798e+02 6.006476694916284487e+02 5.825470128488452701e+02 5.764065811655333391e+02 5.701967040436891239e+02 5.637466190396793309e+02 5.567721414378369218e+02 5.483976478081208370e+02 5.375414101244148242e+02 5.226398209544634028e+02 5.016311850591292796e+02 4.732306750865144522e+02 4.706729106796103110e+02 4.649048482971249996e+02 4.583909206750460612e+02 4.494166814926691700e+02 4.351736677738867343e+02
1.290645336467260886e-04 9.207263489715080595e+02 8.910780575099171301e+02 8.443726533676946246e+02 7.888584984914691631e+02 7.295195908527279016e+02 6.692419233597328230e+02 6.106474823804200014e+02 6.638996640016356423e+02 7.064832146936646495e+02 7.356399480649478164e+02 7.537792766435801468e+02 7.641334550948130300e+02 7.666171725376677841e+02 7.605149409764969732e+02 7.508589583525855460e+02 7.426028332986970781e+02 7.326234059558249783e+02 7.205733534966816478e+02 7.036158004394968657e+02 6.835985329282721068e+02 6.628121725984302657e+02 6.459011136826115944e+02 6.393384666509901990e+02 6.321551539620987796e+02 6.244481147246267483e+02 6.161030623601196794e+02 6.066073771859715862e+02 5.951059829398685679e+02 5.805515285145505686e+02 5.624294354653164874e+02 5.429417181182703871e+02 5.335762795814572428e+02 5.235585758634658760e+02 5.124732106474070861e+02 4.970172595934530477e+02 4.734142164462593882e+02
9.637004887477105489e-04 9.056789686196739240e+02 8.763316021613671865e+02 8.307426634860643162e+02 7.770573086904067850e+02 7.197376814385767148e+02 6.611434422679756153e+02 6.028015337017750426e+02 6.468448093899348805e+02 6.753827878449171749e+02 6.933329612693715944e+02 7.102766769210144275e+02 7.242916480079326220e+02 7.331962736525134687e+02 7.358747850060833571e+02 7.385143022511930440e+02 7.470811933000720728e+02 7.545329983507926954e+02 7.555657878077934129e+02 7.484039463682639735e+02 7.355531653128244898e+02 7.203712762344600833e+02 7.075227073303805128e+02 6.994551070095476462e+02 6.906727064773695020e+02 6.811674736177710656e+02 6.712449342179965015e+02 6.608906214919143167e+02 6.494486318679811347e+02 6.359396355374274208e+02 6.200217974223714918e+02 6.032795998041491430e+02 5.898389813401603305e+02 5.738861234003152276e+02 5.549116799286102832e+02 5.281296920444808620e+02 4.918282157303582380e+02
9.323333890043031952e-04 8.881025936501200704e+02 8.579819072553885917e+02 8.133979393320913687e+02 7.624789363801210129e+02 7.085634776762873344e+02 6.526230527542567188e+02 5.949963744257910321e+02 6.195465214064460042e+02 6.296158757396814281e+02 6.370005259693741664e+02 6.574404361245199198e+02 6.753370385275241006e+02 6.866393783765607850e+02 6.910448877806012433e+02 6.943293880076091682e+02 7.199267384608683642e+02 7.477898582986252904e+02 7.692131626557030586e+02 7.786676362323041758e+02 7.771666630667245954e+02 7.692940322519115171e+02 7.601629863147529704e+02 7.516592914731036217e+02 7.404856255513068390e+02 7.280004270458447309e+02 7.157392118030187476e+02 7.047569948503073647e+02 6.943828840126921023e+02 6.827780583052928023e+02 6.685612914162593370e+02 6.517337127149515936e+02 6.335967391363359411e+02 6.095221780166381222e+02 5.786120283550584418e+02 5.398509409672161610e+02 4.954959848649519927e+02
5.424571023148166537e-04 8.691026373014045703e+02 8.337833585707646762e+02 7.891884782844570054e+02 7.426571593376417013e+02 6.952372948825310459e+02 6.451945853565534890e+02 5.872263280888290637e+02 5.796472763958005316e+02 5.720955460865731084e+02 5.645573505640994654e+02 6.005019228164903780e+02 6.235520144516796108e+02 6.344498632041662631e+02 6.361062979693032275e+02 6.201005653339681203e+02 6.718995267234591893e+02 7.193485479969364178e+02 7.595191681721651094e+02 7.884382244464424048e+02 8.034463037048551541e+02 8.052398131809122788e+02 7.998198944772077539e+02 7.897292896476604938e+02 7.737049574124901028e+02 7.553495087169392264e+02 7.386128226741850540e+02 7.273801107266185682e+02 7.204105144003559644e+02 7.129702838358757617e+02 7.012303445848689307e+02 6.829381617618811333e+02 6.572233847818222330e+02 6.228248479167981486e+02 5.822078781778419625e+02 5.367706363664734681e+02 4.882873750629538563e+02
7.105730736584989389e-04 8.560475445202092715e+02 7.986912895226238334e+02 7.516054479094357248e+02 7.120344613500335527e+02 6.770565033639201147e+02 6.452705732532757565e+02 6.154447456015990383e+02 6.226848251884169940e+02 6.062347096725080746e+02 5.570370756858546883e+02 5.495257033167733880e+02 5.752469797552380442e+02 5.823154218677847211e+02 5.876681664035725134e+02 5.749125505851901607e+02 6.335782597073606439e+02 6.889054119804122820e+02 7.387233373877818394e+02 7.801110801689592336e+02 8.098100606267909143e+02 8.239112740872010363e+02 8.214715585621951277e+02 8.054429084579845721e+02 7.790387839114044937e+02 7.484383823209375350e+02 7.213711230003235642e+02 7.110011334863852426e+02 7.136351971118748452e+02 7.159287949726209490e+02 7.099291459879465265e+02 6.905352487905238377e+02 6.598307671681650390e+02 6.201983590366011185e+02 5.745920356026449554e+02 5.254975969626387950e+02 4.749752888031130738e+02
4.649637750276739692e-04 8.792699184053579984e+02 8.465833700156715622e+02 8.113166301538700509e+02 7.762295650320936602e+02 7.437700631730155010e+02 7.152200411801997006e+02 6.898840010250289652e+02 6.753016228282235716e+02 6.495014462218507560e+02 6.016743740646006700e+02 5.420408426597140306e+02 5.345951733872848308e+02 5.271795113543666957e+02 5.452194356915733806e+02 5.374161600101089107e+02 5.960080197605585681e+02 6.565401149735214403e+02 7.126035616683176386e+02 7.616573675160007042e+02 8.000430390633990783e+02 8.224363299430963252e+02 8.214100512119393898e+02 7.984036622123128382e+02 7.614577190012074652e+02 7.153446514053072178e+02 6.657155833755159620e+02 6.586693829815933441e+02 6.779413744452972423e+02 6.926485025574125984e+02 6.956881003172994724e+02 6.822772905666844281e+02 6.521689260960607726e+02 6.106236894192049931e+02 5.622263378824648044e+02 5.106687345407832481e+02 4.586259189559269771e+02
8.253291680798191044e-05 9.147943856029468179e+02 8.941702771036432296e+02 8.657484106331135081e+02 8.349620499373220355e+02 8.049942770813894413e+02 7.779426722918752830e+02 7.514390053535163361e+02 7.267739214738375040e+02 6.961001667036611025e+02 6.528035586488800845e+02 6.033497532827387886e+02 5.711948262563529397e+02 5.197892429864961059e+02 5.124157267936938069e+02 5.050712337926065061e+02 5.636626907823840611e+02 6.270182102978817511e+02 6.863912918157290051e+02 7.397015729657568954e+02 7.829779921046334721e+02 8.094065678138541671e+02 8.086334468349858753e+02 7.813104523041527045e+02 7.374106578326824319e+02 6.822059118396061876e+02 6.164694242060276110e+02 5.757189601626338344e+02 6.286938793544563850e+02 6.565963447229677286e+02 6.661076239610417815e+02 6.591954777354119415e+02 6.341971197397886044e+02 5.934157998075941123e+02 5.434940502449229598e+02 4.898878279714573409e+02 4.364877118711908679e+02
6.145421455241650236e-04 9.495738220771011129e+02 9.347100073699389213e+02 9.111028569554767955e+02 8.835445195009547206e+02 8.551372380106136006e+02 8.278571636318636138e+02 7.983691854735924380e+02 7.670439400541704345e+02 7.303297555452361394e+02 6.869733250245994896e+02 6.427204854621189725e+02 6.042173357647915282e+02 5.624235927542935087e+02 5.332836642148960209e+02 4.978509706739452554e+02 5.494887250100867959e+02 6.039841351520377657e+02 6.609131620669055565e+02 7.157878720289769490e+02 7.618438050752448589e+02 7.904334918866418320e+02 7.896486292805001312e+02 7.601712066865463839e+02 7.136195221759383003e+02 6.575087928765709648e+02 5.974011939783873686e+02 5.407451226343113149e+02 5.923154259890319508e+02 6.188327712269154972e+02 6.290377984197538126e+02 6.245502703069171275e+02 6.047908091882623012e+02 5.674740006771962726e+02 5.165933560159734270e+02 4.603802773521729250e+02 4.052411346628499587e+02
3.514832259293330040e-04 9.741602266214594010e+02 9.617655410309130275e+02 9.404536284659368448e+02 9.145047321962064188e+02 8.863453052758034119e+02 8.561902739451268189e+02 8.222580948942877512e+02 7.853626646262889608e+02 7.450065516397157808e+02 7.016029699352910711e+02 6.572616955778081547e+02 6.138709799859358327e+02 5.714134120326422135e+02 5.317408394862445675e+02 4.906615772419713153e+02 5.281630248105776673e+02 5.735270047536804441e+02 6.308731186283619081e+02 6.894779306337851494e+02 7.385545572096078786e+02 7.686434707804531854e+02 7.675398849071685845e+02 7.367149425812909840e+02 6.887842683984675887e+02 6.318753189164425521e+02 5.712009766372070771e+02 5.099923610825668447e+02 5.580556507018980028e+02 5.803301125003596326e+02 5.881960099349281563e+02 5.832919643814659594e+02 5.652701698221685547e+02 5.316565632955372394e+02 4.799777150334797398e+02 4.187673899565553484e+02 3.532333372782146625e+02
4.454337120317086751e-04 9.771247859957788933e+02 9.648304167448206954e+02 9.425761125979306598e+02 9.165256909910700642e+02 8.885481990291115153e+02 8.584087275999511348e+02 8.251980522059376426e+02 7.884316996302377447e+02 7.485796449640122319e+02 7.060995789681737733e+02 6.613716441505810053e+02 6.142972423633760854e+02 5.691090547816755816e+02 5.255757640728241995e+02 4.835101485022036059e+02 4.764107708710661768e+02 5.234828420699293474e+02 5.931953551245029530e+02 6.633065590869516654e+02 7.160138111753240082e+02 7.465041073321407339e+02 7.439138658784424933e+02 7.116049987445416036e+02 6.627155079208389452e+02 6.053724341812737748e+02 5.443175374331573266e+02 4.821326513012508599e+02 5.253321324082584169e+02 5.416002796441641749e+02 5.455574546555106963e+02 5.386918147278328206e+02 5.209368865829977722e+02 4.907772805825583191e+02 4.399627364054114196e+02 3.754087321568566153e+02 3.014374766938487937e+02
1.040710092157757258e-04 9.565425995249732978e+02 9.428008179405026112e+02 9.188951799720579174e+02 8.946496940071936024e+02 8.706279000948468365e+02 8.453651259205771566e+02 8.175897607578386896e+02 7.844088256148204437e+02 7.481566984308891506e+02 7.094533254082700751e+02 6.683404373234770901e+02 6.259239466748160794e+02 5.837167751345202760e+02 5.423760644870804981e+02 5.031939002689287577e+02 4.693549522570660315e+02 5.272861543076761563e+02 5.898188850725786097e+02 6.504635759710507728e+02 6.990796102492815862e+02 7.260842317868957707e+02 7.193878323863129935e+02 6.847522556243663985e+02 6.351007630394216221e+02 5.781457966230838110e+02 5.178891717585725019e+02 4.564209296030589371e+02 4.935075028526841265e+02 5.026602730119781768e+02 5.021236371810669539e+02 4.924727659030907034e+02 4.738359129344536314e+02 4.471725215475602795e+02 4.021135983117129058e+02 3.391835322974130804e+02 2.579035095198338468e+02
8.368821667837061506e-04 9.236519213156378783e+02 9.031983277727564428e+02 8.709916299314916159e+02 8.476755837619915610e+02 8.276150447562355339e+02 8.068121439661741761e+02 7.852504947385923515e+02 7.592565161731920398e+02 7.306176296728592661e+02 6.997561366806147589e+02 6.643734787397150967e+02 6.270899030304931330e+02 5.884877725369682366e+02 5.481496893435148650e+02 5.062572293170718467e+02 4.623523461147540274e+02 5.235166085716582529e+02 5.846609409105092254e+02 6.412464475258857419e+02 6.853102557548827463e+02 7.065188225311670749e+02 6.931188608792285777e+02 6.549362180156226714e+02 6.046000609268971857e+02 5.493674768046346344e+02 4.916038481511005784e+02 4.323887961586103756e+02 4.612698468934286780e+02 4.630853993150260521e+02 4.584814441590663137e+02 4.456777182574437575e+02 4.241356158141328478e+02 3.980225712269271412e+02 3.629765697509118922e+02 3.163795339991664264e+02 2.551600828655528233e+02
