_codes/_figurecodes/_data/lowRvar/steadystate/20mGeneral/topographic_elevation_depth20m.asc
ncols 200
nrows 200
xllcorner 0.0
yllcorner 0.0
cellsize 50.0
[rows 0 to 16 of 200, columns 37 to 73 of 200]
5.902889051133153623e-05 6.814326323339704944e-04 8.882630333240032006e-04 4.565803932634714254e-04 8.092834864835063077e-04 9.016990091857600637e-04 5.807898843383618732e-06 1.498798150731670605e-04 8.189536375255040447e-04 1.674021583904071616e-04 3.475066062544042390e-04 5.924734325362783233e-04 8.780786530150825643e-04 1.712577296406592222e-05 6.328653737131151747e-04 1.367794385847258417e-04 7.422731768356615649e-04 4.220213894569597546e-04 1.819747757469866159e-04 9.454104983361779225e-04 7.094896264045973512e-04 1.524086133727583549e-04 3.502739995516777134e-04 4.838801803595858906e-04 7.047487631307087401e-04 3.602281232486466206e-04 7.576617230089869584e-04 6.507446468816247389e-04 8.612206091051081459e-04 9.156940104230261489e-04 5.457776756994360762e-04 7.325034513712636247e-04 8.094191294297023312e-04 1.257514467112422793e-04 9.286004543112389310e-04 7.963192102614165442e-04 1.234708941330195863e-04
1.066978939114593459e+03 1.047614150183155061e+03 1.028744752803375832e+03 1.010290050559047245e+03 9.922367009294857780e+02 9.746528290725833585e+02 9.579256770381225579e+02 9.433249344252851643e+02 9.348996626015804168e+02 9.449332498837890171e+02 9.611787179439322699e+02 9.796047858064101774e+02 9.989613296490161929e+02 1.018864852178166871e+03 1.039229902475296058e+03 1.060118879899740932e+03 1.081612484416564939e+03 1.103858633253282505e+03 1.126978431386500233e+03 1.151093699901554146e+03 1.176320515432181764e+03 1.202705546869507089e+03 1.229993767022235261e+03 1.256959200355502844e+03 1.292222797049729252e+03 1.335677045371404347e+03 1.390587388209011124e+03 1.445964822307722443e+03 1.492424461353919469e+03 1.524550149691064007e+03 1.538159546318882349e+03 1.538679754366080033e+03 1.533559626147040490e+03 1.526324386766940506e+03 1.518400055201597979e+03 1.510420391854273021e+03 1.502825406591863839e+03
1.035597690382375049e+03 1.016290196906457368e+03 9.974777964462709861e+02 9.790323868458331162e+02 9.609310972444820891e+02 9.430742560488765776e+02 9.254511788217890853e+02 9.079783446628030106e+02 8.906515855901786836e+02 9.095606658758306367e+02 9.286658625174601411e+02 9.479741050795274759e+02 9.676010115337035131e+02 9.875648498848046302e+02 1.007885759825959667e+03 1.028717875473502772e+03 1.050106823218547561e+03 1.072267361552351076e+03 1.095300909906925426e+03 1.119333827911334083e+03 1.144527059015972782e+03 1.171091209339058878e+03 1.199311365060415028e+03 1.229590685212534027e+03 1.269156880849974641e+03 1.312694294322247515e+03 1.382412339312085805e+03 1.443911669792307748e+03 1.487317569164377801e+03 1.512300010882661581e+03 1.516135326191140848e+03 1.511493288745054997e+03 1.503918637301607760e+03 1.495684799142465636e+03 1.487315538493935492e+03 1.479026662771551401e+03 1.471111066952069450e+03
1.097648356409413509e+03 1.077521859347226382e+03 1.057465739746921145e+03 1.035143903380436086e+03 1.011929114167931402e+03 9.850683794519629828e+02 9.548314065088329698e+02 9.189568752807838337e+02 8.772936896793862616e+02 9.186177342342335805e+02 9.544319018479590113e+02 9.855307827398999052e+02 1.013970947523311338e+03 1.040746636658172520e+03 1.064611654580952518e+03 1.088256613967055500e+03 1.110337696675479492e+03 1.133413530237280384e+03 1.157044537776456309e+03 1.181242125314367058e+03 1.206171736483486484e+03 1.232085322034802175e+03 1.259251333842197027e+03 1.288029072898413915e+03 1.325542646125650435e+03 1.362340459978579247e+03 1.409941173887413242e+03 1.451829144569932168e+03 1.479742915753811985e+03 1.487543788688952418e+03 1.478783864872567619e+03 1.466917387197554945e+03 1.456106751852002844e+03 1.446825925721865588e+03 1.438001457270052242e+03 1.429297607394332772e+03 1.420984340533565728e+03
1.152996238057604387e+03 1.130558111296552170e+03 1.106365997060760947e+03 1.077060899581565536e+03 1.043318880776255810e+03 1.003897583579092952e+03 9.609847795139994560e+02 9.144715008949715411e+02 8.640844061927134589e+02 9.117842633396901419e+02 9.560243893301951630e+02 9.975334301804904271e+02 1.037070202934300369e+03 1.074356343196259786e+03 1.106733308973533212e+03 1.135815194680162676e+03 1.160971798390572530e+03 1.185872210084344488e+03 1.210372126779770497e+03 1.234646121383205582e+03 1.258934346454414026e+03 1.283619034053985160e+03 1.308916295016413869e+03 1.334809437958420858e+03 1.367895314612685297e+03 1.397550544820826644e+03 1.428391367328712022e+03 1.452144022456561288e+03 1.459901981795040456e+03 1.450615784152468450e+03 1.430121015832846297e+03 1.410712143433690699e+03 1.397407731512357259e+03 1.388143947185277057e+03 1.379238671768376662e+03 1.370073254035228274e+03 1.361638734537096298e+03
1.195697173505495584e+03 1.168838649155898565e+03 1.136237619669621154e+03 1.096699326421578235e+03 1.052726325998577749e+03 1.005182873610110619e+03 9.552708770928398962e+02 9.037355290969909447e+02 8.511566061230416835e+02 8.994130607581555523e+02 9.466705933217359643e+02 9.934164833910390371e+02 1.039789329266772029e+03 1.084373950572427930e+03 1.125493968645676887e+03 1.162661111052689421e+03 1.194284137281651510e+03 1.222009474997325924e+03 1.247588187309801697e+03 1.271731869848528049e+03 1.294712774297018541e+03 1.317406131307760916e+03 1.340064707144514841e+03 1.362067632145622838e+03 1.387188760200459001e+03 1.410036879695065636e+03 1.426920696541284997e+03 1.434206940857833388e+03 1.426799709795424633e+03 1.405054332225532107e+03 1.373516034581743952e+03 1.345855963160205647e+03 1.332284740932414934e+03 1.325483225053898877e+03 1.316932126360843085e+03 1.306803984108689519e+03 1.299162508878416247e+03
1.217358280757374814e+03 1.184723081822059385e+03 1.145408590925192811e+03 1.100222231642293536e+03 1.050766585368020969e+03 9.983949690634906347e+02 9.444399416830539167e+02 8.903906528305819847e+02 8.385913838557481768e+02 8.837823897171862200e+02 9.308568054093888122e+02 9.801046623528465034e+02 1.031901643229808997e+03 1.081409353783834149e+03 1.126345941571345293e+03 1.166490263662125926e+03 1.201400961186750465e+03 1.231275466660888469e+03 1.257616629263957748e+03 1.281269725269899254e+03 1.301557279237450302e+03 1.321211363371060315e+03 1.340817216061052704e+03 1.360040701960139131e+03 1.378668574998051554e+03 1.393796572290526456e+03 1.401504010372058929e+03 1.400770602078361435e+03 1.385949396471785349e+03 1.355437250065629087e+03 1.311919740252243400e+03 1.282464333596128199e+03 1.268893677560662809e+03 1.263685372214328936e+03 1.255251160632884421e+03 1.243414438934764576e+03 1.237512143497067200e+03
1.216269086582742148e+03 1.184461447230666181e+03 1.144242632673203843e+03 1.097279508240211271e+03 1.045437816483061624e+03 9.903444944093170079e+02 9.331387284170798466e+02 8.782894311993965175e+02 8.264900871779447016e+02 8.773670467483136690e+02 9.286879922684267967e+02 9.801704844588517744e+02 1.031092483918633889e+03 1.079407279756860135e+03 1.123374434726743175e+03 1.161721308413551469e+03 1.194224369748346589e+03 1.219382786043630858e+03 1.240920498899261702e+03 1.259819005843417699e+03 1.275694311041189167e+03 1.292814121564609650e+03 1.310505101530721731e+03 1.327942157302675696e+03 1.343994618291164215e+03 1.356400192320462111e+03 1.361846570939709864e+03 1.359548461469435097e+03 1.343290142052592728e+03 1.307418961699131387e+03 1.253293122300990717e+03 1.223839111894256121e+03 1.210269483593689301e+03 1.205090085673520207e+03 1.196841662968318133e+03 1.184792357263295571e+03 1.179132266143934658e+03
1.193873053297134675e+03 1.170204253064329578e+03 1.134573949416919049e+03 1.089824869854445751e+03 1.038677043044133370e+03 9.835208419437316252e+02 9.264516632767642932e+02 8.695915524010067656e+02 8.147414053296764678e+02 8.698721970906919978e+02 9.240837470489533416e+02 9.764677122471287021e+02 1.025801977633884462e+03 1.070433568879244831e+03 1.109230995759109874e+03 1.139585520928044389e+03 1.163949881851546934e+03 1.182421937533704750e+03 1.199770205813859093e+03 1.215503799628485922e+03 1.229151626232087665e+03 1.245022810746713049e+03 1.261964570666644704e+03 1.278949895320051382e+03 1.294785552837119894e+03 1.307615321522398972e+03 1.314749265242808406e+03 1.315534942059843615e+03 1.303858637083445274e+03 1.272250659620726765e+03 1.209735642466524951e+03 1.168965110096645731e+03 1.155396694714145042e+03 1.150217839459748120e+03 1.142128666011441510e+03 1.129921763698590439e+03 1.124349069494248170e+03
1.153024493692647184e+03 1.138720226215509456e+03 1.113788131533254045e+03 1.075686847093693132e+03 1.028356249875812864e+03 9.750767705279002939e+02 9.185003889510109047e+02 8.607406152977818010e+02 8.032588272759049914e+02 8.611912675605528875e+02 9.161214126124657469e+02 9.667280559943060325e+02 1.011190861276045212e+03 1.047046101109701112e+03 1.075624140138551184e+03 1.096960625478830252e+03 1.115307463604214718e+03 1.129863148904375976e+03 1.144673283888963397e+03 1.158553218595275439e+03 1.170829365890203917e+03 1.186658268899999257e+03 1.203786619249566229e+03 1.221270146342127191e+03 1.238206227192819597e+03 1.253137014471909652e+03 1.264001415520405544e+03 1.270698081009822090e+03 1.267959455357304023e+03 1.248821671508793543e+03 1.200547227729790166e+03 1.135376426708446616e+03 1.103580079974195542e+03 1.098401639034021400e+03 1.091038915516325005e+03 1.078107087510982410e+03 1.073026452173728103e+03
1.100521572243126457e+03 1.092655528654170212e+03 1.077990880632503831e+03 1.051734427555531511e+03 1.011972559987406385e+03 9.631226177230741996e+02 9.085912318154969398e+02 8.509256480034213155e+02 7.919718429037634451e+02 8.494660711216760092e+02 9.013099699044601039e+02 9.455935181855514884e+02 9.794415086829327493e+02 1.004475070747700670e+03 1.025539529838037424e+03 1.041763158524132223e+03 1.056524578602087786e+03 1.068809734498941452e+03 1.082726972947799595e+03 1.095826561915001548e+03 1.106272603794048564e+03 1.123598589816358526e+03 1.141472348930445378e+03 1.159876977566421374e+03 1.178491641401986044e+03 1.196156565518877414e+03 1.211329264806022366e+03 1.225048810030318919e+03 1.233164031104048945e+03 1.230220497254981410e+03 1.197052218364786313e+03 1.142864518968196307e+03 1.075710791884863283e+03 1.049139846911337372e+03 1.043956302782407874e+03 1.028846634093202510e+03 1.025170991247526445e+03
1.041538643347634434e+03 1.037737744738688207e+03 1.029482194994608562e+03 1.013766780780808404e+03 9.863252196613746037e+02 9.454603910111000005e+02 8.955892918731146892e+02 8.399312954853179463e+02 7.808369129429850091e+02 8.335030134413590304e+02 8.770507398085576369e+02 9.090843969030953531e+02 9.318934468320321685e+02 9.499968198540343565e+02 9.664813585892389938e+02 9.800852468630473595e+02 9.931466979872070624e+02 1.003721756302917697e+03 1.018701448988755828e+03 1.032512906213346696e+03 1.042917286141673458e+03 1.060243149843394121e+03 1.078428248616619385e+03 1.097633377776718817e+03 1.118078244291516967e+03 1.138493545853034448e+03 1.157314014805608394e+03 1.177932290830940929e+03 1.196839315593955916e+03 1.211745412105674404e+03 1.198570038818648982e+03 1.157944507098202621e+03 1.098653673296625129e+03 1.025101217128200005e+03 1.002600071651561734e+03 9.817641755941215251e+02 9.813325399860369771e+02
9.802791253799598508e+02 9.782892062001332079e+02 9.733221284865596772e+02 9.637687971513455523e+02 9.470139368353645750e+02 9.189142294095921670e+02 8.775414361650223327e+02 8.269196650399820783e+02 7.698156578409019630e+02 8.101081555901740785e+02 8.382484362425601603e+02 8.583423914347940809e+02 8.744831899620894546e+02 8.889113752252227414e+02 9.031905424333418750e+02 9.160333918908731903e+02 9.292928847101032943e+02 9.403658361075755465e+02 9.556506839839930763e+02 9.713843370061021005e+02 9.843241031149309492e+02 1.001650110625960565e+03 1.019835263311388303e+03 1.039040343315022938e+03 1.059485048063580280e+03 1.081483926695694890e+03 1.102466143640311202e+03 1.128816546336761121e+03 1.156420332387277767e+03 1.187468394239464942e+03 1.200251920114575569e+03 1.177972296584912328e+03 1.133360074521846855e+03 1.079387106287106462e+03 1.032413325058210603e+03 9.622429523189150586e+02 9.434280717456243792e+02
9.197678160351587167e+02 9.173268787261279158e+02 9.131234781614563190e+02 9.063890219092974121e+02 8.957516542566370390e+02 8.787578243145267152e+02 8.511909353130816953e+02 8.103144501271819991e+02 7.588732862320154027e+02 7.719389612267829079e+02 7.850329424395200704e+02 7.982129493922778920e+02 8.115106172977326651e+02 8.249914931868261192e+02 8.386971207406692201e+02 8.526755659235031999e+02 8.670219631095123987e+02 8.817706865469770037e+02 8.970559260139375510e+02 9.129487777128749713e+02 9.294760400465702332e+02 9.468024449207214275e+02 9.649879407156686284e+02 9.841932776907977996e+02 1.004638124599767025e+03 1.026637006492233922e+03 1.050669762649160248e+03 1.077855982736011811e+03 1.110201852175604699e+03 1.155390860367867390e+03 1.202192461249984035e+03 1.200000064626621452e+03 1.165750841209870714e+03 1.118592619872686555e+03 1.068961151098356595e+03 1.017942307301725009e+03 9.875144793151193880e+02
8.611723272682729657e+02 8.566327070641756336e+02 8.513745603649856548e+02 8.449039041717843475e+02 8.368972486761774690e+02 8.263081448327280896e+02 8.110942825817517132e+02 7.871809695203870660e+02 7.500924134155479805e+02 7.911976453790886126e+02 8.227694135476789370e+02 8.478230510443731873e+02 8.679120932650134819e+02 8.863025386382729494e+02 9.016117963981356525e+02 9.158321615721115450e+02 9.303683309419459420e+02 9.441574510531985425e+02 9.590463056314790720e+02 9.751918173037946644e+02 9.911439525549486689e+02 1.008408067469814569e+03 1.025900722225108666e+03 1.045109255668643982e+03 1.066454952697520866e+03 1.089838172988032738e+03 1.115157063925213379e+03 1.142481254971823773e+03 1.171767306855315155e+03 1.201723760268146634e+03 1.228212526201828041e+03 1.224349002367205003e+03 1.191958967493220598e+03 1.146467699941295905e+03 1.097044677520021878e+03 1.048529050767690478e+03 1.005650027926029111e+03
8.063221644031661981e+02 7.980365956225623449e+02 7.898179569510177771e+02 7.816527657018078799e+02 7.735341269340738108e+02 7.654498340351466368e+02 7.573937991307901711e+02 7.493545702409296609e+02 7.413264870536553417e+02 7.933560449100838241e+02 8.388918152850155820e+02 8.786420747495999422e+02 9.110489412645171114e+02 9.378977797864736203e+02 9.583124842993436232e+02 9.752983132775918875e+02 9.912359409821656300e+02 1.004861221679154369e+03 1.018978567002549312e+03 1.033835248400604769e+03 1.047358933775695277e+03 1.061898299144629391e+03 1.076854040730691850e+03 1.095645387760911944e+03 1.118417939725126416e+03 1.143938807004785531e+03 1.171073180440804208e+03 1.198636001120797800e+03 1.224756169969407438e+03 1.245766558591380090e+03 1.258103304485583749e+03 1.246664061265234523e+03 1.211376593097518253e+03 1.164310820948411447e+03 1.113000178663294719e+03 1.061624026990321454e+03 1.012154215421572871e+03
8.695326911117249438e+02 8.610834327711630749e+02 8.526835509196821477e+02 8.423844047387487990e+02 8.312089412500016579e+02 8.165075911038293270e+02 7.985805068721384714e+02 7.725709024141666532e+02 7.351170438982210271e+02 7.894146852835309573e+02 8.409755675473383008e+02 8.892817192512429756e+02 9.334904905748192050e+02 9.727571597310819698e+02 1.003566911611688738e+03 1.026808815843994125e+03 1.046147266611865689e+03 1.060424769065019291e+03 1.073119934075102719e+03 1.084471495026388538e+03 1.091974526697702231e+03 1.098740169299137278e+03 1.106580772028764159e+03 1.124622522225500461e+03 1.150691956116906567e+03 1.180430166538338653e+03 1.211358358888038310e+03 1.241133201345615817e+03 1.266391107875467696e+03 1.281725123985329219e+03 1.284247581660203423e+03 1.263427369407559581e+03 1.223405612728442520e+03 1.173393211849290765e+03 1.119388869905113552e+03 1.064850468505132994e+03 1.011379492938613680e+03
