_codes/_figurecodes/_data/highRvar/steadystate/20mGeneral/topographic_elevation_depth20m.asc
ncols 200
nrows 200
xllcorner 0.0
yllcorner 0.0
cellsize 50.0
[rows 0 to 16 of 200, columns 111 to 147 of 200]
8.132441445409265045e-04 8.699065861353630531e-04 3.663096423056984210e-04 6.691934656470390494e-04 4.747667039911730291e-04 2.015652895687517474e-04 5.821947822812545480e-05 2.208326255956801745e-04 9.447027385200640684e-04 3.842799645841450456e-04 5.723668117626478117e-04 3.321820611860112123e-04 8.804047684890243652e-04 8.042480932665119469e-04 6.362651976531908055e-04 8.775734077971157187e-04 1.276703119532644922e-04 6.269028718395642293e-04 6.693530485709036195e-04 3.457256579336783647e-04 1.327545879723741678e-04 2.806340870409532585e-04 2.935311547532015615e-06 3.251159516571637781e-04 3.801752174539071603e-04 4.500895136802084292e-04 8.549383346305583086e-05 4.035690033570188168e-04 7.854905706503311500e-04 6.909718302409847621e-04 6.661684566845625308e-04 1.592411419306561814e-04 4.086057706178044678e-04 5.023980744228434677e-04 5.235600939739816538e-04 2.820538508925258636e-04 2.667971696371859041e-04
1.245680934370710020e+03 1.226740986677310730e+03 1.206940865358594692e+03 1.185550766457038435e+03 1.162468371761975277e+03 1.142790884591982831e+03 1.157501763246116070e+03 1.194603821587508719e+03 1.240070453365610774e+03 1.290489054726504037e+03 1.343390289859627501e+03 1.396328113760067481e+03 1.446329130312149800e+03 1.489342445190535500e+03 1.519536482767568032e+03 1.528138304943165849e+03 1.510082732734302454e+03 1.474070072339811531e+03 1.427509128346553780e+03 1.376257966932386807e+03 1.324909365994976270e+03 1.277356154713326077e+03 1.237881504416516464e+03 1.221110104976079811e+03 1.240956469696408931e+03 1.265456465262472875e+03 1.288954697955041411e+03 1.311203570070638534e+03 1.332635718418795477e+03 1.353464825525538572e+03 1.373518575233668116e+03 1.392183603289066923e+03 1.408594194221195949e+03 1.423182758646090633e+03 1.460098474790186401e+03 1.505917467643372902e+03 1.556394007164339882e+03
1.214573889275344527e+03 1.196049832149523581e+03 1.176768199597035618e+03 1.155456874937938437e+03 1.128796575852802334e+03 1.086723908606812074e+03 1.123526589493472784e+03 1.175673098052698379e+03 1.228703698766047182e+03 1.282741959161721525e+03 1.337145989759741724e+03 1.390224345009028411e+03 1.439394221878388635e+03 1.480877447929037999e+03 1.509341689210359846e+03 1.517633937413554804e+03 1.503478530121644553e+03 1.469095462325886274e+03 1.422441443292161921e+03 1.369465587650556472e+03 1.314276633749110715e+03 1.259046229241857873e+03 1.203102195822110616e+03 1.163534116238064144e+03 1.206551990216782769e+03 1.235036138812177342e+03 1.258708145903030072e+03 1.280654016999026453e+03 1.301936458106780265e+03 1.322886479265201842e+03 1.343369989741531981e+03 1.362640784291384762e+03 1.378824591257650127e+03 1.387721661317131293e+03 1.437466477350220202e+03 1.491103869884805363e+03 1.546746333967851569e+03
1.165243335374870639e+03 1.147434570885406629e+03 1.129389967911202575e+03 1.110416673278606368e+03 1.089002806603906947e+03 1.052976270419355615e+03 1.103639441189957324e+03 1.158142706844088934e+03 1.214883333887143863e+03 1.271589900392325717e+03 1.326875293016256137e+03 1.379043582421082419e+03 1.425772126484494038e+03 1.463386611587987318e+03 1.486833640975248500e+03 1.494684685011028705e+03 1.487188112001239460e+03 1.456995783515890480e+03 1.411511673772093218e+03 1.357328974931784842e+03 1.299100700766444106e+03 1.239796065143963233e+03 1.181717267955489660e+03 1.127780088316918182e+03 1.165781172562072015e+03 1.189549712954632923e+03 1.211222604241130739e+03 1.232230457296500390e+03 1.253182288150939712e+03 1.274307691130373541e+03 1.295599204121818502e+03 1.316569937650381689e+03 1.335563810027824729e+03 1.346966809918296349e+03 1.405564116351348503e+03 1.468777327304890832e+03 1.532518289802445679e+03
1.106349827202891220e+03 1.089279433330036454e+03 1.072541926246351068e+03 1.056116814678540777e+03 1.039929207693109902e+03 1.023858509418204790e+03 1.078980737837057859e+03 1.137928847934847681e+03 1.199734861369527380e+03 1.257859552032933379e+03 1.311953920124488150e+03 1.360462927329900140e+03 1.401676416646336747e+03 1.431378317632985272e+03 1.450640134921430217e+03 1.461171232152612447e+03 1.461993953418556430e+03 1.440181286571663804e+03 1.397641648268413974e+03 1.343258695251696736e+03 1.282699882256394403e+03 1.218982618390624339e+03 1.155621496711281907e+03 1.097026619020490443e+03 1.115838511441742867e+03 1.134844009973500306e+03 1.154256840916279543e+03 1.174222048124020148e+03 1.194795540026623712e+03 1.216043576247549936e+03 1.238207531467413901e+03 1.261433552391295507e+03 1.286144221740036983e+03 1.312711682282905258e+03 1.376072764787052392e+03 1.445788928550478886e+03 1.522102420103120267e+03
1.161271416855731104e+03 1.138633495426059426e+03 1.112997478592292282e+03 1.084324677806506315e+03 1.050008048324769106e+03 1.009569239866526004e+03 1.069064901263620641e+03 1.128629432917338590e+03 1.187092311917954703e+03 1.241896303693665459e+03 1.290709678312533924e+03 1.330419672983623059e+03 1.361831832117152771e+03 1.384597086643369721e+03 1.403704048950702145e+03 1.419218687894315735e+03 1.428981584633239436e+03 1.417442350666278344e+03 1.379708224249610112e+03 1.326911012064093711e+03 1.266390440702713249e+03 1.202694860534361396e+03 1.139334803375900492e+03 1.080741353763279221e+03 1.123113744070383973e+03 1.160142388547026712e+03 1.192565656312357305e+03 1.222139624461794710e+03 1.249878068191139846e+03 1.274448032312832993e+03 1.298570233813567256e+03 1.320572792711488091e+03 1.341988759642366404e+03 1.357905194644780067e+03 1.416394562780499427e+03 1.473173861487798376e+03 1.528214625035537892e+03
1.200397622149011568e+03 1.166910280617233639e+03 1.129135017617488074e+03 1.088466781229807566e+03 1.044185954463485587e+03 9.955741318861579430e+02 1.056765751369332975e+03 1.115028931018748381e+03 1.168445260047255033e+03 1.216003373379393906e+03 1.254178510412078140e+03 1.283548954965474195e+03 1.307985947019052446e+03 1.326800912359781933e+03 1.348860871621916431e+03 1.371219327106402943e+03 1.392797015859737030e+03 1.392383125200911763e+03 1.360195768565762592e+03 1.309787437204770640e+03 1.250170241320807690e+03 1.186908422579425178e+03 1.123549516695497687e+03 1.064957241698874213e+03 1.114786187554299659e+03 1.161606919567120940e+03 1.205777007219306370e+03 1.247500639963653384e+03 1.286291971827083216e+03 1.319186068843039038e+03 1.347841673769333738e+03 1.371167256998421635e+03 1.392741304521409120e+03 1.412931426233188859e+03 1.452621541089367156e+03 1.492018417888116119e+03 1.528285655227145526e+03
1.214243828869605068e+03 1.170934777372752933e+03 1.125877719018413472e+03 1.079427220030395347e+03 1.031450905270463863e+03 9.818869800778536501e+02 1.042844819241452115e+03 1.096488869435811694e+03 1.139146890805733847e+03 1.174667239752178602e+03 1.202932564147495214e+03 1.226568806961950486e+03 1.246647002246269494e+03 1.259964005497634389e+03 1.288587928681134372e+03 1.317946798279111817e+03 1.357146725883983436e+03 1.368358974124143742e+03 1.341190113838300249e+03 1.292935140839544147e+03 1.234285340917941994e+03 1.171563696648915084e+03 1.108359278076027977e+03 1.049767809457547628e+03 1.101732716635338193e+03 1.153521451120844858e+03 1.204758118247243146e+03 1.254204154443006018e+03 1.300684815658642265e+03 1.342472802832746538e+03 1.378409794895857431e+03 1.405916839931893946e+03 1.427479597006846916e+03 1.445956441790896179e+03 1.470194904498732285e+03 1.491244102025968459e+03 1.508164577232160809e+03
1.212460048625969876e+03 1.163280599445092321e+03 1.114021479499354655e+03 1.065186361164550135e+03 1.016722682912451774e+03 9.685168148785093081e+02 1.023161814893170686e+03 1.066350301130166145e+03 1.092057782685084248e+03 1.118748118020363563e+03 1.142719805633035776e+03 1.164939914504288936e+03 1.184262758955288291e+03 1.189684630767249473e+03 1.226556246498849077e+03 1.270454778332057458e+03 1.332683712520112977e+03 1.349885632250902972e+03 1.324578482305390025e+03 1.277069477444639233e+03 1.218882091769171666e+03 1.156588534652646103e+03 1.093777217539061212e+03 1.035186141570042082e+03 1.086980618198952698e+03 1.141828524801617959e+03 1.198600587742312655e+03 1.253155945238557251e+03 1.304263281763141549e+03 1.350011302922084724e+03 1.388291024852621149e+03 1.416970607675349356e+03 1.435659205333709224e+03 1.447404172619724477e+03 1.456936376460341990e+03 1.462533102482639833e+03 1.466764254153369166e+03
1.202988144585260443e+03 1.149761106467472246e+03 1.097639843272609596e+03 1.048129665509924507e+03 1.000847220556575508e+03 9.554961759374477879e+02 9.990780296802763587e+02 1.027335851649139840e+03 1.030851677176344765e+03 1.053990611336281745e+03 1.077724503205361088e+03 1.102332539014120812e+03 1.128471943745533281e+03 1.156511444915859329e+03 1.235980523342265542e+03 1.292573524543438225e+03 1.333539184366772133e+03 1.340265510104931309e+03 1.311136609217707019e+03 1.262249252473368642e+03 1.203772130319799999e+03 1.141801111040867909e+03 1.079764696455067451e+03 1.021173616428238233e+03 1.076018844930418027e+03 1.134612240280806191e+03 1.193503066818534080e+03 1.250543635966330157e+03 1.303385839478375601e+03 1.349114856395101015e+03 1.384397252883791452e+03 1.405810717760001353e+03 1.415050395341035937e+03 1.418874217171485270e+03 1.419186503862371637e+03 1.415831367688524551e+03 1.412251956682867331e+03
1.192272375866533821e+03 1.137042569648084054e+03 1.084932955903679158e+03 1.035434015635467631e+03 9.881624681387411329e+02 9.428216990037069536e+02 9.644212996729265797e+02 9.861803940722279549e+02 1.008261653260697130e+03 1.070817864299350504e+03 1.116788847443097438e+03 1.153352519847988106e+03 1.185456623989718082e+03 1.211764706982349480e+03 1.269464750215892309e+03 1.315293333818707424e+03 1.341258891198436913e+03 1.334449012156805793e+03 1.299053108487148165e+03 1.247528877014422733e+03 1.188176695903687687e+03 1.126324394526629021e+03 1.065822440400908590e+03 1.007630642682720918e+03 1.066222066829393725e+03 1.127199901245142655e+03 1.187754701232459411e+03 1.245568931819653926e+03 1.297388735849590148e+03 1.338880931039123652e+03 1.364964157470688860e+03 1.375427494457194598e+03 1.376601588488214702e+03 1.373785781794611239e+03 1.367890687900181774e+03 1.359049648834458594e+03 1.350989957668740772e+03
1.181060247675600522e+03 1.125840814909559413e+03 1.073741500213859126e+03 1.024252496454367247e+03 9.769905032305480290e+02 9.316582851651563715e+02 9.693424149686030660e+02 1.005342256010060623e+03 1.043374037734557305e+03 1.091835043946549831e+03 1.140092228027685906e+03 1.185376135676747936e+03 1.226939669415204662e+03 1.261971319688958147e+03 1.304771176014500497e+03 1.337892612562178329e+03 1.348280163200309516e+03 1.327752989900990542e+03 1.285920544228321660e+03 1.231599672738524532e+03 1.171064123034264412e+03 1.107918572573395295e+03 1.049326084499355829e+03 9.944798414194675615e+02 1.056358669496180255e+03 1.118874278478804399e+03 1.180043764387431111e+03 1.236810353026761959e+03 1.284698755324075137e+03 1.317094075645283056e+03 1.331181550974632501e+03 1.333007332837565400e+03 1.327830168972192496e+03 1.320013875278255227e+03 1.309885579172155303e+03 1.297354058664416470e+03 1.287527802604126464e+03
1.170151993450949249e+03 1.114942760110644485e+03 1.062853499029540671e+03 1.013374177302366888e+03 9.661213323455132240e+02 9.207968462992955665e+02 9.645404076819866077e+02 1.008096251095222101e+03 1.053092002812147939e+03 1.101627573018899056e+03 1.151614925128644472e+03 1.200994084495383731e+03 1.247983203647662549e+03 1.290587946536245227e+03 1.328457651819832108e+03 1.352711675547839832e+03 1.350308691742007113e+03 1.320638654216935947e+03 1.273704477562486090e+03 1.217122810326952049e+03 1.156370749770189832e+03 1.095125144687460079e+03 1.036532761929768185e+03 9.816857055223379120e+02 1.045040475755070020e+03 1.108239392760130386e+03 1.168609319607551470e+03 1.222123690823730158e+03 1.262947922466335285e+03 1.283566230090308636e+03 1.288470759993548427e+03 1.283616490871875385e+03 1.273606359615022484e+03 1.262335935518452516e+03 1.249509895305491000e+03 1.233991217559747156e+03 1.224164406450148363e+03
1.159563512720240169e+03 1.104364267318631619e+03 1.052284793303630295e+03 1.002814847789033024e+03 9.555706401575886275e+02 9.102530506861749018e+02 9.572963534899679416e+02 1.005131993358201044e+03 1.054389358785168952e+03 1.105642056432652680e+03 1.158229971467016640e+03 1.210717205229971569e+03 1.261039806155941505e+03 1.306253703401219127e+03 1.342035495537283396e+03 1.359884537583159954e+03 1.347714869555014957e+03 1.311493315403331280e+03 1.260717275345471307e+03 1.202198135319209086e+03 1.140981245889958018e+03 1.081139671581424636e+03 1.023948846761589834e+03 9.692178837197498069e+02 1.033898093592106761e+03 1.097085800646292455e+03 1.155465632921288261e+03 1.203831241941596772e+03 1.234223996022832353e+03 1.243388925433540180e+03 1.240709296411374908e+03 1.230635271555815279e+03 1.216890497698765557e+03 1.203617409478870741e+03 1.189802814241213582e+03 1.175391128651550162e+03 1.199215141900464005e+03
1.149265753377426108e+03 1.094076292868709743e+03 1.042006353639040753e+03 9.925454579559740296e+02 9.453093361716064464e+02 8.999979262349143028e+02 9.491146381341742426e+02 9.995990520408302018e+02 1.051795813088933073e+03 1.105811268971199979e+03 1.161084685903330865e+03 1.216199675158720083e+03 1.268760305936601981e+03 1.314980342755948641e+03 1.348779667251866385e+03 1.359833311144779373e+03 1.340008749775418892e+03 1.299392155486160618e+03 1.246034481835572706e+03 1.185624932512771238e+03 1.122266656194390862e+03 1.063673115730619202e+03 1.008826248096202107e+03 9.570279279095708489e+02 1.021703608354560060e+03 1.083576389583847913e+03 1.138228610424811677e+03 1.179149416244060149e+03 1.197842136486704248e+03 1.198644674602782288e+03 1.190225502726590548e+03 1.176251025141879609e+03 1.159147783500073729e+03 1.145273248176140442e+03 1.131205203903634811e+03 1.152892935595689096e+03 1.209880627659148558e+03
1.139222536801821434e+03 1.084042525250119297e+03 1.031981866374832634e+03 9.825296774425989952e+02 9.353010935305824205e+02 8.899953465211981438e+02 9.393729976926305199e+02 9.913491311752137563e+02 1.045539357122078627e+03 1.101791334392690715e+03 1.159360681657632995e+03 1.216460208132000389e+03 1.270265064183286995e+03 1.316403996059965721e+03 1.348052334506478928e+03 1.354393650822218660e+03 1.330798256718136145e+03 1.287986149392960215e+03 1.233577872230008552e+03 1.173005012035519712e+03 1.110356935325949735e+03 1.051763571192957670e+03 9.969162226167806011e+02 9.451169645955974374e+02 1.009717120463773654e+03 1.069441696196349767e+03 1.118927868810188784e+03 1.149559598384255423e+03 1.157219096752134874e+03 1.151255200342048056e+03 1.138610362703065903e+03 1.122228119438909062e+03 1.104298664764538216e+03 1.090424974834920704e+03 1.110504797351228717e+03 1.165745210935336900e+03 1.217704477767904336e+03
1.129417657923520665e+03 1.074243850721046329e+03 1.022191738409341497e+03 9.727478343487772463e+02 9.255262696679176315e+02 8.802258971269480980e+02 9.295975645323330809e+02 9.815657923707783539e+02 1.036646462696882963e+03 1.094869733890710904e+03 1.154667919593065108e+03 1.213287715106694804e+03 1.267486411318994897e+03 1.312542979930755564e+03 1.341528755739041799e+03 1.344373265936359076e+03 1.319596739225869669e+03 1.276689152523597386e+03 1.222577060672451807e+03 1.162044260631330189e+03 1.098686944896342993e+03 1.040093616094215577e+03 9.852456872894405251e+02 9.334455839222040368e+02 9.961247831229707117e+02 1.052014059672225358e+03 1.094531049537270292e+03 1.113804132222113822e+03 1.113359792162307940e+03 1.102278743400908070e+03 1.086678743301555414e+03 1.068816164971145099e+03 1.052503375534016413e+03 1.071220771671264174e+03 1.124311820953789265e+03 1.174413729792910772e+03 1.218957246287912085e+03
