_codes/_figurecodes/_data/highRvar/steadystate/20mGeneral/topographic_elevation_depth20m.asc
ncols 200
nrows 200
xllcorner 0.0
yllcorner 0.0
cellsize 50.0
[rows 34 to 50 of 200, columns 37 to 73 of 200]
1.040668161318514649e+03 9.801216965028980894e+02 9.215271663802697049e+02 8.666780976184079464e+02 8.148795130433101122e+02 7.656308179689820008e+02 7.185568759116324600e+02 6.733676718346484904e+02 6.298333442799032582e+02 6.845079941684854248e+02 7.417448458222976342e+02 8.018853726318277495e+02 8.640874761515260616e+02 9.249420982170955767e+02 9.792487675765746644e+02 1.019393720010108837e+03 1.033683813059918293e+03 1.012677308994834448e+03 9.692070547886440863e+02 9.130778461986158163e+02 8.507864752132198873e+02 7.874282003715422888e+02 7.288328731628469086e+02 7.921600424016961597e+02 8.553107948127159261e+02 9.150305597342488682e+02 9.657618985460753720e+02 9.985046051244604541e+02 9.991663016114875973e+02 9.707042176841644050e+02 9.236269120698547113e+02 8.672108797101029722e+02 9.218376882870031750e+02 9.597102669413561671e+02 9.691929368104695186e+02 9.447816638405593039e+02 8.999545758324765075e+02
1.035792961957598891e+03 9.746537317192410228e+02 9.160591554682550850e+02 8.612100574247929217e+02 8.094114811007259505e+02 7.601628339473851383e+02 7.130889693728568091e+02 6.678998629204135113e+02 6.243656448786987312e+02 6.792127874366229889e+02 7.378069608333980796e+02 7.993599383194061829e+02 8.617739315109100744e+02 9.221498280264502228e+02 9.754164448074865277e+02 1.013537388823018773e+03 1.024202463254525355e+03 1.000478061328500985e+03 9.556581344125153237e+02 8.991974620695042404e+02 8.374751422827731631e+02 7.747120605798729684e+02 7.161169728808630452e+02 7.792290444953911219e+02 8.419513781140346964e+02 9.008986613843674149e+02 9.503843889543388741e+02 9.814539487095726145e+02 9.809361178338989475e+02 9.498533938660202693e+02 9.006200520419063196e+02 8.417605671682198363e+02 8.976256672035995052e+02 9.384672207364687893e+02 9.532426095955025858e+02 9.330713983899312325e+02 8.908646462167098434e+02
1.030690797244617443e+03 9.692163302218669969e+02 9.106217094781624155e+02 8.557725860857516409e+02 8.039740223913049704e+02 7.547254265500553174e+02 7.076516418218753870e+02 6.624626343793569276e+02 6.189285237323065303e+02 6.737755353035020107e+02 7.323695967204598674e+02 7.949634909805729421e+02 8.577685841085409493e+02 9.179352231959234132e+02 9.703644598968319315e+02 1.006827435374800984e+03 1.014797912275442400e+03 9.891823739655869758e+02 9.433182581161314602e+02 8.864897349162697537e+02 8.248553972381205313e+02 7.622925222852927618e+02 7.036976763842633318e+02 7.665306583460214824e+02 8.287972044722010878e+02 8.870075680771165025e+02 9.353688849671921162e+02 9.648494121183473453e+02 9.621917657096779521e+02 9.290491582701417883e+02 8.780674574053214201e+02 8.177260897696459097e+02 8.733051578835141981e+02 9.160619991225478316e+02 9.362992884622468637e+02 9.219419042917496654e+02 8.826042107441983262e+02
1.025458602197669506e+03 9.638089299325382626e+02 9.052142665485589532e+02 8.503651217646234954e+02 7.985665749456516096e+02 7.493180336713080578e+02 7.022443310243753558e+02 6.570554235369995695e+02 6.135214172012809968e+02 6.683683005738350857e+02 7.269622480492892009e+02 7.899148391260140443e+02 8.528748043962640395e+02 9.128259838527508236e+02 9.645428031438036669e+02 9.996508900047692805e+02 1.005508910470504475e+03 9.784275813980751764e+02 9.316912781098405958e+02 8.744530878980870057e+02 8.127049706080316582e+02 7.501477179442003944e+02 6.915531168978360483e+02 7.540884835590362627e+02 8.158931906448098061e+02 8.733874887692534230e+02 9.206705147295298275e+02 9.485776907375721976e+02 9.436435552932922519e+02 9.087024287383754881e+02 8.563529592090401366e+02 7.950539374342212113e+02 8.509543362842406395e+02 8.949814256992815444e+02 9.180363801252551639e+02 9.079766854948666150e+02 8.716495323954244441e+02
1.020159910334615120e+03 9.584309861485515967e+02 8.998362821727871506e+02 8.449871199634208097e+02 7.931885941346079107e+02 7.439401105484671461e+02 6.968664920536944010e+02 6.516776849669855665e+02 6.081437789633914690e+02 6.629905379310547460e+02 7.215843699736163899e+02 7.846151894682462853e+02 8.475432741798161942e+02 9.072155301328602945e+02 9.582772786103560065e+02 9.922273580659445997e+02 9.963284834466545590e+02 9.680219565830383317e+02 9.205149207086459455e+02 8.628508801041679135e+02 8.009015307430402117e+02 7.382583869675847836e+02 6.796640350387898479e+02 7.419032252491957706e+02 8.032536685820653020e+02 8.600521725319123334e+02 9.062923900178544727e+02 9.326737863557027595e+02 9.255412291213795015e+02 8.889923020308225432e+02 8.355232610999825056e+02 7.735166571126320605e+02 8.298120330285030377e+02 8.743098369164720225e+02 8.982599335296562231e+02 8.912497986732955724e+02 8.580409515209834126e+02
1.014837495560828415e+03 9.530819707934360849e+02 8.944872284504501749e+02 8.396380527763444661e+02 7.878395519228834019e+02 7.385911290111056360e+02 6.915175965377483180e+02 6.463288897547007537e+02 6.027950793120107846e+02 6.576417185805256622e+02 7.162354342165336902e+02 7.792177094302708156e+02 8.420046432323727004e+02 9.013456861865453220e+02 9.517784313472978965e+02 9.846906911986459363e+02 9.872516144415069448e+02 9.578642970692958443e+02 9.096520471113105941e+02 8.515632155232374316e+02 7.893771737882171919e+02 7.266074575697458613e+02 6.680133599240926969e+02 7.299700052341430592e+02 7.908836855428669423e+02 8.470087752573930402e+02 8.922384915567436110e+02 9.171510701677758561e+02 9.079345302777941242e+02 8.699262991735092783e+02 8.155026932077960282e+02 7.529446301968648640e+02 8.099659037851668018e+02 8.538067662090388694e+02 8.752305387528473375e+02 8.704310683126751655e+02 8.409267380840275337e+02
1.009523956024603649e+03 9.477613717088034946e+02 8.891665933801698429e+02 8.343174081844267675e+02 7.825189361632089913e+02 7.332705767710774580e+02 6.861971319490496626e+02 6.410085248058305751e+02 5.974748044921077508e+02 6.523213295543378081e+02 7.109149283609613121e+02 7.737884060343486681e+02 8.363759740219130663e+02 8.953544342792773705e+02 9.451732183140077268e+02 9.771222446791682614e+02 9.782778041358656083e+02 9.479007594398264018e+02 8.990290247788897204e+02 8.405250502097743492e+02 7.780915717411988908e+02 7.151797112689149571e+02 6.565858730471063609e+02 7.182873673238922265e+02 7.787920340663877141e+02 8.342642707189152134e+02 8.784998595532723584e+02 9.019787812348187117e+02 8.907721463433423423e+02 8.514198800363944883e+02 7.961498312805521209e+02 7.330949131716438387e+02 7.886694530793853346e+02 8.296574996080249775e+02 8.463256411565433837e+02 8.425233307554495923e+02 8.186049670104503093e+02
1.004251765648332821e+03 9.424686919845735247e+02 8.838738801908260712e+02 8.290246893882537051e+02 7.772262499283175430e+02 7.279779567509822300e+02 6.809046009352726969e+02 6.357160921961399254e+02 5.921824560689180998e+02 6.470288730570499638e+02 7.056223551798033213e+02 7.683581222458860793e+02 8.307172498482661922e+02 8.893178757801401844e+02 9.385347472444890400e+02 9.695696585732574704e+02 9.694071995681091494e+02 9.381006970431240006e+02 8.886031793872166418e+02 8.296971741919335273e+02 7.670177384911517038e+02 7.039615108418711316e+02 6.453679358377747803e+02 7.068684305621848125e+02 7.670087451394695108e+02 8.218387718098634878e+02 8.650532236946756939e+02 8.870714041936122385e+02 8.739297622835060793e+02 8.333461964849747119e+02 7.773498365399909744e+02 7.138893656508021195e+02 7.666756730557340234e+02 8.026880432861509007e+02 8.123960225476866981e+02 8.058550959451625886e+02 7.846656053556503139e+02
9.990654135244166127e+02 9.372034493252195944e+02 8.786086067087557012e+02 8.237594141764677715e+02 7.719610108783112992e+02 7.227127864487002853e+02 6.756395206879076341e+02 6.304511085588343349e+02 5.869175503250725114e+02 6.417638658490449188e+02 7.003572320032712923e+02 7.629419280392040719e+02 8.250594405974740084e+02 8.832770826760686305e+02 9.319034653105107964e+02 9.620590484597371415e+02 9.606379774865999934e+02 9.284435976368861247e+02 8.783456508355366168e+02 8.190510920801460770e+02 7.561335534106922296e+02 6.929405776254737930e+02 6.343472668641301198e+02 6.957655998288781802e+02 7.556208833960391758e+02 8.097941856893318118e+02 8.518595138058990415e+02 8.722362235514731310e+02 8.571761407629976475e+02 8.155170130756023354e+02 7.589731812093369854e+02 6.952632132296118925e+02 7.449168788130597250e+02 7.729815548564466781e+02 7.745579855269845666e+02 7.627969979769194424e+02 7.387933084118328679e+02
9.940381815944900836e+02 9.319651754495087062e+02 8.733703047585198647e+02 8.185211143275486165e+02 7.667227506612462093e+02 7.174745973359449636e+02 6.704014223464188262e+02 6.252131045060239103e+02 5.816796176829028582e+02 6.365258386642644837e+02 6.951190901211731443e+02 7.575473036599696570e+02 8.194185142284792391e+02 8.772536921571028188e+02 9.253006316409216652e+02 9.546030567509125149e+02 9.519655971083808481e+02 9.189126873939175084e+02 8.682325390105413589e+02 8.085597069554833070e+02 7.454128816600008349e+02 6.821058076517040263e+02 6.235127581676517821e+02 6.851364360022181472e+02 7.448506429723698830e+02 7.982975081999987879e+02 8.388681556313403007e+02 8.569830241131270441e+02 8.400757570764337743e+02 7.976421592372390705e+02 7.408397258283653173e+02 6.770779707866913668e+02 7.209709690382172766e+02 7.396402363299991976e+02 7.341170836406271292e+02 7.164376037084889504e+02 6.875695911076827542e+02
9.892879168427572267e+02 9.267534155217322223e+02 8.681585195951047353e+02 8.133093350427571977e+02 7.615110143447338942e+02 7.122629342887900066e+02 6.651898504357217234e+02 6.200016240811063426e+02 5.764682021495040090e+02 6.313143356592179316e+02 6.899074742177624557e+02 7.521779637555048339e+02 8.138026469659282611e+02 8.712586985764743304e+02 9.187364277931809511e+02 9.472060646618740520e+02 9.433833896991702659e+02 9.094931578501954164e+02 8.582425515777034661e+02 7.981926600436952413e+02 7.348033091612394401e+02 6.714471186748804712e+02 6.128543227381702536e+02 6.754199860849960260e+02 7.351848233269295179e+02 7.877270818767548235e+02 8.261003080396187670e+02 8.398279071621399225e+02 8.218425798127585722e+02 7.793178915185829965e+02 7.227672626557058493e+02 6.593006843593622079e+02 6.963533419883070792e+02 7.053055536951338809e+02 6.928170808452556457e+02 6.692844918012370954e+02 6.352252712068502660e+02
9.849243448313765157e+02 9.215677276124014270e+02 8.629728093655526209e+02 8.081236344083031327e+02 7.563253598768900474e+02 7.070773550483320378e+02 6.600043623344452044e+02 6.148162242390817482e+02 5.712828607829871999e+02 6.261289138906026892e+02 6.847219418371682877e+02 7.468358576537444833e+02 8.082161814471162415e+02 8.652974588627790808e+02 9.122146149525676719e+02 9.398671576996746353e+02 9.348833309449038325e+02 9.001735127299442638e+02 8.483639896310666018e+02 7.879402625960819933e+02 7.242976974249017985e+02 6.609417491752608385e+02 6.023491944252851908e+02 6.648783332896132379e+02 7.239414873483642623e+02 7.746686433305657147e+02 8.097862579435616226e+02 8.187968392866358727e+02 8.015311242301510219e+02 7.600922022788596450e+02 7.045740518019987348e+02 6.419023784494966094e+02 6.713415964553786353e+02 6.705964959004450066e+02 6.515923990326031117e+02 6.229638265839819269e+02 6.290855038424901977e+02
9.885207738059594931e+02 9.265242651668365852e+02 8.669253527976757141e+02 8.104471904504363238e+02 7.569942684155948882e+02 7.062251933073223427e+02 6.577756229778092347e+02 6.112369112492777958e+02 5.661231631788654113e+02 6.209691428188866666e+02 6.795620628772708187e+02 7.415224855804904109e+02 8.026622529041168264e+02 8.593728058441600979e+02 9.057349184893707843e+02 9.325806614480869712e+02 9.264540694063190358e+02 8.909424661181201373e+02 8.385916062783970801e+02 7.778115879116328415e+02 7.139382931794471006e+02 6.505825868296678891e+02 5.919902563266155084e+02 6.541370361672380795e+02 7.118708418642095239e+02 7.597248119224442462e+02 7.900954125166505264e+02 7.938630487287608730e+02 7.783949713623925390e+02 7.395692834639844477e+02 6.861235000265570534e+02 6.248574050070042176e+02 6.449649291801347317e+02 6.352305689441138838e+02 6.107562991889841442e+02 6.168556036894279941e+02 6.487873435198036987e+02
9.889575162394713743e+02 9.270017868789237809e+02 8.664974481473631158e+02 8.088617047685897887e+02 7.542916880391918539e+02 7.024939823769861960e+02 6.532468121866201045e+02 6.061747583973196924e+02 5.609874394799860511e+02 6.158333523231627851e+02 6.744261675719128561e+02 7.362402655938008138e+02 7.971455840203427670e+02 8.534877156785181569e+02 8.992939177632532619e+02 9.253341187778030417e+02 9.180753532765170348e+02 8.817803448593978146e+02 8.289114545618731427e+02 7.677992923594648573e+02 7.037185292155406842e+02 6.403630615981514893e+02 5.817709347750509323e+02 6.439210076233703148e+02 6.998418033809909957e+02 7.434344466552300901e+02 7.656296271880358972e+02 7.636621429081325232e+02 7.506479365754104265e+02 7.173411498285848893e+02 6.673863309638853707e+02 6.080785542964075603e+02 6.164493290299602677e+02 5.987408491475407573e+02 6.046746874161116239e+02 6.252454699407933276e+02 6.460773966188893382e+02
9.869255348517883704e+02 9.244373005991968739e+02 8.626232508254878439e+02 8.040281968169458651e+02 7.491792753276895382e+02 6.973816489292382812e+02 6.481345703209123030e+02 6.010625971750846475e+02 5.558753220187043098e+02 6.107211744042057262e+02 6.693138882436833228e+02 7.309965702010647419e+02 7.916777484225193575e+02 8.476491113703133351e+02 8.928847419942651413e+02 9.181030520016932996e+02 9.097095856879953999e+02 8.726514838604199440e+02 8.192968877801984036e+02 7.578849467270218838e+02 6.936204253166205262e+02 6.302651906420891237e+02 5.716732448334405490e+02 6.323035850011930279e+02 6.849706576150061892e+02 7.223915243919709610e+02 7.343375095116058446e+02 7.265375076799230101e+02 7.142966277120757468e+02 6.879776682447285339e+02 6.443516926365207382e+02 5.914904748476238865e+02 5.869014475066691148e+02 5.928191350758078215e+02 6.434518615603273020e+02 6.778498312126725978e+02 7.039665465842423373e+02
9.833586011091075534e+02 9.203317983012085506e+02 8.575340259870133650e+02 7.989389882120002540e+02 7.440901199460848829e+02 6.922925741270702247e+02 6.430455859388720228e+02 5.959736892796336178e+02 5.507864526997133225e+02 6.056322505693117364e+02 6.642248666588742481e+02 7.258115591257593451e+02 7.862882343432193011e+02 8.418747261459703850e+02 8.864944634886460335e+02 9.108384933626662132e+02 9.012861106472323627e+02 8.634932526084847950e+02 8.097054866320123665e+02 7.480465234807650177e+02 6.836392852669717968e+02 6.202842749748192546e+02 5.616924865648351215e+02 6.202722016123919957e+02 6.687166378818296835e+02 6.982988747513960561e+02 6.983986004541213788e+02 6.824986611148873408e+02 6.711073001323483140e+02 6.498333424545714934e+02 6.140800211741585599e+02 5.750860992644473981e+02 5.809897783074814015e+02 6.287165389203325958e+02 6.752395825071772606e+02 7.160527503167536452e+02 7.493851810457733791e+02
9.789922043556219933e+02 9.156682789793028405e+02 8.524677036334038576e+02 7.938726855314024533e+02 7.390238732145281801e+02 6.872264090327552140e+02 6.379795097878724164e+02 5.909076853640953004e+02 5.457204826416991637e+02 6.005662314967465818e+02 6.591587536924829465e+02 7.207407380542402962e+02 7.810504399077259450e+02 8.362062143509984935e+02 8.800950963986058468e+02 9.034359741907488797e+02 8.926683341004743397e+02 8.541950843519848604e+02 8.000692060460671655e+02 7.382526860689397381e+02 6.737707124415335329e+02 6.104159155607875391e+02 5.518242613602811844e+02 6.089865586298207063e+02 6.527651869730848375e+02 6.720163706881650114e+02 6.591528952161369261e+02 6.300399627588453768e+02 6.231081296731836119e+02 6.017317253649360964e+02 5.637321257780000678e+02 5.694029922692982382e+02 6.095557053622809462e+02 6.512290809887856540e+02 6.933330126750897762e+02 7.345885130149408724e+02 7.735701182870421917e+02
