_codes/_figurecodes/_data/highRvar/steadystate/20mGeneral/topographic_elevation_depth20m.asc
ncols 200
nrows 200
xllcorner 0.0
yllcorner 0.0
cellsize 50.0
[rows 51 to 67 of 200, columns 37 to 73 of 200]
9.742177409880997629e+02 9.107737708161296268e+02 8.474239506589533448e+02 7.888289555938091553e+02 7.339802017811141468e+02 6.821828200327890954e+02 6.329360079656679545e+02 5.858642514948612643e+02 5.406770783873214441e+02 5.955227832663215395e+02 6.541152155614158801e+02 7.159438661007231985e+02 7.761407465518124127e+02 8.307313424365123637e+02 8.736175489382409296e+02 8.956551364075619404e+02 8.835851815139226346e+02 8.445634568404723268e+02 7.902827670783260601e+02 7.284588985223434747e+02 6.639999271363064963e+02 6.006453310204724403e+02 5.420537895192092037e+02 5.965196389572550970e+02 6.352590836806892867e+02 6.450218540038592892e+02 6.197664269105254107e+02 5.751937347038489179e+02 5.769908879175735592e+02 5.524163805673427987e+02 5.580647472871172567e+02 5.909895179050754450e+02 6.251797218232097748e+02 6.605964647186845013e+02 6.973925936973994339e+02 7.371517079047278003e+02 7.776385902455612040e+02
9.692287166509810277e+02 9.057594358711106679e+02 8.424024227791984458e+02 7.838074540313199350e+02 7.289587611002767744e+02 6.771614623196633147e+02 6.279147354059825830e+02 5.808430426307911603e+02 5.356558953659379085e+02 5.905015608396222433e+02 6.490939073085161226e+02 7.119167998981957908e+02 7.719524765245301978e+02 8.256080867988284808e+02 8.668911173939312675e+02 8.868965697857136092e+02 8.734919918549398972e+02 8.342726573125017921e+02 7.802022558613751926e+02 7.186231722598116676e+02 6.543237591941851861e+02 5.909693498483350140e+02 5.323779018025732057e+02 5.840180566826907125e+02 6.186995868952116098e+02 6.232206032838500960e+02 5.927449758665243280e+02 5.356309909462253245e+02 5.411971512162543831e+02 5.467731636903416756e+02 5.733360110873876465e+02 6.005216848760126140e+02 6.283817706282618474e+02 6.569755139693774026e+02 6.863715341371777185e+02 7.271236182842695825e+02 7.691914629001041703e+02
9.641394329397563752e+02 9.007592279716249095e+02 8.374028035517553690e+02 7.788078643103050354e+02 7.239592344539280475e+02 6.721620189156021752e+02 6.229153749042118307e+02 5.758437416409324214e+02 5.306566168983493981e+02 5.886851416333055340e+02 6.489754474048617112e+02 7.103244240413434909e+02 7.691507362370795136e+02 8.210119607153599190e+02 8.595509986169361127e+02 8.755109912114734243e+02 8.613196341078784144e+02 8.228222517966837586e+02 7.696763725667377685e+02 7.087494267064898850e+02 6.447392272383621048e+02 5.813849899263237830e+02 5.227936187819532279e+02 5.714734722216570617e+02 6.026455112376627312e+02 6.050737820910788969e+02 5.777381962261624722e+02 5.300940435796856036e+02 5.626325978339705216e+02 5.859358610294001437e+02 6.121269133715139787e+02 6.388301874450022524e+02 6.654297236132864555e+02 6.910169463051801131e+02 7.134356504137173260e+02 7.430801454993104471e+02 7.752720475139698237e+02
9.589643645270491561e+02 8.957132262196678312e+02 8.324236492476442208e+02 7.738287426103864846e+02 7.189801778463934170e+02 6.671830455895878913e+02 6.179364820542748475e+02 5.708649042461614727e+02 5.256777991339142773e+02 5.842691719720825176e+02 6.461071850952952218e+02 7.069931670947535167e+02 7.640601688531818354e+02 8.127779246121126562e+02 8.466492013344490033e+02 8.573413512039986699e+02 8.452662994507110170e+02 8.096018179219589683e+02 7.586654880160085668e+02 6.990528889271041635e+02 6.352435000124438602e+02 5.718894198187272195e+02 5.132981118091258850e+02 5.581129966529412059e+02 5.842212783484033025e+02 5.839894174882324478e+02 5.642140426159409117e+02 5.245635185923889594e+02 5.632715720157971191e+02 5.945281026452061042e+02 6.225677314322442726e+02 6.491914547769551973e+02 6.749147295649710259e+02 6.985858814081263972e+02 7.215050112950063976e+02 7.464125301160420349e+02 7.721287784326792689e+02
9.537155347885745869e+02 8.906469321360161757e+02 8.274646835866811898e+02 7.688698125471803451e+02 7.140213146996566138e+02 6.622242655170683747e+02 6.129777798700793028e+02 5.659062536045977367e+02 5.207191656197438761e+02 5.817555384053821399e+02 6.433068087344568085e+02 7.029323755050664886e+02 7.571551388915368079e+02 8.009522717853901668e+02 8.269412403286856943e+02 8.319835179588644678e+02 8.235402732503048355e+02 7.942138360627382099e+02 7.474027149882577987e+02 6.905097877372885478e+02 6.286479872589947036e+02 5.656587632927800087e+02 5.038886979610587673e+02 5.433389328645771457e+02 5.589046582921858999e+02 5.517739307062323633e+02 5.430739533377646922e+02 5.190441736123792680e+02 5.566941572306866419e+02 5.848060541885505472e+02 6.086646609862979176e+02 6.311922495247248435e+02 6.529952345932904336e+02 6.732968031670985738e+02 6.947422380749387685e+02 7.171690478763299552e+02 7.398140590549999160e+02
9.484041140490234056e+02 8.855766781914111334e+02 8.225245371311139024e+02 7.639297045800761907e+02 7.090812752911126609e+02 6.572843087575464551e+02 6.080378982994093349e+02 5.609664198442359293e+02 5.157793468410284277e+02 5.774448299073217186e+02 6.382763976081832880e+02 6.954071360473624281e+02 7.447607530815071186e+02 7.808496365358416824e+02 7.967372183507039836e+02 7.978408306596738839e+02 7.918725125342717774e+02 7.713594599393926501e+02 7.314726311832987449e+02 6.791419240866512155e+02 6.197710122814892202e+02 5.573326344264169165e+02 4.945444775329299318e+02 5.248621710494934405e+02 5.259417702752348305e+02 5.027902626795001879e+02 5.081576841386997216e+02 5.135280089644766122e+02 5.316284273854382718e+02 5.499850063877414641e+02 5.687027694736997319e+02 5.878065739181431582e+02 6.073243351850685485e+02 6.272875770219526430e+02 6.478585836442086929e+02 6.691037610305133967e+02 6.911028586762051873e+02
9.430826505581968604e+02 8.805421142311929543e+02 8.176029742026820486e+02 7.590081829142978904e+02 7.041598236271571523e+02 6.523629390928358589e+02 6.031166010254152070e+02 5.560451668338159834e+02 5.108581069841525846e+02 5.729956914026909089e+02 6.323703051582185708e+02 6.855270337606085604e+02 7.274819276576697575e+02 7.519245810549251701e+02 7.581784584315557822e+02 7.557860309505340410e+02 7.521687565948776637e+02 7.403488903757555590e+02 7.111690633902871923e+02 6.657697538839701110e+02 6.102212295158710731e+02 5.490024197173702305e+02 4.852639693757863597e+02 5.043877763538795307e+02 4.920670010805045536e+02 4.974271866013523891e+02 5.421182711254670039e+02 5.647938644992362924e+02 5.852198379405840569e+02 6.044492512072262116e+02 6.230256709976482625e+02 6.413444581431373308e+02 6.596035864379535951e+02 6.778980991076490454e+02 6.964306525249495508e+02 7.156967315583383424e+02 7.364377580580088534e+02
9.379707842806011513e+02 8.756551069178691478e+02 8.126986910259826118e+02 7.541039436609712538e+02 6.992556556345011813e+02 6.474588522567139535e+02 5.982125837285195757e+02 5.511411904611144337e+02 5.059541422247803553e+02 5.674389099909072911e+02 6.236644588094846995e+02 6.704267528821736732e+02 7.009682499644557083e+02 7.132050725440774386e+02 7.124096223705895454e+02 7.066996163955674319e+02 7.053539444362304494e+02 6.995407900880975376e+02 6.816448803688170983e+02 6.471744600354169279e+02 5.982105544652891922e+02 5.401432571304472958e+02 4.760280950030060012e+02 4.813681908393974140e+02 4.867111417148268515e+02 5.329663602719610935e+02 5.727124355503785864e+02 6.010993516650802349e+02 6.238639922611520205e+02 6.438035790346511931e+02 6.617816640418299130e+02 6.787743647997864400e+02 6.951265546783564560e+02 7.108096071142874735e+02 7.258945963033341968e+02 7.415420453767229674e+02 7.615496569387787531e+02
9.338652080528860324e+02 8.711674136706063791e+02 8.078104258533231814e+02 7.492157249548711206e+02 6.943675092643281914e+02 6.425707860215098890e+02 5.933245841528397477e+02 5.462532286825637584e+02 5.010661907773124994e+02 5.591957718266655775e+02 6.093838543857115155e+02 6.465907572178903138e+02 6.640669864098121025e+02 6.676706634904245448e+02 6.616076547428432377e+02 6.512377440775634341e+02 6.535881687610033168e+02 6.519248931216906158e+02 6.413442853537275141e+02 6.189391901447560258e+02 5.810226401427331666e+02 5.305826064954121648e+02 4.712257102504055979e+02 5.027338844625103889e+02 5.232959337663224915e+02 5.557606970260389971e+02 5.870511077721889706e+02 6.140656511918407432e+02 6.372476471172224137e+02 6.572804419353316234e+02 6.734592818614770522e+02 6.882653517674899604e+02 7.019831311040353512e+02 7.139283432959371112e+02 7.229821009136926477e+02 7.297035661965476265e+02 7.488736652289018139e+02
9.336154654960350854e+02 8.766650610477698820e+02 8.167146949314616222e+02 7.572495825350383711e+02 6.991540503655930934e+02 6.443065954581568349e+02 5.925106728572486645e+02 5.432651010769054665e+02 4.961940797452550669e+02 5.492888821048055661e+02 5.903129284573706173e+02 6.139344534143067449e+02 6.203410080702665255e+02 6.179950965282160951e+02 6.090011873043106334e+02 5.963910267318121896e+02 6.001868746687960083e+02 6.003700675028469504e+02 5.938845966260759042e+02 5.788126400278811161e+02 5.527720454458254835e+02 5.162712735353475182e+02 4.664273250053591937e+02 5.046529398670480759e+02 5.338592521906939510e+02 5.609760620453523643e+02 5.840969735741109616e+02 6.044700942830094164e+02 6.226331663225516877e+02 6.385663921129637401e+02 6.514258664260155456e+02 6.645321949247949078e+02 6.768989684141902217e+02 6.870184624274664884e+02 6.914411165351110640e+02 6.812187162650037635e+02 7.147941287813068811e+02
9.310968618136187160e+02 8.801445108963843040e+02 8.229574730647880187e+02 7.635945506986286091e+02 7.045262741414717311e+02 6.472226189963645311e+02 5.923760173241174698e+02 5.405807722797076167e+02 4.913355596945664274e+02 5.350850259283682817e+02 5.615683258240984514e+02 5.718232739433950655e+02 5.712224148020198982e+02 5.658065040697015320e+02 5.563785334386202521e+02 5.445956405621949443e+02 5.470697338605285722e+02 5.469785968616304217e+02 5.422010946324859333e+02 5.308838686239218987e+02 5.090012310434622691e+02 4.916324716037877920e+02 4.616339235263812384e+02 4.957230504339038930e+02 5.187417551109384704e+02 5.374276107702531817e+02 5.528795511273535794e+02 5.681241889643110881e+02 5.826761707694362258e+02 5.962583197286825225e+02 6.081825614106841158e+02 6.208274987173433601e+02 6.333006960683776470e+02 6.445236365362014794e+02 6.519824246054732839e+02 6.488727191242635399e+02 6.924325436315772322e+02
9.227308073059816707e+02 8.797771899812490801e+02 8.260478352563934550e+02 7.672450787840622297e+02 7.073514397092551462e+02 6.486613014357135398e+02 5.920250602378464464e+02 5.381566982457509312e+02 4.864884416899304256e+02 5.122309909901606488e+02 5.215760363158289010e+02 5.224696384928727184e+02 5.181808430346525256e+02 5.121503467301896535e+02 5.043134134701033418e+02 4.953503324422731566e+02 4.948320148574815676e+02 4.929877663082964432e+02 4.886324778647215794e+02 4.801971039492630098e+02 4.477475255379445684e+02 4.522941831931294701e+02 4.568425115091095563e+02 4.684167810254199935e+02 4.800670361116166873e+02 4.918344516597971960e+02 5.037230479741344311e+02 5.157798918383795126e+02 5.280131912324717405e+02 5.404556964111905017e+02 5.531198322872752442e+02 5.660736489161514555e+02 5.793404897956962714e+02 5.929794347446871825e+02 6.070637184201939363e+02 6.216866048571802139e+02 6.668748932773648903e+02
9.064048876445353926e+02 8.740531840174334093e+02 8.249450437069039026e+02 7.669614820034300919e+02 7.063803897609898286e+02 6.468836504699983152e+02 5.882912489977982204e+02 5.334454262860613198e+02 4.816505867670647945e+02 4.768601640201905525e+02 4.720756862139556347e+02 4.672981132389728032e+02 4.625283910313921183e+02 4.577684220195239959e+02 4.530181402104838071e+02 4.482793966740563860e+02 4.435530481527169400e+02 4.388361615114297365e+02 4.341258612363572524e+02 4.386625413007034240e+02 4.432033694689577601e+02 4.908721299078864604e+02 5.142047487746640400e+02 5.297167785486933553e+02 5.425564339765917339e+02 5.550254566716473619e+02 5.661523789746120201e+02 5.772332311195857528e+02 5.866046225297442334e+02 5.985014069425913021e+02 6.079657267865891299e+02 6.200955929699975968e+02 6.300959748452194162e+02 6.383489284903944281e+02 6.431097691546938222e+02 6.388699678225522121e+02 6.770907149931025515e+02
8.854597915729450506e+02 8.668251403131646384e+02 8.229991143354071710e+02 7.645652636849607688e+02 7.021323268149810701e+02 6.491703001116110272e+02 6.003929022389927468e+02 5.541539946712233586e+02 5.082134011558569568e+02 5.232165081007842673e+02 5.262735205311956861e+02 5.242370981245163648e+02 5.200415143935103970e+02 5.151338241945846903e+02 5.078299619673794609e+02 4.989959371869306324e+02 4.860833165650817023e+02 4.647441386877794685e+02 4.306946005231562822e+02 4.674289486418330171e+02 4.968236334577024991e+02 5.352012770440944678e+02 5.649131110259344268e+02 5.856253540200010548e+02 6.017059616280879482e+02 6.162548013352185308e+02 6.280762494581315423e+02 6.393442513193984951e+02 6.487203603396226299e+02 6.586512006347992383e+02 6.665584444286400867e+02 6.757196106515125393e+02 6.818807511674109492e+02 6.844223927670595913e+02 6.798275830612905111e+02 6.569708517486252504e+02 6.758789415282544724e+02
8.615119868191427486e+02 8.587164210498219745e+02 8.215771960698497196e+02 7.586397092013672818e+02 6.797777012721677465e+02 6.390264005067817834e+02 6.024366701081581823e+02 5.688625575890362143e+02 5.376083409835371185e+02 5.693163246798216051e+02 5.775186364198261799e+02 5.767520080965623492e+02 5.719635379806883293e+02 5.649736206092303519e+02 5.529525626737114408e+02 5.363723197791211987e+02 5.106524625092159795e+02 4.739137130344877846e+02 4.272643193232685803e+02 4.752212613020896015e+02 5.190911981658302921e+02 5.623641009692647685e+02 6.011137098510758960e+02 6.309499008626902423e+02 6.532363643819035133e+02 6.721160131158426339e+02 6.865462244995298988e+02 6.994827557997940630e+02 7.095481653111082778e+02 7.190547561892346948e+02 7.261499162468853683e+02 7.325682310592280828e+02 7.353084086624108977e+02 7.336907257148318422e+02 7.256607189267875810e+02 7.087679705612881662e+02 6.958427342264585604e+02
8.437326703266463710e+02 8.563199794686981932e+02 8.337041662589899715e+02 7.872895169001350268e+02 7.268509787369766855e+02 6.990985989278507304e+02 6.679156686958460796e+02 6.387672832883858973e+02 6.164671928313167655e+02 6.234124686461825604e+02 6.247062357860665998e+02 6.209023740519650119e+02 6.133758895655084871e+02 6.019797106691740964e+02 5.825516980126985800e+02 5.543713786421266150e+02 5.174716795807388507e+02 4.737445062150540025e+02 4.238363189815897840e+02 4.755855034006719393e+02 5.251529717411709726e+02 5.731380795852887786e+02 6.182646771142782427e+02 6.583503658934796476e+02 6.910012174907903955e+02 7.172299841337453472e+02 7.370294894177169454e+02 7.538724888964642332e+02 7.663557895611195363e+02 7.771132627264599932e+02 7.842878093829209547e+02 7.894557378035959800e+02 7.899594295897011307e+02 7.857480593933210002e+02 7.762351337329203034e+02 7.619522953489934025e+02 7.476405897596267778e+02
8.289215426345522246e+02 8.543831062773275562e+02 8.501448865801399961e+02 8.214418064541864624e+02 7.811538651769062653e+02 7.540425838806750107e+02 7.252579188885678150e+02 6.977653717145136625e+02 6.760939963748106720e+02 6.671888704787368169e+02 6.578917245594731185e+02 6.482719249193030464e+02 6.368303784492779869e+02 6.182999750327043103e+02 5.892193142936313279e+02 5.523538765897599205e+02 5.104267091051634679e+02 4.661324578781761261e+02 4.204112434398671780e+02 4.715673033322940455e+02 5.221907983479644599e+02 5.720952701893162384e+02 6.204172422325846128e+02 6.657338746976612356e+02 7.068409340267130574e+02 7.432063445010813894e+02 7.728280940109349331e+02 7.967808888054327099e+02 8.145986836634832571e+02 8.291271533668209486e+02 8.384371066240937580e+02 8.443900224341131207e+02 8.444041966152051373e+02 8.391277815873402233e+02 8.288012907149175135e+02 8.140870341941795232e+02 7.941512222666618754e+02
