_codes/_figurecodes/_data/highRvar/steadystate/20mGeneral/topographic_elevation_depth20m.asc
ncols 200
nrows 200
xllcorner 0.0
yllcorner 0.0
cellsize 50.0
[rows 0 to 16 of 200, columns 74 to 110 of 200]
9.772045826723263940e-05 9.775610054545615536e-04 3.127326086491755478e-05 4.834328344788235547e-04 1.506388852324631552e-04 1.003957201070575510e-04 2.940940005223385812e-04 4.759457329615497147e-04 8.813172238644287901e-04 6.020220867206072072e-05 7.685359467167713699e-04 8.056297899950773649e-04 2.080469738108177164e-04 1.895649676457459231e-04 4.449594548828246380e-04 3.897585577441054893e-04 7.512806418589609500e-04 5.387975904102124038e-04 6.584935384700712786e-04 6.957310950737078011e-04 5.519350576624448943e-05 2.117361705280063143e-04 6.436624958304127840e-04 3.356078522076817294e-04 7.842941361261699567e-04 3.288139095839330865e-04 2.966222559327612784e-04 6.089232054070742002e-04 2.323882123116707246e-04 1.475394889397888551e-04 8.265327187982904680e-04 7.252848505281780283e-04 7.661138355022589731e-04 5.242108722265459371e-05 2.407146284991435977e-04 6.839411625769075331e-04 9.700497031878323531e-04
1.496075545885993051e+03 1.490917572265509989e+03 1.488481807416014362e+03 1.489767256576808677e+03 1.494223655981843422e+03 1.500965014593874002e+03 1.509257216077942530e+03 1.518595869087001802e+03 1.528662907398694642e+03 1.539267820529248638e+03 1.550297405744071284e+03 1.561679198730409553e+03 1.573354564710196655e+03 1.585255026064357935e+03 1.597275620211712067e+03 1.609238393683993536e+03 1.620837959101067554e+03 1.631557887838939223e+03 1.640540833152201913e+03 1.646386885809679598e+03 1.646838008751087955e+03 1.638248386026535854e+03 1.615398720111805233e+03 1.583129866159570383e+03 1.548910248597326927e+03 1.521060514395826885e+03 1.492316427338359972e+03 1.463985638882988724e+03 1.436833918008590445e+03 1.411165028609113051e+03 1.387000075701847891e+03 1.364220798209642908e+03 1.342641970876079995e+03 1.322064299491454676e+03 1.302289716304809644e+03 1.283121889307906486e+03 1.264343539218401929e+03
1.463819314120941954e+03 1.457867627665825694e+03 1.454725972897717156e+03 1.456399628010878359e+03 1.461480527204487998e+03 1.468738339134144326e+03 1.477384628613181576e+03 1.486945981286168035e+03 1.497145860289494522e+03 1.507829141333937969e+03 1.518908323424288028e+03 1.530329817846906053e+03 1.542051557690136633e+03 1.554023671599511090e+03 1.566166646701605714e+03 1.578340408778504525e+03 1.590297574518824149e+03 1.601611418791040023e+03 1.611562864923460666e+03 1.618965870236306728e+03 1.621919471053296320e+03 1.617570994112477820e+03 1.598251005287592761e+03 1.562670251452773073e+03 1.519638787290004529e+03 1.490400966608032377e+03 1.460688261043978855e+03 1.431814742153713496e+03 1.404447705140277321e+03 1.378764558215392299e+03 1.354685120225202127e+03 1.332039745675371023e+03 1.310605659467620853e+03 1.290172572519239566e+03 1.270541883443107054e+03 1.251533061053472011e+03 1.232953637517506422e+03
1.412831601428774320e+03 1.405310599729487649e+03 1.400288139334720654e+03 1.403207808591943376e+03 1.409572593004638065e+03 1.417731641811833242e+03 1.426948353371234816e+03 1.436853157922028004e+03 1.447250571092512700e+03 1.458047067118074665e+03 1.469196118638754342e+03 1.480672554938629901e+03 1.492458989078548711e+03 1.504533317030261287e+03 1.516854678129590411e+03 1.529340928696164383e+03 1.541833462434636431e+03 1.554043350510955406e+03 1.565462658393127867e+03 1.575212873950880748e+03 1.581756880232955837e+03 1.582276156289465234e+03 1.567858744621354845e+03 1.528512284025580811e+03 1.471584255538963362e+03 1.441625974527134758e+03 1.410271493402803571e+03 1.380560740371648080e+03 1.352922946926294799e+03 1.327287821593514536e+03 1.303388553577291304e+03 1.280994433929918841e+03 1.259811118181312622e+03 1.239621073843307840e+03 1.220220781837190088e+03 1.201461177237854145e+03 1.183184213945548436e+03
1.352603289345637450e+03 1.342749855951061363e+03 1.332714453129534604e+03 1.339573994236556700e+03 1.347927242373293211e+03 1.357192938009493218e+03 1.367043540455115135e+03 1.377311121894122834e+03 1.387903908000480669e+03 1.398807090364243322e+03 1.410019078913918065e+03 1.421542995886014978e+03 1.433386473760700483e+03 1.445555508221405034e+03 1.458050321125823302e+03 1.470851206693842641e+03 1.483894975883287771e+03 1.497043615462380330e+03 1.510029328482609344e+03 1.522363691989898598e+03 1.533127905602203782e+03 1.540264675543432077e+03 1.534439154725020444e+03 1.496968331812038286e+03 1.424071025186791076e+03 1.384125355855253929e+03 1.349544102462695491e+03 1.318979777451343807e+03 1.291211015118657770e+03 1.265795955785340539e+03 1.242181961002669595e+03 1.220165355595730034e+03 1.199306842412160677e+03 1.179427064247056023e+03 1.160291275804758016e+03 1.141814977059217881e+03 1.123849076847640845e+03
1.289709630081994419e+03 1.277886566017850555e+03 1.262963276880797594e+03 1.272883002781114556e+03 1.282940758102374048e+03 1.293155505162794498e+03 1.303535718663921671e+03 1.314103078620586075e+03 1.324833650655204565e+03 1.335807312949593552e+03 1.347057728548536943e+03 1.358606793398946365e+03 1.370482649635713187e+03 1.382712484939228716e+03 1.395332820845762399e+03 1.408380408590557636e+03 1.421875104336685581e+03 1.435813348238077197e+03 1.450142305858003283e+03 1.464760029714306711e+03 1.479579864576901400e+03 1.494982504343425944e+03 1.504111803704115800e+03 1.492239805671573549e+03 1.461109594766855253e+03 1.432021001785855560e+03 1.403552115158338893e+03 1.377286138527352705e+03 1.351674576694233565e+03 1.328061220184820968e+03 1.305196479752577716e+03 1.284889127637854244e+03 1.264770866912281690e+03 1.245604688074346541e+03 1.225445135864756821e+03 1.205662338525871519e+03 1.183884174666142826e+03
1.228173278733563620e+03 1.215541108537677701e+03 1.199576360434814887e+03 1.209494589488168231e+03 1.219550759845687935e+03 1.229763821004169358e+03 1.240142237685892724e+03 1.250709103330923426e+03 1.261476324799829399e+03 1.272472927755253295e+03 1.283733121223126318e+03 1.295279206559142722e+03 1.307157286048379319e+03 1.319401457787285381e+03 1.332077544915952785e+03 1.345269774224305820e+03 1.359055542970434772e+03 1.373534300681806144e+03 1.388790297913880067e+03 1.404925498188746587e+03 1.422065259958120350e+03 1.445273019731232580e+03 1.466311157588811966e+03 1.475569093172418206e+03 1.472064982860506689e+03 1.460342849182577083e+03 1.443430611341068015e+03 1.425161326539555830e+03 1.405074446792154276e+03 1.385497458244417658e+03 1.365109283399958713e+03 1.346620542560569675e+03 1.326818247483956611e+03 1.306769843042630100e+03 1.283691921284783803e+03 1.259521593007272259e+03 1.231151671995386096e+03
1.169798659103774071e+03 1.156921916668009089e+03 1.140957556998649579e+03 1.150874617063613869e+03 1.160929554183941718e+03 1.171141308338492536e+03 1.181518336176450930e+03 1.192083718372510475e+03 1.202849350412637250e+03 1.213844240283611043e+03 1.225102575066982581e+03 1.236646634553445438e+03 1.248522487860714364e+03 1.260764198293181380e+03 1.273437534949336396e+03 1.286626650208814681e+03 1.300408851775860740e+03 1.314883464617754498e+03 1.330134589395617240e+03 1.346263985893030394e+03 1.363396728932341830e+03 1.391934451277195194e+03 1.420489153328956036e+03 1.441574171680038489e+03 1.454112267197499705e+03 1.461340376194324563e+03 1.461848546013951591e+03 1.455826428998309439e+03 1.445712186034510978e+03 1.433530593866621984e+03 1.417753626976664691e+03 1.401524377503160849e+03 1.381068840502366129e+03 1.357771602450227419e+03 1.328526647794518340e+03 1.294956514095572174e+03 1.255808109646882940e+03
1.114962132791680460e+03 1.102053974578232328e+03 1.086090344978552594e+03 1.096006484197988812e+03 1.106060457403714281e+03 1.116271198269848355e+03 1.126647157749986263e+03 1.137211407738824619e+03 1.147975835494818512e+03 1.158969436732329086e+03 1.170226383419908871e+03 1.181768940070913231e+03 1.193643153222888031e+03 1.205883062012713026e+03 1.218554399296910105e+03 1.231741268245174069e+03 1.245520916935582363e+03 1.259992588182497911e+03 1.275240282404560276e+03 1.291365623284009871e+03 1.308493496724514898e+03 1.336536686197268182e+03 1.369125075135579209e+03 1.396139889923406599e+03 1.417288188230698097e+03 1.435519619171131126e+03 1.449840576551462618e+03 1.459056063413074980e+03 1.465973771840694099e+03 1.466212129425445255e+03 1.458198572768726081e+03 1.444758208947645699e+03 1.421907759269961389e+03 1.391047279252843737e+03 1.351769732352042638e+03 1.307920498838531785e+03 1.260954037312931405e+03
1.063455309901250303e+03 1.050240956820060319e+03 1.034278811400537734e+03 1.044194199905654841e+03 1.054247393093015262e+03 1.064457321479200118e+03 1.074832433038665386e+03 1.085395794425593067e+03 1.096159287754400111e+03 1.107151900762823061e+03 1.118407795469523762e+03 1.129949226165066648e+03 1.141822224516241704e+03 1.154060813725531261e+03 1.166730703317758298e+03 1.179915965343268908e+03 1.193693810436155445e+03 1.208163430322745853e+03 1.223408762789273851e+03 1.239531346260143664e+03 1.256655947974687251e+03 1.281639313613844251e+03 1.315122350343020344e+03 1.343963822673108780e+03 1.368822466343134920e+03 1.392469816153439751e+03 1.413710025569944492e+03 1.431717362252906923e+03 1.456859714203957310e+03 1.476421117313376044e+03 1.481494268992403704e+03 1.470823520987958091e+03 1.443302114458470442e+03 1.404718443716347110e+03 1.358702484295683917e+03 1.308496140697938245e+03 1.256138051965773229e+03
1.015020073943123862e+03 1.001094284342386572e+03 9.850211570903466054e+02 9.949359157186594302e+02 1.004988452602494590e+03 1.015197698155632565e+03 1.025572100465394442e+03 1.036134724543420361e+03 1.046897450770050227e+03 1.057889262809323554e+03 1.069144316926424835e+03 1.080684861203637183e+03 1.092556917625224287e+03 1.104794498915621944e+03 1.117463299195404488e+03 1.130647370355473186e+03 1.144423899442268521e+03 1.158892046740315664e+03 1.174135712370456758e+03 1.190256383889506651e+03 1.207378757680378840e+03 1.229806729836978548e+03 1.260699043102595397e+03 1.288396955241996011e+03 1.313831459449514114e+03 1.339558738445959534e+03 1.363172761959293666e+03 1.380058579680009871e+03 1.426174821644338408e+03 1.464724956233831563e+03 1.485743221208336536e+03 1.480824454572892137e+03 1.452327275207765297e+03 1.409777436006310609e+03 1.359234965950995047e+03 1.304663405956047427e+03 1.248519084275580553e+03
9.693329657719416446e+02 9.540564217133464808e+02 9.379410946549550090e+02 9.478553419224546133e+02 9.579073328284111994e+02 9.681159992027793351e+02 9.784897915487686078e+02 9.890517765026038433e+02 9.998138364543178795e+02 1.010804955340677566e+03 1.022059288306078770e+03 1.033599081725653832e+03 1.045470352683481678e+03 1.057707107945079542e+03 1.070375031436067729e+03 1.083558161116595556e+03 1.097333667795610836e+03 1.111800690518569809e+03 1.127043105189046855e+03 1.143162368085182379e+03 1.160283133593822413e+03 1.180533247164518116e+03 1.206690081908171351e+03 1.231467739911897979e+03 1.255607731459507022e+03 1.282282869439653723e+03 1.308238158013783277e+03 1.328203364817680722e+03 1.392928412410817828e+03 1.447255227146405559e+03 1.480180004177486353e+03 1.481882788246120072e+03 1.453885495679763835e+03 1.409172194076625601e+03 1.355639922414502507e+03 1.298073202287963795e+03 1.239327006395958506e+03
9.257083479784776046e+02 9.088622755185851929e+02 8.927475648955310135e+02 9.026614563543695340e+02 9.127130466606637356e+02 9.229212661481559508e+02 9.332945660375976331e+02 9.438560146291331421e+02 9.546174978808135165e+02 9.656080032480508635e+02 9.768616893202886331e+02 9.884008062077823524e+02 1.000271372251929847e+03 1.012507394449253979e+03 1.025174552748775341e+03 1.038356877207968182e+03 1.052131527955116553e+03 1.066597628499920802e+03 1.081839036562685578e+03 1.097957185381083036e+03 1.115076700387321580e+03 1.133440341720141305e+03 1.153184636240180907e+03 1.174297977297602984e+03 1.196979273467580015e+03 1.223262320259362241e+03 1.252264779855863253e+03 1.284632389956375846e+03 1.363576920128413576e+03 1.435165570566098040e+03 1.475280777832252170e+03 1.479961465547681655e+03 1.451657390213311146e+03 1.405232498139689596e+03 1.349527719503652861e+03 1.289812372207070894e+03 1.229184868916095638e+03
9.574819284735054907e+02 9.233422091719630771e+02 8.840400420967231412e+02 9.224725127605539683e+02 9.508563779466427377e+02 9.728719321832488731e+02 9.899234295524069012e+02 1.005387750346350799e+03 1.017849937757654402e+03 1.029284161796042099e+03 1.040974806756037879e+03 1.051552077032727084e+03 1.062160974978723516e+03 1.071116091270541347e+03 1.080037056831046357e+03 1.093220386446949306e+03 1.106996110981021502e+03 1.125177221863517616e+03 1.142625274662965012e+03 1.159930172684792979e+03 1.176655561497064809e+03 1.194503652873741203e+03 1.212018253276490441e+03 1.229699728645187179e+03 1.246254317634719200e+03 1.277920519700171781e+03 1.307467714777503261e+03 1.336474813371665732e+03 1.393771628041846043e+03 1.445647817848494242e+03 1.478134267087492617e+03 1.478496675962303698e+03 1.447834147415343523e+03 1.399491386211140025e+03 1.342007845362643366e+03 1.280665351251916945e+03 1.218586857235039588e+03
9.638143170117790532e+02 9.206226551810794945e+02 8.753614825574611586e+02 9.246154543452202006e+02 9.673353849894449468e+02 1.004118168947306344e+03 1.033267727897076838e+03 1.057205019686115747e+03 1.074951444817585752e+03 1.089593901060350845e+03 1.103360935407123179e+03 1.114507339480249584e+03 1.124883409904018436e+03 1.132652318675459583e+03 1.138651853683342551e+03 1.151836475004668500e+03 1.165613615023698003e+03 1.184433164805643628e+03 1.202072563310085798e+03 1.218500324478307220e+03 1.232869088439206507e+03 1.247683172664752419e+03 1.261373427101216748e+03 1.275351580153493842e+03 1.289721223410071161e+03 1.319056683704335910e+03 1.347790378582191806e+03 1.377747810077475151e+03 1.419312285020801937e+03 1.458344800489202726e+03 1.482325629948230926e+03 1.476479535722867240e+03 1.442837065862042664e+03 1.392672384900338102e+03 1.333776201121682107e+03 1.271256735717984839e+03 1.208279635746690928e+03
9.637013074979712428e+02 9.153891644522510660e+02 8.667678718084609955e+02 9.193061963504707137e+02 9.686140708021960108e+02 1.014287066154625450e+03 1.055609855718219478e+03 1.092099102601086543e+03 1.120450205377273051e+03 1.142177524196546983e+03 1.160814184011569751e+03 1.174749193916401737e+03 1.186653589960657200e+03 1.194918153578956890e+03 1.202038122622222772e+03 1.213648610688445387e+03 1.226767721845751566e+03 1.242527828043536147e+03 1.257373347814398585e+03 1.269650101236781666e+03 1.277930713606202062e+03 1.285466002547376320e+03 1.292170378405912288e+03 1.300746500496425369e+03 1.312009999014659570e+03 1.333658100441616398e+03 1.359375324084769090e+03 1.391867881831695058e+03 1.429087196023171600e+03 1.462851017255940405e+03 1.481809789847647380e+03 1.471842192110211954e+03 1.436307772494739538e+03 1.385038036102627302e+03 1.325200809380243754e+03 1.261801221572211261e+03 1.198228057902186720e+03
9.592054017114325006e+02 9.082964829127193980e+02 8.582699492637560752e+02 9.110814413343232445e+02 9.627309794850392564e+02 1.012876696758140270e+03 1.060969334462524330e+03 1.106279493301233060e+03 1.147156198306133092e+03 1.181137076869079010e+03 1.208451971831635092e+03 1.228384436088202165e+03 1.244212117933609761e+03 1.254503383009281833e+03 1.262828731986347748e+03 1.273045868570259245e+03 1.283953576262945489e+03 1.295450135342138083e+03 1.304103383919960379e+03 1.307339941364449942e+03 1.303402405221318986e+03 1.295415287519898357e+03 1.289575141008446735e+03 1.289699626863604635e+03 1.300342729411815753e+03 1.318734305603758912e+03 1.340413396045863237e+03 1.380146760177652823e+03 1.421408564652429050e+03 1.456149944466477336e+03 1.473250996487126486e+03 1.463050423904521267e+03 1.427924390680217130e+03 1.376858494927580978e+03 1.316661498316690313e+03 1.252334641853786707e+03 1.188429317084219974e+03
