_codes/_figurecodes/_data/highRvar/steadystate/20mGeneral/topographic_elevation_depth20m.asc
ncols 200
nrows 200
xllcorner 0.0
yllcorner 0.0
cellsize 50.0
[rows 136 to 152 of 200, columns 111 to 147 of 200]
4.054102192814190175e+02 4.098362829341765519e+02 3.929045608729589958e+02 3.558676136719147394e+02 3.050795775843805586e+02 3.603035791616663346e+02 4.134387229625536975e+02 4.633830562098984274e+02 5.086585145254524036e+02 5.472765355219542016e+02 5.766652487326808796e+02 5.972021255862065345e+02 6.087996330885732732e+02 6.147264583162561848e+02 6.176453431489546801e+02 6.160729367406097481e+02 6.123244822976217847e+02 6.094395527949468487e+02 6.044069115171604381e+02 5.986079255592962909e+02 5.893038773549386633e+02 5.743567272769582814e+02 5.520541741005835092e+02 5.220570074114151566e+02 5.251892609352759109e+02 5.283239263768169849e+02 5.309743930092656683e+02 5.316248580474918981e+02 5.299773645375640854e+02 5.343059558786096659e+02 5.267864453405253471e+02 4.985544786604225465e+02 4.505614727544417519e+02 5.043255237852027335e+02 5.415476514103770569e+02 5.607465240306605665e+02 5.673317058107328421e+02
3.732874348611877053e+02 3.780802305243587966e+02 3.703459499553258070e+02 3.450709147428689221e+02 3.020868847869890601e+02 3.590889208751178217e+02 4.119585039856157778e+02 4.588977788027588645e+02 4.976708240435830248e+02 5.252007239262825351e+02 5.425285147597655850e+02 5.542054643040941073e+02 5.593571305209095499e+02 5.608833739397530280e+02 5.610283679534262546e+02 5.578542184780075104e+02 5.526213501974355040e+02 5.514283219136162870e+02 5.473044354754176766e+02 5.437583210974163421e+02 5.361765793337768855e+02 5.222690240760264260e+02 4.994776566325405724e+02 4.672117908486135320e+02 4.703440432030996590e+02 4.734787072531925105e+02 4.766160314238283036e+02 4.787125173343202391e+02 4.781826923246521233e+02 4.862698766023532357e+02 4.854592928946082111e+02 4.696407510628488922e+02 4.316540570361260620e+02 4.759844723900897066e+02 5.007539116378948734e+02 5.124577294563661098e+02 5.159110957504810813e+02
3.329647014849833226e+02 3.369077235354353661e+02 3.357169340504190700e+02 3.257538668247347005e+02 2.990954375119729889e+02 3.554518519666185625e+02 4.041942682729122112e+02 4.433578490633818205e+02 4.699553144534200442e+02 4.856588042073810811e+02 4.950454655474928813e+02 5.012575937108002222e+02 5.030364055411927779e+02 5.025383830774087528e+02 5.021649484841491358e+02 4.991124594868687154e+02 4.940304148406554532e+02 4.950379850853000789e+02 4.924592035829560928e+02 4.913657543409959771e+02 4.862133300956697326e+02 4.744717739204356235e+02 4.517491347611716606e+02 4.154171360043659433e+02 4.185493921825113262e+02 4.216840585730903967e+02 4.248213838024749975e+02 4.278229608043001804e+02 4.289376674182343550e+02 4.365957088040577787e+02 4.394997498473986184e+02 4.348257468392674241e+02 4.130288808883213392e+02 4.415400116249773532e+02 4.538277132207696241e+02 4.600123859525609760e+02 4.626244193059346230e+02
2.841500638566536168e+02 2.871375571142316971e+02 2.901258820958152000e+02 2.931150391693128086e+02 2.961048222723467802e+02 3.489867035031350042e+02 3.876128362748096947e+02 4.125899787258714468e+02 4.268335980266813863e+02 4.349319307699883552e+02 4.397200464556269139e+02 4.431438814492174743e+02 4.436689806939617711e+02 4.422976484933244592e+02 4.434202683639837232e+02 4.416883144596544071e+02 4.391851837951165862e+02 4.414435258430253839e+02 4.406645307704192760e+02 4.416300896311765314e+02 4.394116563950241812e+02 4.315149315143699482e+02 4.104302672033273325e+02 3.661720161200115626e+02 3.693043026036905303e+02 3.724389945661356478e+02 3.755763409521356948e+02 3.787190252093880076e+02 3.818668334510539921e+02 3.850195480505393562e+02 3.881757116633868918e+02 3.913343461042175591e+02 3.944947135663285280e+02 3.976781881305547586e+02 4.008626786285904586e+02 4.040484413706212194e+02 4.082521930143209374e+02
2.870867804989554770e+02 3.035705517380690139e+02 3.099905647823887307e+02 3.146134474817980617e+02 3.215089178995183943e+02 3.402840908065722374e+02 3.567179114492827239e+02 3.671347124629134555e+02 3.735099173382774893e+02 3.775370553900863229e+02 3.803933725503198957e+02 3.830244186462074936e+02 3.840884880715213967e+02 3.837065361038468723e+02 3.865248319590112942e+02 3.868429536509642617e+02 3.873903942721773319e+02 3.903923239226837723e+02 3.914194097343746535e+02 3.939552242984213422e+02 3.948835290332038426e+02 3.935398922941200794e+02 3.884911699926022379e+02 3.630442882287641169e+02 3.922696535470127515e+02 4.112706807803160700e+02 4.172946007132553063e+02 4.239058989545834493e+02 4.307859630232700852e+02 4.368140809349450251e+02 4.425672747537752798e+02 4.467817829293037448e+02 4.493354921268045814e+02 4.467502669248865459e+02 4.357511873232242579e+02 4.084296695306474021e+02 4.420826804056762285e+02
2.900238940219520600e+02 2.929850531356141232e+02 2.959466192303364096e+02 2.989089916990436677e+02 3.018723706349087479e+02 3.048375583810769740e+02 3.078041555733247492e+02 3.107717608721691249e+02 3.137401728589842378e+02 3.167453747952121716e+02 3.197518355554778395e+02 3.227601870453094648e+02 3.257700102122499857e+02 3.288604760885522182e+02 3.319530113392402200e+02 3.350476196633209156e+02 3.381447687588795361e+02 3.412449303327711050e+02 3.443481137583936516e+02 3.474547972520978760e+02 3.505649939460748215e+02 3.536789533905711096e+02 3.567969282386445684e+02 3.599170321254108558e+02 3.941669944384871087e+02 4.355597076419000473e+02 4.567899647073140272e+02 4.697189003308276369e+02 4.803221579387750921e+02 4.888538018821396349e+02 4.959716700419318727e+02 4.994209155590762634e+02 4.981528347267063737e+02 4.860848999453419879e+02 4.578597434770157975e+02 4.128116344200892627e+02 4.597027056856414333e+02
3.062518437035896000e+02 3.348845747356592142e+02 3.469725803069449626e+02 3.524696572224440843e+02 3.536685099347718051e+02 3.569808809483071741e+02 3.576220379923985320e+02 3.511320234429543916e+02 3.275452869255896076e+02 3.530709810061864573e+02 3.605522653542711282e+02 3.579876076663425124e+02 3.359161259429138795e+02 3.569976873194075324e+02 3.751819763084901638e+02 3.868996414945235074e+02 3.948416241266668862e+02 4.015179337349884463e+02 4.059386710331608583e+02 4.097641323586212820e+02 4.116315312563538669e+02 4.122701119181658669e+02 4.116423404450088697e+02 4.117118502449931725e+02 4.434120434573206921e+02 4.768857098701083714e+02 5.001697943863645719e+02 5.168984736715228792e+02 5.304000146189962379e+02 5.404826443991174756e+02 5.474193699218376423e+02 5.478205842832229564e+02 5.394295719719874569e+02 5.138542047770561112e+02 4.713528723370408784e+02 4.171965530796641701e+02 4.684007678968995947e+02
3.226568221747286884e+02 3.669509199767115319e+02 3.914799775012035070e+02 4.019790669099087950e+02 4.034653761687427505e+02 4.054513273245078722e+02 4.008727749329557923e+02 3.816177468246754643e+02 3.413842274853278127e+02 3.788807069299082286e+02 3.929185133749855368e+02 3.837865296125653458e+02 3.460742959523801687e+02 3.562937991458761644e+02 3.987517616201080273e+02 4.256119165864848810e+02 4.425051213716247958e+02 4.555238660546047527e+02 4.639506612032098474e+02 4.702741911442691958e+02 4.726404213132357768e+02 4.724276403951731709e+02 4.702332571950705074e+02 4.665570652650059174e+02 4.952067037913674312e+02 5.241209582802639488e+02 5.473144474284672469e+02 5.658112000229327805e+02 5.808204923743699055e+02 5.909979830682913189e+02 5.958355520827498140e+02 5.905002584024729231e+02 5.709117792283724384e+02 5.320315811129670465e+02 4.805975563478323807e+02 4.215859154177182404e+02 4.709125164996950161e+02
3.393080910615213952e+02 3.930912372019604959e+02 4.297064449288064338e+02 4.466376943125874277e+02 4.493757144181509489e+02 4.492569498188013881e+02 4.379165045179734079e+02 4.058598403381624848e+02 3.553265660964314634e+02 3.998188278868149723e+02 4.222576290850631722e+02 4.180720238598306082e+02 3.939921114839116285e+02 3.665381436424231083e+02 4.115152913522981635e+02 4.463113293579505694e+02 4.751295264581036122e+02 4.981136582762330249e+02 5.143643207731532812e+02 5.263009812544817123e+02 5.317650503751102633e+02 5.327802057487220964e+02 5.304876341036950862e+02 5.251479791278712810e+02 5.500519324442170728e+02 5.756241998323117741e+02 5.976392056361695495e+02 6.162295460233101494e+02 6.310917738173289990e+02 6.394988942105273964e+02 6.399726562775570073e+02 6.262523130269296416e+02 5.937837381508643375e+02 5.455490567024770598e+02 4.882392561630138630e+02 4.259819716761239761e+02 4.696774605896114849e+02
3.562853161331082106e+02 4.141052794820634517e+02 4.594649362534972852e+02 4.852645808215832517e+02 4.901659594099357378e+02 4.874113121391321783e+02 4.670679549824053538e+02 4.251257609864832148e+02 3.693749427676083315e+02 4.171273227132551824e+02 4.463611957834554005e+02 4.469325574405311841e+02 4.210322458646173232e+02 3.768201837402813226e+02 4.143789050491365060e+02 4.434208940934832412e+02 4.831722820494273378e+02 5.209208642373847624e+02 5.514214116033924711e+02 5.736756606888795886e+02 5.861999780590803084e+02 5.916339956610453328e+02 5.920571764066312426e+02 5.885007316244525555e+02 6.086429129670763132e+02 6.304709355584402601e+02 6.503757141414356511e+02 6.674962040682081579e+02 6.803544593006643026e+02 6.846905604305217139e+02 6.778066254460547952e+02 6.516110921848688804e+02 6.080065189469530651e+02 5.535743233201521889e+02 4.932492947183915248e+02 4.303862558938040479e+02 4.649792228654086443e+02
3.736834020657441329e+02 4.332536929629641236e+02 4.833213793633885871e+02 5.167869817438377140e+02 5.252040572559550355e+02 5.198480338490257964e+02 4.910676979829035531e+02 4.429560830839967025e+02 3.836063145986803988e+02 4.341748695750920888e+02 4.672180743824316664e+02 4.701699821859768917e+02 4.406407381057795192e+02 3.871404025144216803e+02 3.977142030584450367e+02 4.083159088042908138e+02 4.706708524668610494e+02 5.226206337749399609e+02 5.681129326406290829e+02 6.060513951416660348e+02 6.318660776414980091e+02 6.462293485840098128e+02 6.534360012318763893e+02 6.582114019649413876e+02 6.719958218049908965e+02 6.883174512326143031e+02 7.045260376752978573e+02 7.185416619759357673e+02 7.273630765658097062e+02 7.249272783836747749e+02 7.066317063878100271e+02 6.682518294449525911e+02 6.171970948177788614e+02 5.589331756462423755e+02 4.973006175244524911e+02 4.347950505481253458e+02 4.411871495259123321e+02
3.917011642336933051e+02 4.529891680455482401e+02 5.059540990123704205e+02 5.433099403198197024e+02 5.547809779497961244e+02 5.452136686649362218e+02 5.099377439620812993e+02 4.583933109824714620e+02 3.980289153910476330e+02 4.512701524884197397e+02 4.878396908707068746e+02 4.941610405003752930e+02 4.680453849404318021e+02 4.256236993318564146e+02 4.357177964622340482e+02 4.190318118433173709e+02 4.646312119406567831e+02 5.180733684439845774e+02 5.724929334064374871e+02 6.222928838343846110e+02 6.636396422821694614e+02 6.921939376158779851e+02 7.091939756065328311e+02 7.207070218502877879e+02 7.330420184269617039e+02 7.458052045399342660e+02 7.581666920984332592e+02 7.677409025759146743e+02 7.704513431889571393e+02 7.586855556119190851e+02 7.274263721440821655e+02 6.801833880212481063e+02 6.240174248296573296e+02 5.635024843352929338e+02 5.017121090787065896e+02 4.403743477328748668e+02 4.623333527693137057e+02
4.104189447276885403e+02 4.729820918943024139e+02 5.277000566495593148e+02 5.671679935650573725e+02 5.805356829324018690e+02 5.669151890175191966e+02 5.279105574036618691e+02 4.741155995274980341e+02 4.126927730087480768e+02 4.687408445899183675e+02 5.098456203827224726e+02 5.238703728219356890e+02 5.093174023989338934e+02 4.870422503662136364e+02 4.727655290873291847e+02 4.298361136459183740e+02 4.407007211644177573e+02 5.040534172107079485e+02 5.700522144300412037e+02 6.290709098122980549e+02 6.812672897279418294e+02 7.244952792691135528e+02 7.551609243819020776e+02 7.748554302475048416e+02 7.892150499758398610e+02 8.003839444267356384e+02 8.090759853993213255e+02 8.129524935000162031e+02 8.070276753364910292e+02 7.819867623237951193e+02 7.394181242062634283e+02 6.859738573237392529e+02 6.267485112798960927e+02 5.653163572887248165e+02 5.045561748924589551e+02 4.459652387697083782e+02 4.792892484246042386e+02
4.300447763342621670e+02 4.933579749540961075e+02 5.489722561498730329e+02 5.893753617294811420e+02 6.035492562030125328e+02 5.860667018217066015e+02 5.445440493703056291e+02 4.894656335095931468e+02 4.276119117411079174e+02 4.860797638189747545e+02 5.318324977188891580e+02 5.546241542378946860e+02 5.492525327069267860e+02 5.360549885748080214e+02 5.176306931354210974e+02 4.833226435014505000e+02 4.516579313571019156e+02 5.102488538858104334e+02 5.726284453197880566e+02 6.334845536405292705e+02 6.910185062772874289e+02 7.431335477606711493e+02 7.868883443750669358e+02 8.183552600164570094e+02 8.380013978444881104e+02 8.495421055503106800e+02 8.549031071102925807e+02 8.518025880775689984e+02 8.339022828749339169e+02 7.962888242678001234e+02 7.459908885506547449e+02 6.884559126589680318e+02 6.274444195742516968e+02 5.650056555208569762e+02 5.064147256782881072e+02 4.515694782684493020e+02 4.938846526726782713e+02
4.507444141758342084e+02 5.143235825839026347e+02 5.701236618344339604e+02 6.103917206416358567e+02 6.235502663180194531e+02 6.023001057897100736e+02 5.591963282575416088e+02 5.038200197673547223e+02 4.428017892354182550e+02 5.021275113728958672e+02 5.514486158569362715e+02 5.823510054604849984e+02 5.850999007880966474e+02 5.761191240167106571e+02 5.527451039682997589e+02 5.119326028093998389e+02 4.627265798135516093e+02 5.175718136843321417e+02 5.761627374263381398e+02 6.366782967341870290e+02 6.962787374806687239e+02 7.532493728598458347e+02 8.048652768134604685e+02 8.475352250695625571e+02 8.765138179387728314e+02 8.907667367885869680e+02 8.933606683102215129e+02 8.824492315537605691e+02 8.520669600860734363e+02 8.055522450804459140e+02 7.498666595210717105e+02 6.899326340221880400e+02 6.290066027242570499e+02 5.690375529657560492e+02 5.118457874191773840e+02 4.571888619936280520e+02 5.052253108924483058e+02
4.725847257744448484e+02 5.360839698421858657e+02 5.915562369469905661e+02 6.310421146222124662e+02 6.425307918325179344e+02 6.193595672275826018e+02 5.751294065951183256e+02 5.193450258887381779e+02 4.583795888441688930e+02 5.191480578799130399e+02 5.713212363979379234e+02 6.071341518224181755e+02 6.161173237823154523e+02 6.081702910583974244e+02 5.781205599701977462e+02 5.308701888705546708e+02 4.739611931615951903e+02 5.257558801324148590e+02 5.806011019175792853e+02 6.391920848674240005e+02 6.989680119077102063e+02 7.585346400397028219e+02 8.146827666316431760e+02 8.639374034910790670e+02 9.016698720632241475e+02 9.217300092866842078e+02 9.220731854695179663e+02 9.013256503817497105e+02 8.612984288040468073e+02 8.087131999476911233e+02 7.492728922485827070e+02 6.879192571931345128e+02 6.277408671960009769e+02 5.694651663197691960e+02 5.146199379705972206e+02 4.628252331811384011e+02 5.153945198637172780e+02
4.958064077574046564e+02 5.588487552196999104e+02 6.135815798374918586e+02 6.519181951832998720e+02 6.616136580028453409e+02 6.370137393568635389e+02 5.918555533202875267e+02 5.355773711188032848e+02 4.743804344154876276e+02 5.364521635372029777e+02 5.907073742312085187e+02 6.296050287552634472e+02 6.423403308353059629e+02 6.316635967178388000e+02 5.959106668554246653e+02 5.447912353751344199e+02 4.853883240933097909e+02 5.346333854689335112e+02 5.864280512070783971e+02 6.412733257888628486e+02 6.998644789345266872e+02 7.620203107590214131e+02 8.208056582769204397e+02 8.736964559043857435e+02 9.160921195771248904e+02 9.411863584839267105e+02 9.397270238243854692e+02 9.119504512313740179e+02 8.664139106800699892e+02 8.097443343151642239e+02 7.463097100629428269e+02 6.829565784711214746e+02 6.243654925724471241e+02 5.695202471690445236e+02 5.177255718038323948e+02 4.684804892860136079e+02 5.228383398728166185e+02
