_codes/_figurecodes/_data/highRvar/steadystate/20mGeneral/topographic_elevation_depth20m.asc
ncols 200
nrows 200
xllcorner 0.0
yllcorner 0.0
cellsize 50.0
[rows 136 to 152 of 200, columns 148 to 184 of 200]
5.675082538059197077e+02 5.620665823372410159e+02 5.548780054265390618e+02 5.428044085102527561e+02 5.482633748046521305e+02 5.506975956554923641e+02 5.486136422662368659e+02 5.388809075342196593e+02 5.113853028913939625e+02 4.644579987700806214e+02 4.695144279508162981e+02 4.745732374169129457e+02 4.796368174965451203e+02 4.847063816098959705e+02 4.897831575004152569e+02 4.948683903044099566e+02 4.999633457391192906e+02 5.050705419130143810e+02 5.102000205816506764e+02 5.153357464849324288e+02 5.253627231002078588e+02 5.354366444212793112e+02 5.455823780058054808e+02 5.558016581398889002e+02 5.661090325694128751e+02 5.765070840761262616e+02 5.869985272960561815e+02 6.276746870620214622e+02 6.489641734561504336e+02 6.626115498620263224e+02 6.743274101943140977e+02 6.861260421154906908e+02 6.991761381183080175e+02 7.311100444835348071e+02 7.680524482998666826e+02 8.072594226550220355e+02 8.463952704257803816e+02
5.154996792994970747e+02 5.106836157999286456e+02 5.024620344346205343e+02 4.842134783369480715e+02 4.905292965199421928e+02 4.950122799750096192e+02 4.974872356191993958e+02 4.967639424736420324e+02 4.867718572372780272e+02 4.596872978978929041e+02 4.877809886013288860e+02 5.027518888752111366e+02 5.119558574945733653e+02 5.196928484302942479e+02 5.281114076348445678e+02 5.392785225347234928e+02 5.493522735752650306e+02 5.595405051702541641e+02 5.681641605068039098e+02 5.775618584984683821e+02 5.881926067278209302e+02 5.975698528909802008e+02 6.069090187971517025e+02 6.145534061939885078e+02 6.205873545269703300e+02 6.201087130488064076e+02 5.975446072744800858e+02 6.081744559410776674e+02 6.188903345911223823e+02 6.297095820751229667e+02 6.406511432530088541e+02 6.517359849357677604e+02 6.629876183948730386e+02 7.119391198455356289e+02 7.535645694332722542e+02 7.931493727028476997e+02 8.304032141034479082e+02
4.637515498881155622e+02 4.621478571285863950e+02 4.562367374172309837e+02 4.293682622822143458e+02 4.336111530140079253e+02 4.378586906771025724e+02 4.421135642825079799e+02 4.463758162102024016e+02 4.506441369763167017e+02 4.549185553728331115e+02 4.871714119821568829e+02 5.045109135067876878e+02 5.152764473460134695e+02 5.246212617994967786e+02 5.356745658755559134e+02 5.590590132548450129e+02 5.805858111772018901e+02 5.998460569302632166e+02 6.156694035782762739e+02 6.309209541502042384e+02 6.449672417711075241e+02 6.558471653773278831e+02 6.656649638328449328e+02 6.723203862327902698e+02 6.765780250276432071e+02 6.745554674179251151e+02 6.608972545850464257e+02 6.706668562056370320e+02 6.791695791514807752e+02 6.858644477327337654e+02 6.906013961453662660e+02 6.905177651887399861e+02 6.744509173334876095e+02 6.860819973278435100e+02 7.196558541213237277e+02 7.539059919637234088e+02 7.888800230285938824e+02
4.124610992967101879e+02 4.166758165052246454e+02 4.208989847994283195e+02 4.251306613208835756e+02 4.702663358996004490e+02 4.876833094823103920e+02 4.943429875265387068e+02 4.961094798166834607e+02 4.900557389368606209e+02 4.630250951221443074e+02 4.711721034575502358e+02 4.793661957120132797e+02 4.876143568694080841e+02 4.959240123919427674e+02 5.043031100501671062e+02 5.463256736305245340e+02 5.830653993722157793e+02 6.161914858324620354e+02 6.447611052250705370e+02 6.691635069194229573e+02 6.901100767035264880e+02 7.056135269448860754e+02 7.182960361709682502e+02 7.262944538320712127e+02 7.317334430156564622e+02 7.327078261182939514e+02 7.291003329973135578e+02 7.339311699214634928e+02 7.395531853819961725e+02 7.425001420715008180e+02 7.422046455245683774e+02 7.363429358738609380e+02 7.206622053373154131e+02 6.981821470533845968e+02 7.104838831925633258e+02 7.465393343127267372e+02 7.834416104188491090e+02
4.624292307833178484e+02 4.751332973505654422e+02 4.855698843507444735e+02 4.991636601646959548e+02 5.242942619408827341e+02 5.406092174595369215e+02 5.475938502397600587e+02 5.482745248744997753e+02 5.403708054678237431e+02 5.216160418834589336e+02 5.260173560608128582e+02 5.320010419328352782e+02 5.347754895852455093e+02 5.321525685012634312e+02 5.127209103836651138e+02 5.212045613528388230e+02 5.651569679001296436e+02 6.068597532658411637e+02 6.461601675077172331e+02 6.826631401730465996e+02 7.151329009319053966e+02 7.402385134178928183e+02 7.589946358292520472e+02 7.711414996880398576e+02 7.802798847764338461e+02 7.858613780468059531e+02 7.879814223590434494e+02 7.931169459592648536e+02 7.978453257777891849e+02 7.985977073148457066e+02 7.951137281107833132e+02 7.860712620153659600e+02 7.698916859503158321e+02 7.480549541994686251e+02 7.231991149445436804e+02 7.361529840810327414e+02 7.744481336445602437e+02
4.963778990190745048e+02 5.218093267732712093e+02 5.405828376020725727e+02 5.593762887132099877e+02 5.789600078675531449e+02 5.941114684573750537e+02 6.014021753516676654e+02 6.026776476536899736e+02 5.964578016038590249e+02 5.849687587502046426e+02 5.846082786054539611e+02 5.864318746596179608e+02 5.841617089166239793e+02 5.757691961388103437e+02 5.568017769756590951e+02 5.297285564391569324e+02 5.382935417966333489e+02 5.847892699657447793e+02 6.310537397554174959e+02 6.760690888379043599e+02 7.170259124025910751e+02 7.515777197927919815e+02 7.790310203141043530e+02 7.987844656614090582e+02 8.139049293794769255e+02 8.260926785822744023e+02 8.345691791286438956e+02 8.436074109218857302e+02 8.506002641661659709e+02 8.518689514827179892e+02 8.476503738884468930e+02 8.375076296277469510e+02 8.211330928096078878e+02 7.996430330573801939e+02 7.749944290990104037e+02 7.495707778486183770e+02 7.632752718775286667e+02
5.128220688060124530e+02 5.501704618725422051e+02 5.799432453378201444e+02 6.054781076444439805e+02 6.267102036862473824e+02 6.436024239421708444e+02 6.529110352844634235e+02 6.566252352449896534e+02 6.537026507157074775e+02 6.481591757139045740e+02 6.448687960193675508e+02 6.424549566425840794e+02 6.361255690901584785e+02 6.242876558530756483e+02 6.053217671366818422e+02 5.809412890271294145e+02 5.469071900247847680e+02 5.555419759525562995e+02 6.072656186909313192e+02 6.602811777258773418e+02 7.068529204069749312e+02 7.448275552192444593e+02 7.740703764395005919e+02 7.984673478381832865e+02 8.203736579049761986e+02 8.425757409733362238e+02 8.611892027024246090e+02 8.785438752589020623e+02 8.925168522237521529e+02 8.986124681121091271e+02 8.971228075026597253e+02 8.883837651215618507e+02 8.730076993810623662e+02 8.522884630844250751e+02 8.279311573090697038e+02 8.013662981926037219e+02 7.775067352067585489e+02
5.159733947033550976e+02 5.575979015048336578e+02 5.958080959161001147e+02 6.306866069961237145e+02 6.599221788657893057e+02 6.826529569897841156e+02 6.970940188861959541e+02 7.055607749829316617e+02 7.071004277532999822e+02 7.057546520108401182e+02 7.024927782106151426e+02 6.982830924597989224e+02 6.895620057658945825e+02 6.758172920046478112e+02 6.569635051261145691e+02 6.350312596163792023e+02 6.051186659081893140e+02 5.642123805518324389e+02 5.728971678119613671e+02 6.387841653995341176e+02 6.858794924357339369e+02 7.184751494131212439e+02 7.428764421141463572e+02 7.688833963660839572e+02 7.960774962766396357e+02 8.276162585685532349e+02 8.560887825828548330e+02 8.873285727015122575e+02 9.155065869949809212e+02 9.336301751757994225e+02 9.399140987489175814e+02 9.359980206524269306e+02 9.236919048357784732e+02 9.049595945468729496e+02 8.818455010850789222e+02 8.562125312576575880e+02 8.346033882528065533e+02
5.093830351515098869e+02 5.503850744120137506e+02 5.916998338143984029e+02 6.320115237571976650e+02 6.694435145164833330e+02 7.020913741612395143e+02 7.267291525902589910e+02 7.431490300876062065e+02 7.514113644566022003e+02 7.554155623643188164e+02 7.547988737325576949e+02 7.514399735732705494e+02 7.423990302088147928e+02 7.281520725360121560e+02 7.095528121088782427e+02 6.889560992254654366e+02 6.603396766833583342e+02 6.202978518201942961e+02 5.816036807707753269e+02 6.250213289953258027e+02 6.546300766763997672e+02 6.744015503445448303e+02 6.924253270936277431e+02 7.198726622680363789e+02 7.511007171290582392e+02 7.880728514918047267e+02 8.246032088164430434e+02 8.723874200285654297e+02 9.162381337339118090e+02 9.509937089895321378e+02 9.717568503813052985e+02 9.771192319073581984e+02 9.707982859870249968e+02 9.559455617447941904e+02 9.354464425904260452e+02 9.123591773105456468e+02 8.913638688305927644e+02
4.896428074619520316e+02 5.297198534834160455e+02 5.732499368022716908e+02 6.174556994619342731e+02 6.600497958273372205e+02 6.990858582365610800e+02 7.328893830854366342e+02 7.604041563421262708e+02 7.795193533370600107e+02 7.917521096897512507e+02 7.973290668311567515e+02 7.982357858296574022e+02 7.916184619042890063e+02 7.785748641073105318e+02 7.604190888906398413e+02 7.392016022394233232e+02 7.051433835298191752e+02 6.537663657260146692e+02 5.903247770224530768e+02 5.992749601069342589e+02 6.082978844147304471e+02 6.174039937541807603e+02 6.265440996926362232e+02 6.588888245674156678e+02 6.938623732473612336e+02 7.334251898351540149e+02 7.769585857207952131e+02 8.466701253600238033e+02 9.054175836820145378e+02 9.527647886582112733e+02 9.882321336681625326e+02 1.007983497752552580e+03 1.011291411398176479e+03 1.002740989065134499e+03 9.861103956836478801e+02 9.648425685773291889e+02 9.422601666300042780e+02
4.475818566751676713e+02 4.958196061969250650e+02 5.447283801247585870e+02 5.933694137448786705e+02 6.396195985472495522e+02 6.818589289975067231e+02 7.198337371223529999e+02 7.534354150287513221e+02 7.821428987602134839e+02 8.057486331312760512e+02 8.232327363269666876e+02 8.333038598986868237e+02 8.332049630701862952e+02 8.239609672307304891e+02 8.071369399176149955e+02 7.846210141235952733e+02 7.440721384010363408e+02 6.873021292189318956e+02 6.210773074945324197e+02 6.380647296426799358e+02 6.477584038373729527e+02 6.519910759995243552e+02 6.359346866893286006e+02 6.664192238434179671e+02 7.019074141283340396e+02 7.420763062383527995e+02 7.876097624349265516e+02 8.419360422122728096e+02 8.966470876931783778e+02 9.473860300524311242e+02 9.911121288168982346e+02 1.024109131230243975e+03 1.041402356351058870e+03 1.042310763358235818e+03 1.031397024277993751e+03 1.012379380235092640e+03 9.880826853192110093e+02
4.540239423637179925e+02 4.604740420885937624e+02 5.143942410990672442e+02 5.675124003456760420e+02 6.154194731878369566e+02 6.564297394711277320e+02 6.937490490392527818e+02 7.288118769381558195e+02 7.616934058632745064e+02 7.915227324889226566e+02 8.232289710589743663e+02 8.490328957983922464e+02 8.622171523507469146e+02 8.608856115947456829e+02 8.472245220347796248e+02 8.227010015915276426e+02 7.778977762101351345e+02 7.195296797304673646e+02 6.534220469700542253e+02 6.751375992432715520e+02 6.839442521315003205e+02 6.777858119385022064e+02 6.454204522641413178e+02 6.550654379934512690e+02 6.937326496373534610e+02 7.356447667432447588e+02 7.814477260681165944e+02 8.317013512776711650e+02 8.840395305760005158e+02 9.357337577954846211e+02 9.840122415083097849e+02 1.025617301425503911e+03 1.056387164296601441e+03 1.071017887763831368e+03 1.068694609384171372e+03 1.053334882102673646e+03 1.027001564590702856e+03
4.849531123212376542e+02 4.669348777502074199e+02 4.734065086881546449e+02 5.304853213305354984e+02 5.736916805163133404e+02 6.097886892880446794e+02 6.455482706230744725e+02 6.815992823385797692e+02 7.181641901070006497e+02 7.547499776629105099e+02 8.025720220431963980e+02 8.440149989557399977e+02 8.737506246536561321e+02 8.861633762497540374e+02 8.792496958536260081e+02 8.554220719623338027e+02 8.111046617539929002e+02 7.536552848236933642e+02 6.883955941707442889e+02 7.132328404538344557e+02 7.225078892152129129e+02 7.158543523274671543e+02 6.929090703868668015e+02 6.648145898473371744e+02 6.746498357632835905e+02 7.184329311030946883e+02 7.649060388381695930e+02 8.142813288361783179e+02 8.658121175045839664e+02 9.180483832566354749e+02 9.690447647946734833e+02 1.016250711063162839e+03 1.056264250356539605e+03 1.084558983639684584e+03 1.095235836197356548e+03 1.086811113832158526e+03 1.061566754873024593e+03
5.129515983018152383e+02 5.047910576229450612e+02 4.798835603104569714e+02 4.863742277889500656e+02 5.176283211457099469e+02 5.499731315569385970e+02 5.842229206083637791e+02 6.208118156458542671e+02 6.603744057228752808e+02 7.039074477323393921e+02 7.736185657637547592e+02 8.289218417821801950e+02 8.709257109772131571e+02 8.971437531893288906e+02 9.017237411130004148e+02 8.827487269205745406e+02 8.429070399275470891e+02 7.893857864403064468e+02 7.268790954069452255e+02 7.539802756977269382e+02 7.643181292184813174e+02 7.589519487801289870e+02 7.407814197484831311e+02 7.147910099747901995e+02 6.845963540515742807e+02 6.946349836523079375e+02 7.418050245836107024e+02 7.911560972804350058e+02 8.425763212780952927e+02 8.952810146059756562e+02 9.480359092891950468e+02 9.989831306077820727e+02 1.045389628200569405e+03 1.083418113206910220e+03 1.107798212070179716e+03 1.111381269201369832e+03 1.091960147349222552e+03
5.357840543366766042e+02 5.395324744855654444e+02 5.222183098589952124e+02 4.929401026254874978e+02 4.995202267277338706e+02 5.361272366951909589e+02 5.743913438924539605e+02 6.149492799547228969e+02 6.586176498174413609e+02 7.067284373097472781e+02 7.624895345609986634e+02 8.161159192189521718e+02 8.623696980972990787e+02 8.965520588639004700e+02 9.128133009295640932e+02 9.032861901833315414e+02 8.721374990305293977e+02 8.265994152622334923e+02 7.704124465539048288e+02 7.982970902301549359e+02 8.092221162111766262e+02 8.051634504108222927e+02 7.898911535006660642e+02 7.658444575065476556e+02 7.366146729832586288e+02 7.047928564614062452e+02 7.150496084783669630e+02 7.642951905943568818e+02 8.158453217921323812e+02 8.688874542827866208e+02 9.228166033927476519e+02 9.763980349520601294e+02 1.027385641643802501e+03 1.072493580991741737e+03 1.107140625020744665e+03 1.124959414079549333e+03 1.116851559487301756e+03
5.541264348520794556e+02 5.703158576318644464e+02 5.619372082884640349e+02 5.388947187959897747e+02 5.061320649949907988e+02 5.127584881294744719e+02 5.542450720460433331e+02 5.981789885093370458e+02 6.451106710062982756e+02 6.955129387556510210e+02 7.491920110458919453e+02 8.022697362901800489e+02 8.502767373433979401e+02 8.885160803008402581e+02 9.118161912038858645e+02 9.142625691669559274e+02 8.959171783321249904e+02 8.639494072379470708e+02 8.222078849057635352e+02 8.460747874922727760e+02 8.558724780650819639e+02 8.526598533564135778e+02 8.396242958993580032e+02 8.174828243747103897e+02 7.894087758479070089e+02 7.579723135932631521e+02 7.254345952805995239e+02 7.359396915661955063e+02 7.874379050237424735e+02 8.404333437685741046e+02 8.951067659153427485e+02 9.508533733601763061e+02 1.005406754775658101e+03 1.055823260654144860e+03 1.098180302528554193e+03 1.127404930292844256e+03 1.136958724956268270e+03
5.669881487387929155e+02 5.944373254173623309e+02 5.972261112120585267e+02 5.820618039515802593e+02 5.546724124345787459e+02 5.194144056146800494e+02 5.260852349886763477e+02 5.729554036377870716e+02 6.229490654586294340e+02 6.759995325721184827e+02 7.309969822743480563e+02 7.847827800069134128e+02 8.332479265594161006e+02 8.720596795216441706e+02 8.970899359925558656e+02 9.092030962239451810e+02 9.098364598622049471e+02 8.983741189747079261e+02 8.845635564891861122e+02 8.932071915038982297e+02 9.001727806112579628e+02 8.981776273580961742e+02 8.879525133463378097e+02 8.683819062306733940e+02 8.420449679743114757e+02 8.111727566691790798e+02 7.772299313690554072e+02 7.465696570669011862e+02 7.573295807880504071e+02 8.091251662462865397e+02 8.639714211192558651e+02 9.222342430609189705e+02 9.796966824546944963e+02 1.033790054625034145e+03 1.081030205816269472e+03 1.117564288771005522e+03 1.140044630913541141e+03
