_codes/_figurecodes/_data/highRvar/steadystate/20mGeneral/topographic_elevation_depth20m.asc
ncols 200
nrows 200
xllcorner 0.0
yllcorner 0.0
cellsize 50.0
[rows 17 to 33 of 200, columns 37 to 73 of 200]
9.303054679843040731e+02 9.206394869615370453e+02 9.101507364969742184e+02 8.956240647241023680e+02 8.780715742462718936e+02 8.535010361086003741e+02 8.210154946074987947e+02 7.791771307697543989e+02 7.289055929340757984e+02 7.830638390888798313e+02 8.367481761150720558e+02 8.894407381811945470e+02 9.404096994226060815e+02 9.883358717476843367e+02 1.030914753606371733e+03 1.065038196220298005e+03 1.090509147236873105e+03 1.106661070539272259e+03 1.116994593578291870e+03 1.121454647744404383e+03 1.117011629224885837e+03 1.105762329444773968e+03 1.094529357212464674e+03 1.113718790402787818e+03 1.148781355453686956e+03 1.186913865121858180e+03 1.225442620692611399e+03 1.261599630029697209e+03 1.291039926084379886e+03 1.305976404749577569e+03 1.300514673186412892e+03 1.271845703255268745e+03 1.227618556376656898e+03 1.174824106572010123e+03 1.118410043825407911e+03 1.061401919442774215e+03 1.005369639379397199e+03
9.845679550375364215e+02 9.720848127355715178e+02 9.571727796852318306e+02 9.354907202993211968e+02 9.070473940007727833e+02 8.697851094094180553e+02 8.260335319095846671e+02 7.766182744846611286e+02 7.227335098241655942e+02 7.745318381331035198e+02 8.280590989524399674e+02 8.824439994251816870e+02 9.372223691675853843e+02 9.905096638812310630e+02 1.040229807756020136e+03 1.083770544624439253e+03 1.118335136074294269e+03 1.139156909664818158e+03 1.146090080380164409e+03 1.138601813866238217e+03 1.115196790319689171e+03 1.079669485663388059e+03 1.032499461783026845e+03 1.074566903246890433e+03 1.126886070460766632e+03 1.175740631039526988e+03 1.222170592647012199e+03 1.264452273681895349e+03 1.298361714140770800e+03 1.316476051742357186e+03 1.307787112389953109e+03 1.275307270231669918e+03 1.228118150054809348e+03 1.172962310896669351e+03 1.114444723245551813e+03 1.055424625167067916e+03 9.974958554029269635e+02
1.026005376643836144e+03 1.008746224789514827e+03 9.860925645760864882e+02 9.545702961089033352e+02 9.163054990099706174e+02 8.718926649494839012e+02 8.227392878393858382e+02 7.702986589805904032e+02 7.165912298475525404e+02 7.658396385682957543e+02 8.176384053951474016e+02 8.724880159581696262e+02 9.306584077385185765e+02 9.876454141670393483e+02 1.041884703758851856e+03 1.090692388324668855e+03 1.130241822271400679e+03 1.154952814360574621e+03 1.157576381608974316e+03 1.137251512643277010e+03 1.100903870711078525e+03 1.053188137644424387e+03 9.967460735099200519e+02 1.049892901858922187e+03 1.104576706541980002e+03 1.158654512638729784e+03 1.210642260833300497e+03 1.257969243539222134e+03 1.295967720831623183e+03 1.316802181171176471e+03 1.308227855152460279e+03 1.274369491562286157e+03 1.225500260894522171e+03 1.168682125252563992e+03 1.108549287570715478e+03 1.047936416597093739e+03 9.893295399107914818e+02
1.045245737778638386e+03 1.021952061147295922e+03 9.929993514937972350e+02 9.571200902297003950e+02 9.151427602747255605e+02 8.678770806572421179e+02 8.165224532762196077e+02 7.622831158932616518e+02 7.104849788070490604e+02 7.597332949924369814e+02 8.115319956148030087e+02 8.663816000441801179e+02 9.249754574009521093e+02 9.839328209521257804e+02 1.040889961728817980e+03 1.092580208386746108e+03 1.134264470873853270e+03 1.158914534019307894e+03 1.156111273488751067e+03 1.127639753438264279e+03 1.083127676809912600e+03 1.028559303146014599e+03 9.677589770919739749e+02 1.022608354105826152e+03 1.080510305048131158e+03 1.138408725314549656e+03 1.194487108736226673e+03 1.245782778638139007e+03 1.287288514372907457e+03 1.310854046670620846e+03 1.303909858216317389e+03 1.270100127173001738e+03 1.220564677193426178e+03 1.162787671943374562e+03 1.101590855319636375e+03 1.039889883814621498e+03 9.812835923261014841e+02
1.035596725379993586e+03 1.012777997607048292e+03 9.855396517344778431e+02 9.507369229845326117e+02 9.099196997771109636e+02 8.634709467476718601e+02 8.127055357865702945e+02 7.590193531780790863e+02 7.044184301848748646e+02 7.536666532018469979e+02 8.054652844050286831e+02 8.603148756651479516e+02 9.189100658139489042e+02 9.797611884329314762e+02 1.038563098713618047e+03 1.091671803519059040e+03 1.133653790866479767e+03 1.156387503619590689e+03 1.148033573091784319e+03 1.113731410121821682e+03 1.064042787077260300e+03 1.005588463096406713e+03 9.425644548986090285e+02 9.974142648313502377e+02 1.056009262890141827e+03 1.116923732339753315e+03 1.176044318161558067e+03 1.230382490561543818e+03 1.274793337188592886e+03 1.301001833163314132e+03 1.296407925086620480e+03 1.263515986317225497e+03 1.214072592988242377e+03 1.155941132474904180e+03 1.094194505398014826e+03 1.031952693373878219e+03 9.733469618135990231e+02
9.996148803321058267e+02 9.783054416909127440e+02 9.560893697518449699e+02 9.283203520229524202e+02 8.948213048615663183e+02 8.534099284688273883e+02 8.063237679384526473e+02 7.542493265611926745e+02 6.983864624519241033e+02 7.476345909991430290e+02 7.994331498512844973e+02 8.542827213813972094e+02 9.128779519327798653e+02 9.762346243511491366e+02 1.036309855565474891e+03 1.089799855958983017e+03 1.130765907097116269e+03 1.150162422053261253e+03 1.136057433955651732e+03 1.097246745907273407e+03 1.044264222453576394e+03 9.837661156348127633e+02 9.198920702978648478e+02 9.747422416363211823e+02 1.033337556261526970e+03 1.095856315679018735e+03 1.156931077604872144e+03 1.213428767839761804e+03 1.260114260869876261e+03 1.288720692284124198e+03 1.286790137339718285e+03 1.255401800774328649e+03 1.206643430558087630e+03 1.148624787636612382e+03 1.086650214581073897e+03 1.024114930897201475e+03 9.655097350359777693e+02
9.474962594376204379e+02 9.273209587985203370e+02 9.077989546888526320e+02 8.853029923406107855e+02 8.607224981409395923e+02 8.299036995240032866e+02 7.922978476602153250e+02 7.460950518037524262e+02 6.923842230958682649e+02 7.440720797358039817e+02 7.979908677642497423e+02 8.548216019282974685e+02 9.144977764514629825e+02 9.760648259073126383e+02 1.035668312544509263e+03 1.088523461165296339e+03 1.127404848087081973e+03 1.141123147840615502e+03 1.120763140206966909e+03 1.078472035734062501e+03 1.023553428760449947e+03 9.623577590693173534e+02 8.990584409956837817e+02 9.539088788802804402e+02 1.012504509114814141e+03 1.075743530893012576e+03 1.137967776967787131e+03 1.195871930612490814e+03 1.244181856147151393e+03 1.274784108263372673e+03 1.275602956366508124e+03 1.246266594527718553e+03 1.198795027499983235e+03 1.141298379650539573e+03 1.079185528870261805e+03 1.016372563371663432e+03 9.577678795803475396e+02
8.866489317352393300e+02 8.670638409166851943e+02 8.486883370066074121e+02 8.292048869630299350e+02 8.095388361086045279e+02 7.868901791916088087e+02 7.617665025055924843e+02 7.293712081803616911e+02 6.864050064433696434e+02 7.382027457108163162e+02 7.930519537462889730e+02 8.514679133355714384e+02 9.121887921766115142e+02 9.737096478119315179e+02 1.032896356262996960e+03 1.084702319935676769e+03 1.121214634428931049e+03 1.130305089242926442e+03 1.105987438119200533e+03 1.061105099585288826e+03 1.004731514966907071e+03 9.429719356174057339e+02 8.797494869019153612e+02 9.346000924529237182e+02 9.931960050302284344e+02 1.056553336702121896e+03 1.119496151008444485e+03 1.178181361800359355e+03 1.227367911281029819e+03 1.259279652767119842e+03 1.262685842097263503e+03 1.236289845959897548e+03 1.191038438312865310e+03 1.134694367122939866e+03 1.072092923186337430e+03 1.008721828048558109e+03 9.501176333730461465e+02
8.222071163693923381e+02 8.027941137641852265e+02 7.841673812100565328e+02 7.660656115690687784e+02 7.484425387659968010e+02 7.311162037666980495e+02 7.140705838456302672e+02 6.972258712419153426e+02 6.804464686592532416e+02 7.322441014421171985e+02 7.870932290152024962e+02 8.456886660832378766e+02 9.076104872314281238e+02 9.694943031214295388e+02 1.028400406412222537e+03 1.079161697733165738e+03 1.113500262939009872e+03 1.118843625823627917e+03 1.091613536737924505e+03 1.044755005075564895e+03 9.872259293030288063e+02 9.249482429605201332e+02 8.616472343050312475e+02 9.164979177689857579e+02 9.750940631551770821e+02 1.038451614220648253e+03 1.101824044957540082e+03 1.160641146617688491e+03 1.209637565321973625e+03 1.241465706626086330e+03 1.246423980673471760e+03 1.225134662552286272e+03 1.183849142002299686e+03 1.130665238412846065e+03 1.071057647043120596e+03 1.009493538732955585e+03 9.493247255715442634e+02
8.888670882600736149e+02 8.681229393788463540e+02 8.479723033175412183e+02 8.260543587345913465e+02 8.039060800413645893e+02 7.783977502210083230e+02 7.502479334239840227e+02 7.167410489459482505e+02 6.747187056793652573e+02 7.265162319850683161e+02 7.813652788393994797e+02 8.399606817121541553e+02 9.022581746349883360e+02 9.642515712259338443e+02 1.022808933245642265e+03 1.072564137236465740e+03 1.104971883906253652e+03 1.107186631962975753e+03 1.077618520786052613e+03 1.029166162863350337e+03 9.706684727759817406e+02 9.078910984148200214e+02 8.445321627846553838e+02 8.993828473729300867e+02 9.579791691845247215e+02 1.021336936414734737e+03 1.085470058125496507e+03 1.143637406103540343e+03 1.190798334049781261e+03 1.219661153450545044e+03 1.222267331986799718e+03 1.206910797680420501e+03 1.172177671917458156e+03 1.124176034991234019e+03 1.067821882614681954e+03 1.007103562226888243e+03 9.444082393804992535e+02
9.508029778526658902e+02 9.266580669879025436e+02 9.017818927683981656e+02 8.728362255117692712e+02 8.410257842214411994e+02 8.036938948158465337e+02 7.630246010916600881e+02 7.184346525536136596e+02 6.690088748123023379e+02 7.208062907193027513e+02 7.756552537729385222e+02 8.342506174865095545e+02 8.966053994590043885e+02 9.584969115620809816e+02 1.016610448344103816e+03 1.065382315050810348e+03 1.096045259010347536e+03 1.095542508603437454e+03 1.063986229133231745e+03 1.014184387962422875e+03 9.548485293242949865e+02 8.916039025181361239e+02 8.282450109933902240e+02 8.866249258876049453e+02 9.475258258355613634e+02 1.010330069179836073e+03 1.072191537710214106e+03 1.128011023258667137e+03 1.171108433792122241e+03 1.192089813184214108e+03 1.189814002309516354e+03 1.178477273998653573e+03 1.155005817214232820e+03 1.115520171143714151e+03 1.064307671799788750e+03 1.006258294351410086e+03 9.454022974860754402e+02
1.002779469013641346e+03 9.718112444029748076e+02 9.372792121041702558e+02 8.975563364137353801e+02 8.551845604114047319e+02 8.102389165197167813e+02 7.632586819206744622e+02 7.142721689056887726e+02 6.633220745516025545e+02 7.151193761518716201e+02 7.699682523106089320e+02 8.285635721346286573e+02 8.908429324131718658e+02 9.525193707417301994e+02 1.010129046527209994e+03 1.057933110185164423e+03 1.086973441216095125e+03 1.084012344258380153e+03 1.050688738002885884e+03 9.997040753892846396e+02 9.396355453345021260e+02 8.759737160175643567e+02 8.126149270038425811e+02 8.712114868742226008e+02 9.338171011935504566e+02 9.967587261513143631e+02 1.057159413551020180e+03 1.109890008746751619e+03 1.147203259623477152e+03 1.157936855663027700e+03 1.148241845994506548e+03 1.135739107035839879e+03 1.126170185909313886e+03 1.101299544299576610e+03 1.057964018950553282e+03 1.003670601735514424e+03 9.440154033505359621e+02
1.036673371627592360e+03 9.950113928126397695e+02 9.504087834458387078e+02 9.036334634335762530e+02 8.556281602052533799e+02 8.067360494952462204e+02 7.572507181823126530e+02 7.074205416316098081e+02 6.576614655326570755e+02 7.094586490963207552e+02 7.643074352361718411e+02 8.229027066446099070e+02 8.850688752073766636e+02 9.464958720143638402e+02 1.003583461478740446e+03 1.050431066149173830e+03 1.077911265897260591e+03 1.072629779450409842e+03 1.037672757232153117e+03 9.856283132339142412e+02 9.249281676013091555e+02 8.609197823991290761e+02 7.975611425285890164e+02 8.561575507723014198e+02 9.193354680544198345e+02 9.822711950551540667e+02 1.041276954428568615e+03 1.090582791683558071e+03 1.121315503037009194e+03 1.120522840797022354e+03 1.098725070902896732e+03 1.076341767636790792e+03 1.085439178718506128e+03 1.079309074216070712e+03 1.046689419811985772e+03 9.975864552048715268e+02 9.397449493163601346e+02
1.049834619354243159e+03 1.000896828554304307e+03 9.503756872171843497e+02 8.994342301060197542e+02 8.486528955527287508e+02 7.982409579572539542e+02 7.483326222777975545e+02 6.991030263327411376e+02 6.520300578863920009e+02 7.038271200670418466e+02 7.586758130615958180e+02 8.172710317146431862e+02 8.793570820822045562e+02 9.405691590862654721e+02 9.971532909270703158e+02 1.043042066855724443e+03 1.068953068978827559e+03 1.061366998429957448e+03 1.024837433653025528e+03 9.718324094052632063e+02 9.106188843648060356e+02 8.463768885537294864e+02 7.830184335290259696e+02 8.416146579262748446e+02 9.049733380725400593e+02 9.682536699009477843e+02 1.025901642107894759e+03 1.071712948255277524e+03 1.095739654104359261e+03 1.083571392159664128e+03 1.044550149461800174e+03 9.974714206089741992e+02 1.040044573500890010e+03 1.053384998834600765e+03 1.033630871412753095e+03 9.904502635416777139e+02 9.349746671196572834e+02
1.052312354374721963e+03 9.982443292363143428e+02 9.436583967151972274e+02 8.902872398276660988e+02 8.384226828766055633e+02 7.879416089500927001e+02 7.386930801588803206e+02 6.916194675768281286e+02 6.464306989572637576e+02 6.982276369920493835e+02 7.530762337584340003e+02 8.116713954884024815e+02 8.737981817099854425e+02 9.349157368909171737e+02 9.910475676152154847e+02 1.035934874805986738e+03 1.060152551150072213e+03 1.050117379065906107e+03 1.011996785620036235e+03 9.581151064821093541e+02 8.965474917597059630e+02 8.322914498319810264e+02 7.689332055505401513e+02 8.310231438794106680e+02 8.944375125955613157e+02 9.565488975949215273e+02 1.012481304910980612e+03 1.054859331767175718e+03 1.072285318185581673e+03 1.056743221442399317e+03 1.015278006693589987e+03 9.599689667597143625e+02 1.006360585105123164e+03 1.027322461302154352e+03 1.017678489790842491e+03 9.802399397943967188e+02 9.275639669595230998e+02
1.049115498250298288e+03 9.911532593814949905e+02 9.325588254616799304e+02 8.777098268789595750e+02 8.259112394737143177e+02 7.766624593061868609e+02 7.295883697207816567e+02 6.843989759084978459e+02 6.408644269016039061e+02 6.926612387554588395e+02 7.475097362866325739e+02 8.061048370714032671e+02 8.685499503467689237e+02 9.298441418299504448e+02 9.855936296961331209e+02 1.029337104153849623e+03 1.051515351201286421e+03 1.038646686062687650e+03 9.988230949346176430e+02 9.441230435387908528e+02 8.823817240827274873e+02 8.184874079891752672e+02 7.552278994333574929e+02 8.184037915783173958e+02 8.820131871374385355e+02 9.433466353412999297e+02 9.974481060339124951e+02 1.036331754501455862e+03 1.047790545025467281e+03 1.028901908870719581e+03 9.845669641985342651e+02 9.257139139930079637e+02 9.732443183941715006e+02 1.001946872792239105e+03 1.000968238711446475e+03 9.686373905725130271e+02 9.187497048777654527e+02
1.045172740690896944e+03 9.856208048200670646e+02 9.270263222231536702e+02 8.721772866323346989e+02 8.203786983185038935e+02 7.711299588578993962e+02 7.240559417790703947e+02 6.788666418297564178e+02 6.353322036374112258e+02 6.871288881536186182e+02 7.419772835887522433e+02 8.005723195457278507e+02 8.639296795258859447e+02 9.260055841845160103e+02 9.813650276614993118e+02 1.023610128387385657e+03 1.042909829472030424e+03 1.026482232360682701e+03 9.847909421703226371e+02 9.292943753307878296e+02 8.674040297613611301e+02 8.039716648903153100e+02 7.418703794449540965e+02 8.052281544004404168e+02 8.687529067501141071e+02 9.293032020552649328e+02 9.816344454409085074e+02 1.017244425640889062e+03 1.023243433730752713e+03 1.000611877768463614e+03 9.544863800647343623e+02 8.954327258886949039e+02 9.471013230579825404e+02 9.809384802462913058e+02 9.850302134327995418e+02 9.567169223288075273e+02 9.093838896931661111e+02
