_codes/_figurecodes/_data/highRvar/steadystate/20mGeneral/topographic_elevation_depth20m.asc
ncols 200
nrows 200
xllcorner 0.0
yllcorner 0.0
cellsize 50.0
[rows 119 to 135 of 200, columns 74 to 110 of 200]
4.573913127519122099e+02 4.318622509226027546e+02 3.951982658806186919e+02 3.556515084299900877e+02 3.284333261175873986e+02 2.937341557753309758e+02 3.313089749932290715e+02 3.631315200540944943e+02 3.915927344946184121e+02 4.200334748031278878e+02 4.489150599989249031e+02 4.930893930204742333e+02 5.437137772816090546e+02 5.985752328056207716e+02 6.550762781948823203e+02 7.060402417968472264e+02 7.478076873535982259e+02 7.782732115439379186e+02 7.954092550004863824e+02 8.032987873403504864e+02 8.059124406145316470e+02 8.060354282440313227e+02 7.966073524324286836e+02 7.691924756232972413e+02 7.263260310249219174e+02 6.727507220226557365e+02 6.130495783107826355e+02 5.509718461215068146e+02 6.143245376904631030e+02 6.801783621230897552e+02 7.428407817939121287e+02 7.969764009852258368e+02 8.345306860486039113e+02 8.441109285699579914e+02 8.372458737377521629e+02 8.157955751522923720e+02 7.841266828513059863e+02
4.066465880555135186e+02 3.780291446223847629e+02 3.369583427363084525e+02 2.852171231785401346e+02 2.880520113659566164e+02 2.908872519139205224e+02 3.122764551104905877e+02 3.342753996728804964e+02 3.571250485127485490e+02 3.813752959853209745e+02 4.076441716342143877e+02 4.624894292655080221e+02 5.210801977123294364e+02 5.844324841480315627e+02 6.541422193418350162e+02 7.099705477583463562e+02 7.529309375280477070e+02 7.817046197335055240e+02 7.933761986005641802e+02 7.917905113692916075e+02 7.849030854940913287e+02 7.857715688490891353e+02 7.808031228568675033e+02 7.560992199811455521e+02 7.125752890809084192e+02 6.574598604906740320e+02 5.961183911266325595e+02 5.322541344571519630e+02 5.956068205780435392e+02 6.609471718362129877e+02 7.225844748140095817e+02 7.747143555142248488e+02 8.086155962312926704e+02 8.118608900915771756e+02 7.975187202763805772e+02 7.731575908616796369e+02 7.582639252944213695e+02
3.575304943119956533e+02 3.246915048060207027e+02 2.795484039871939785e+02 2.823825874096980897e+02 3.302028146289337087e+02 3.522991285111699540e+02 3.746883273506913952e+02 3.949354684807641434e+02 4.136875831258152516e+02 4.301830026380872596e+02 4.405844146293686663e+02 4.991752562561644595e+02 5.576057676749468328e+02 6.147335600109284997e+02 6.694652559487088865e+02 7.159952007337482200e+02 7.511478894115500680e+02 7.700820944641368442e+02 7.700671039045433872e+02 7.562579653264567696e+02 7.372302525299821809e+02 7.478399109982597111e+02 7.524622755818311362e+02 7.356337253781205163e+02 6.948935965592636421e+02 6.403535490407361976e+02 5.787491058608779895e+02 5.143983534301994496e+02 5.777510419644830790e+02 6.431898347523618895e+02 7.039116624168274257e+02 7.538155075179918185e+02 7.834798896152628913e+02 7.798461133346359020e+02 7.519733188812116396e+02 7.091704779618060002e+02 7.220340561439618341e+02
3.112947931866839895e+02 2.738819553813910375e+02 2.767149176676797424e+02 3.278014308064463762e+02 3.739087894428469099e+02 4.053056931314185931e+02 4.317326505124466962e+02 4.524500583595500984e+02 4.686864077780056732e+02 4.791867963564988600e+02 4.790677011761964081e+02 5.383869447480038843e+02 5.926688907857826507e+02 6.409235079467180185e+02 6.817079120567157133e+02 7.139944998778645413e+02 7.361281753881265786e+02 7.441071011270259987e+02 7.354173003212308686e+02 7.075726895888351464e+02 6.592103761443599979e+02 7.007285092137723268e+02 7.196011614903898135e+02 7.118418780817647757e+02 6.752093809340333337e+02 6.223714821727990056e+02 5.613932604655317391e+02 4.972849842877100173e+02 5.629936548626646982e+02 6.279368155679138681e+02 6.876635924138141718e+02 7.352561397124413816e+02 7.600009276619302909e+02 7.532512463809422343e+02 7.192098765393867552e+02 6.684204317912044644e+02 6.897769930244105581e+02
2.682184609536860762e+02 2.710498609069755389e+02 3.151588276336472632e+02 3.610829061935419872e+02 4.071621897103106562e+02 4.467719018689651307e+02 4.798031610009424526e+02 5.045232650372972216e+02 5.217671958830452468e+02 5.306569062392908336e+02 5.261384600523715562e+02 5.803826588412442788e+02 6.257251226870073424e+02 6.600043141552018824e+02 6.803676352066136133e+02 6.915918793465087901e+02 7.044192247089235934e+02 7.096104769629274642e+02 6.990223712263671132e+02 6.650395523142934735e+02 6.140233907285748955e+02 6.611888478135580272e+02 6.891089740707719784e+02 6.880972580440677575e+02 6.551786809526875004e+02 6.042901549572690101e+02 5.443112828374102037e+02 4.807589924019199543e+02 5.469815938331707912e+02 6.115680684483349978e+02 6.700223905908031838e+02 7.148800564426965138e+02 7.344767739529814889e+02 7.241018752596206696e+02 6.859325891966018389e+02 6.309240577459019050e+02 6.603405963691003535e+02
2.653882699584655711e+02 2.992962847043017973e+02 3.353425375908990418e+02 3.745624513430460638e+02 4.216816519561889436e+02 4.679239483765688874e+02 5.117299091973717964e+02 5.471682244817523042e+02 5.710913513988419936e+02 5.860209719170563858e+02 5.980901356748192939e+02 6.284890046735067699e+02 6.537739364629338752e+02 6.632278625598140707e+02 6.547996688518109067e+02 6.432295098675576810e+02 6.599669461971184319e+02 6.711388232377086069e+02 6.663204105487084234e+02 6.323815971262648645e+02 5.804496528254019267e+02 6.314771353798068958e+02 6.639616684981629078e+02 6.659413019529952180e+02 6.356983471402279520e+02 5.865797015356812381e+02 5.276622969097508076e+02 4.647581451408588578e+02 5.308248131283814928e+02 5.948056582548560982e+02 6.518745442491551785e+02 6.940732804326119094e+02 7.090204461520700079e+02 6.944906994870241306e+02 6.539559056390213527e+02 5.985792469972915342e+02 6.352071604725335874e+02
2.844386939923525688e+02 3.098870006364627443e+02 3.361564761145837110e+02 3.636727314587633373e+02 4.218956818843070664e+02 4.719714728739301677e+02 5.259906625416556381e+02 5.748791719195094174e+02 6.112746934894564674e+02 6.332434909780091630e+02 6.483830357091137557e+02 6.631263078826700621e+02 6.652822807198840565e+02 6.467310070407728517e+02 6.115245480161684100e+02 5.616480087777911194e+02 6.082694350456799839e+02 6.319640687650214659e+02 6.329469303525336272e+02 6.009053623195648015e+02 5.496970490204445241e+02 6.030921604562010998e+02 6.388248586750853519e+02 6.445283324643548895e+02 6.168771771649353468e+02 5.694360895019176496e+02 5.115272440270545644e+02 4.492306461826768782e+02 5.148942756273407895e+02 5.781439005393467596e+02 6.338966307289407496e+02 6.738356126450269130e+02 6.848782642970325014e+02 6.636539875270476614e+02 6.215370392185360515e+02 5.683022462707917839e+02 6.095445467254294272e+02
3.417247281453994106e+02 3.683238831890112692e+02 3.886325189376689764e+02 3.930679691338538646e+02 4.243222097858578650e+02 4.585720855030465941e+02 5.293396458791803525e+02 5.909309474814069745e+02 6.385021645687096452e+02 6.681784300990736938e+02 6.813523758567650930e+02 6.806639918870384918e+02 6.608684221448735343e+02 6.253260720486910031e+02 5.774309809844081656e+02 5.195831643637231991e+02 5.673658001706710365e+02 5.978596869304756183e+02 6.019612438216887540e+02 5.713980492619522238e+02 5.211040802799020639e+02 5.761355200927292799e+02 6.144789313880565942e+02 6.238927541978464433e+02 5.988661481425709781e+02 5.530388335125147705e+02 4.959946075186597909e+02 4.341328221831241194e+02 4.993140536870661208e+02 5.618218958031164902e+02 6.164610335049869718e+02 6.549448611029885114e+02 6.648952085437522328e+02 6.411225702176740242e+02 5.968339384357832387e+02 5.411167880659899083e+02 5.831991661008398751e+02
3.834081816569965895e+02 4.190251045198402267e+02 4.447546445551840861e+02 4.613457809817987822e+02 4.823713641230076519e+02 4.960683617168833166e+02 5.381330902067526267e+02 6.082316531319871729e+02 6.589774066289008942e+02 6.900708634258078291e+02 6.977536443126972472e+02 6.812442613415970527e+02 6.475462248179857170e+02 6.015624402777782507e+02 5.472053817306465362e+02 4.877993156309431697e+02 5.389770547483831251e+02 5.717962614959167240e+02 5.743851142488500727e+02 5.440179527941916149e+02 4.942359677485217730e+02 5.503476019476477177e+02 5.908517159409393571e+02 6.039749979582932156e+02 5.819339387302042041e+02 5.377153683546900993e+02 4.812699363656370224e+02 4.194274311110204962e+02 4.840986505680866685e+02 5.458593148106510853e+02 5.994225141935725105e+02 6.364270750820365947e+02 6.443953039083824024e+02 6.187303223556332341e+02 5.728637074053563083e+02 5.159246141261697858e+02 5.605481291682001483e+02
4.022274977245183436e+02 4.561396917627766925e+02 4.948901248661165369e+02 5.203026026013460523e+02 5.418243629306374487e+02 5.617544254091816356e+02 5.873778444401935985e+02 6.407666114961776884e+02 6.815830422617302702e+02 7.041928735385716891e+02 7.006350805105090558e+02 6.734050014557725490e+02 6.307625167339081145e+02 5.781581535225739117e+02 5.197889219261571725e+02 4.595809333801129810e+02 5.118246233588575933e+02 5.456348305857184187e+02 5.483416596992606173e+02 5.182208963494532554e+02 4.687884486698154092e+02 5.251164055115855263e+02 5.672248911971270218e+02 5.841580177548270285e+02 5.666741190190712132e+02 5.241525335009068840e+02 4.678975294212069684e+02 4.050823993575533564e+02 4.692256968778372652e+02 5.302289239120839284e+02 5.827113695384729226e+02 6.182068511782023279e+02 6.240845323218885596e+02 5.968363151493443866e+02 5.498100387238959001e+02 4.921039483637275680e+02 5.384200513988926105e+02
4.274116617284257700e+02 4.861298886656325067e+02 5.347050727137528838e+02 5.692525684675514412e+02 5.938630400834025522e+02 6.157550958895938038e+02 6.387452064833498753e+02 6.739463207242707767e+02 7.002872252075862889e+02 7.096228052740880230e+02 6.943898800624068599e+02 6.597923912961545057e+02 6.116233486357190259e+02 5.546933699645683191e+02 4.924601648626110091e+02 4.338692158366887384e+02 4.863645981128732387e+02 5.205697144391079974e+02 5.236001774235625135e+02 4.937477665204681330e+02 4.445385153951523307e+02 4.991997786936243529e+02 5.420616988558348339e+02 5.631588651968155546e+02 5.498734946029318280e+02 5.092996334614989564e+02 4.537688234240849283e+02 3.910341764419692936e+02 4.546554928073944097e+02 5.148918204187186802e+02 5.662778819686830047e+02 6.002678763728453077e+02 6.041460286549680632e+02 5.755507138966968341e+02 5.276525853966090835e+02 4.694338215961110450e+02 5.168697689023741759e+02
4.462846253147296807e+02 5.122618879007452506e+02 5.643147699940674329e+02 6.040145704256671024e+02 6.316733375675137268e+02 6.526885051073664954e+02 6.708372379910781547e+02 6.912935691822709714e+02 7.027923103092618931e+02 7.012248871287121119e+02 6.823206390268562700e+02 6.451066935105130824e+02 5.945875453820394796e+02 5.358241082650483804e+02 4.730833642621789181e+02 4.102538325063374032e+02 4.625656068031381665e+02 4.968324466062024953e+02 5.001035211019027429e+02 4.705429226208814271e+02 4.216893708256108653e+02 4.772045061227224778e+02 5.212080833739024683e+02 5.442878093308321468e+02 5.330261171607455708e+02 4.940352243410951019e+02 4.394645624042051963e+02 3.772632103196924049e+02 4.403659467419029738e+02 4.998093540312555660e+02 5.500431379267899956e+02 5.824991747760751650e+02 5.845042129851827895e+02 5.547970183925115180e+02 5.062803567535692650e+02 4.477476774180136090e+02 4.958607258144198227e+02
4.955296744735572929e+02 5.463533352031490722e+02 5.893617505835004522e+02 6.231949310467423402e+02 6.476978275546113082e+02 6.637242665458616102e+02 6.742886838789153217e+02 6.817895032082431044e+02 6.824482852517427318e+02 6.763097073009381575e+02 6.599067011893622521e+02 6.261263105945878351e+02 5.764817657712001164e+02 5.173697908647742452e+02 4.534764689707154730e+02 3.880937331431944699e+02 4.401031628342223598e+02 4.742678703634751969e+02 4.776765336953783958e+02 4.483836567419595553e+02 3.998489671152299820e+02 4.558945816379706457e+02 5.007331172691780239e+02 5.251783945447865563e+02 5.159418927345816428e+02 4.785621358620117576e+02 4.251596553702777328e+02 3.637520378267960268e+02 4.263654434140352123e+02 4.849587613419913055e+02 5.338724987534575348e+02 5.646138274738079872e+02 5.648663449587594414e+02 5.343633901198364811e+02 4.855404457961035973e+02 4.269161845805080020e+02 4.753811599958837064e+02
5.456655453245381295e+02 5.783105418519754721e+02 6.062143828653154287e+02 6.261413758377727845e+02 6.381983357098379201e+02 6.440525912501753965e+02 6.477493158046770532e+02 6.487747116201890094e+02 6.451066657771526707e+02 6.382259023328415424e+02 6.252599174052023727e+02 5.991069746221644436e+02 5.540512406156182124e+02 4.968689489816445075e+02 4.331713920838823242e+02 3.669896696081828509e+02 4.186446349291793467e+02 4.525931440230492626e+02 4.560743341530550765e+02 4.270754712555913670e+02 3.788826173358633014e+02 4.352022083203473812e+02 4.804711026199957473e+02 5.057627559433148576e+02 4.984049921930634923e+02 4.628093470047701317e+02 4.108523837894356916e+02 3.504849870296405925e+02 4.127630851658788629e+02 4.703985379631743626e+02 5.175645811874483115e+02 5.459368955975404560e+02 5.446047503167966397e+02 5.138992623963721371e+02 4.652625359691068638e+02 4.068364699648013243e+02 4.555049086520298829e+02
5.738323560541706456e+02 5.890436422497971307e+02 5.985883524644664249e+02 6.026130113614281072e+02 6.047440022135823483e+02 6.040420889086400393e+02 6.034490054479938408e+02 6.014469291510682751e+02 5.965554644643740403e+02 5.910810671951808217e+02 5.826127065858399874e+02 5.654275302443925284e+02 5.290533509796165390e+02 4.759055612703970155e+02 4.135208639820913277e+02 3.467905547808995834e+02 3.978952716996492995e+02 4.314296004630798507e+02 4.349485084597566811e+02 4.064163826612340245e+02 3.586835891474547680e+02 4.151046646869720007e+02 4.602056896822595604e+02 4.853796502657680776e+02 4.797999350365636246e+02 4.464746317960677970e+02 3.964528062821202070e+02 3.374479348600875142e+02 3.999833356190827089e+02 4.564227199981642116e+02 5.009074357714829944e+02 5.246857246878777232e+02 5.224119102552168670e+02 4.929311046622030403e+02 4.453392953284760551e+02 3.874250615364440478e+02 4.362910993748014903e+02
5.699088300352630085e+02 5.693356774070396114e+02 5.659866632975057428e+02 5.598121003111011760e+02 5.558372401880719735e+02 5.515160231966530091e+02 5.490911415401687918e+02 5.460693588220206038e+02 5.411411495655642057e+02 5.381440948367354622e+02 5.341846280630778665e+02 5.240312464745132957e+02 4.982134644222747966e+02 4.517785418139035301e+02 3.927280547366178212e+02 3.272724655955099138e+02 3.774754754323889188e+02 4.101531794839575582e+02 4.136673686249703792e+02 3.862047825649927972e+02 3.391655724317971590e+02 3.958907608123797672e+02 4.397722945751887664e+02 4.620896105498056841e+02 4.587099321575441309e+02 4.290266635575114833e+02 3.818809602516297446e+02 3.246016015264323187e+02 3.858508188697556989e+02 4.394574268536215413e+02 4.791329764083032501e+02 4.969249881162419342e+02 4.956208269835575493e+02 4.711255856992871145e+02 4.260266089977380375e+02 3.686130908307520713e+02 4.174851282959120908e+02
5.395819826858894430e+02 5.297183325964931555e+02 5.176614259130523124e+02 5.040248341469150546e+02 4.976938077485774556e+02 4.918877476109851727e+02 4.899116640359801522e+02 4.870927582647053100e+02 4.816139147825990108e+02 4.820598674265556838e+02 4.824823767640590972e+02 4.784864198342406212e+02 4.629550623138846959e+02 4.263766550964137423e+02 3.722018035956002109e+02 3.083644531862500457e+02 3.569385276903099680e+02 3.875540433238501805e+02 3.906994363339297252e+02 3.664642202086271823e+02 3.201602920561060159e+02 3.747651516020821418e+02 4.148579084747390766e+02 4.326411674853080740e+02 4.322141593200240663e+02 4.098893721894612554e+02 3.674248020668394474e+02 3.119370139845774474e+02 3.712466330204052838e+02 4.201704104420819590e+02 4.516019558575508199e+02 4.628433466522649837e+02 4.619591392890976067e+02 4.443480180739200023e+02 4.045696420421354560e+02 3.502562073838650463e+02 3.985245482358984646e+02
