_codes/_figurecodes/_data/lowRvar/nonsteady/20mGeneral/topographic_elevation_depth20m.asc
nrows 200
cellsize 50.0
xllcorner 0.0
ncols 200
yllcorner 0.0
[rows 119 to 135 of 200, columns 111 to 147 of 200]
7.379164593957655143e+02 6.818428550058224573e+02 6.208925306681643406e+02 5.586438903555991828e+02 4.971689358661857341e+02 4.385779088558264220e+02 5.010776032677580929e+02 5.592266693611645678e+02 6.074087537271701649e+02 6.377056349458429167e+02 6.404876605533140719e+02 6.260157364613544360e+02 5.868684443441096619e+02 5.309400796002208835e+02 4.615934266875750041e+02 3.918826828384746932e+02 3.950583097396454377e+02 4.491435634396808609e+02 4.965399686278435638e+02 5.399209364007751901e+02 5.783729701839969266e+02 6.093699732189472797e+02 6.307841191707660755e+02 6.413796707173790992e+02 6.476199493375138445e+02 6.596418549228729944e+02 6.764045295812647964e+02 7.018733330077214987e+02 7.312550607655726935e+02 7.615525423058708157e+02 7.896820385347488127e+02 8.318234485235686861e+02 8.791133525090207286e+02 9.290600641300970892e+02 9.792160298038434121e+02 1.026288414783777625e+03 1.065940019684474919e+03
7.248068489900350642e+02 6.745969918379074670e+02 6.156747628387603299e+02 5.532199828908234167e+02 4.902910514475827881e+02 4.284921531933314895e+02 4.907164997838349905e+02 5.467363146615003870e+02 5.903572665139218998e+02 6.121753804243461445e+02 6.086489383070467056e+02 5.945898626693050346e+02 5.606108448755990139e+02 5.108149485312315505e+02 4.518449669210247066e+02 3.887095720675260395e+02 4.234739059045197109e+02 4.651188883653825883e+02 5.062834131346949675e+02 5.442683667503999914e+02 5.777835565139087066e+02 6.041236123099929500e+02 6.239065397978346255e+02 6.381753970451741225e+02 6.489796041422357575e+02 6.581870484389847888e+02 6.646393861344849938e+02 6.946067286349174310e+02 7.293531791377992022e+02 7.668818476520484637e+02 8.065467564380757040e+02 8.513759262171435012e+02 8.996082420410001532e+02 9.488080544429370775e+02 9.958143874687029893e+02 1.036293772913710654e+03 1.064413850538480119e+03
7.047745230146791755e+02 6.621928620055193733e+02 6.064810590327879254e+02 5.448321404692119359e+02 4.814229860323812318e+02 4.185114231239689957e+02 4.789702495828638575e+02 5.315220039996694368e+02 5.689840114106389137e+02 5.809899635507505309e+02 5.715394940228420637e+02 5.553524712751433299e+02 5.263679303533035636e+02 4.859732840630699684e+02 4.390701423694058576e+02 3.855387192101453024e+02 4.282064835961131166e+02 4.664234992406456399e+02 5.009070823680409603e+02 5.296776913624498775e+02 5.542970958755439597e+02 5.739679239761793497e+02 5.918000054654551150e+02 6.072307346404871851e+02 6.199580828672582129e+02 6.281127930016614300e+02 6.247545279963831035e+02 6.690916813624049837e+02 7.137001925169405467e+02 7.598527986017420517e+02 8.081509776509274161e+02 8.589715918826376537e+02 9.104388652405618814e+02 9.599192303030001767e+02 1.003740878986191206e+03 1.036410557461992312e+03 1.049514551070891685e+03
6.835477200930216668e+02 6.476276336135612155e+02 5.953044740588507011e+02 5.349917887603652389e+02 4.717904201068731140e+02 4.086321561188509577e+02 4.666755399099014880e+02 5.147178266926822516e+02 5.445710812214452972e+02 5.462762592843116636e+02 5.301838525442730088e+02 5.093182790785965608e+02 4.788909189577815937e+02 4.428710788299832188e+02 4.167769495246796509e+02 3.823693669354012741e+02 4.199947294887715543e+02 4.481755303178127292e+02 4.716081484032039270e+02 4.911760225045033508e+02 5.099234494938626199e+02 5.265974522874215609e+02 5.435038832112171576e+02 5.599398095962570778e+02 5.752616748467713705e+02 5.875405823842993414e+02 5.905047741953349032e+02 6.397497867431139866e+02 6.915446078174588820e+02 7.449955077194682644e+02 8.009164985994419794e+02 8.587829547561553909e+02 9.137047221328672322e+02 9.627903337259175487e+02 1.002188865549483239e+03 1.025616251835701178e+03 1.023305015123567159e+03
6.629149088120864235e+02 6.326847695258092017e+02 5.835577381214631032e+02 5.247203611387865294e+02 4.619833328844698030e+02 3.988509877917851441e+02 4.547351887670945985e+02 4.973572224527633807e+02 5.167774111739523732e+02 5.089839983941483865e+02 4.862591667110755793e+02 4.592553043684526415e+02 4.221373819500146283e+02 3.729489284935100954e+02 3.760744820292707686e+02 3.792005088506488732e+02 3.932489620501918921e+02 4.075939481591568097e+02 4.222993121388922191e+02 4.373971210718818270e+02 4.529749206364963356e+02 4.690876676605436728e+02 4.858663168691468286e+02 5.034124409047045674e+02 5.217690093209205315e+02 5.410759665345427720e+02 5.615200321833065118e+02 6.133145725774365928e+02 6.681598997685929362e+02 7.267511805863960035e+02 7.901045574929630675e+02 8.584363058648914375e+02 9.150913658399203996e+02 9.611964591316334463e+02 9.938122442702533590e+02 1.006162255174341567e+03 9.920501583789873621e+02
6.436751498770840954e+02 6.184258247861799873e+02 5.722501385699240473e+02 5.147887795269163007e+02 4.524259915421112623e+02 3.891543402886905483e+02 4.409522236489245870e+02 4.766995134405886461e+02 4.852980855363159094e+02 4.699357661847712961e+02 4.415750047899201718e+02 4.090660995684944510e+02 3.667001935382020861e+02 3.698238474433827605e+02 4.133827662321284606e+02 4.328964370588014958e+02 4.480942063505082160e+02 4.624392050462418524e+02 4.771445853020703112e+02 4.922424109263029095e+02 5.078202213877447093e+02 5.239329705389626497e+02 5.407116154794991871e+02 5.595670247335652903e+02 5.755836036074218782e+02 5.877484409114954360e+02 5.909149489284012589e+02 6.417119621300425933e+02 6.981001690812697689e+02 7.558587278654180182e+02 8.134165057300964463e+02 8.689149807050565641e+02 9.166893500638229852e+02 9.534898406381967106e+02 9.752380496109730075e+02 9.799830943893866788e+02 9.655777159878626890e+02
6.245500274108071608e+02 6.054918912720158914e+02 5.622549800110451770e+02 5.059767475594886719e+02 4.436843502888233957e+02 3.795398166632646166e+02 4.262968028221039845e+02 4.540106510534333779e+02 4.520416980715924069e+02 4.300488303483471100e+02 3.973217017460327725e+02 3.604552493969583224e+02 3.635774865893100127e+02 4.240466888716276230e+02 4.634969975131350566e+02 4.879276131602137525e+02 5.056165553288003593e+02 5.210301125805840456e+02 5.357355006236398367e+02 5.508333299459510499e+02 5.664111403531643418e+02 5.825238875600924757e+02 5.993025316377766103e+02 6.171000983347300917e+02 6.303584967817243978e+02 6.362284524256668874e+02 6.244886159595046138e+02 6.619849615428048537e+02 7.253379980284018984e+02 7.820277407647339487e+02 8.325077576143223723e+02 8.762121059660365745e+02 9.104271081661852349e+02 9.320945475865148637e+02 9.430413401323871767e+02 9.469980006780807571e+02 9.407040939017939536e+02
6.038012218700602034e+02 5.904376543402050856e+02 5.502905124436962296e+02 4.955943367614150361e+02 4.339815281403060681e+02 3.699952676775563418e+02 4.114619527598761124e+02 4.285543251047279796e+02 4.171006407177591768e+02 3.895231449482805601e+02 3.542143219261280365e+02 3.573344328044865961e+02 4.220391325951175645e+02 4.795641495543039809e+02 5.182679428970892559e+02 5.450015426268130341e+02 5.647437224861446339e+02 5.818969071754610241e+02 5.977231263520910716e+02 6.131318940248663694e+02 6.285175044150582835e+02 6.440851695225587719e+02 6.599407711204032694e+02 6.759270621674065751e+02 6.876765334856270329e+02 6.939007329212892046e+02 6.941992818315237628e+02 7.071720432499648723e+02 7.605233422200903988e+02 8.076606267127585852e+02 8.449608734459429797e+02 8.722832966402047532e+02 8.869726504891197010e+02 8.934220363108980791e+02 8.978196041878671849e+02 9.058870054000866503e+02 9.123992248123173567e+02
5.844881653202747884e+02 5.746718591170555328e+02 5.371407521534306397e+02 4.841918189631831524e+02 4.237342474368518310e+02 3.605093474081047020e+02 3.942087775126824454e+02 3.996520597287109808e+02 3.802573490236869134e+02 3.479802449420654966e+02 3.510968136961042205e+02 4.138990277768556325e+02 4.763540741371014064e+02 5.329173629245457278e+02 5.736913008622418602e+02 6.025261284621963114e+02 6.240751911049824230e+02 6.426986374821141226e+02 6.593518382843409427e+02 6.748483439403049715e+02 6.897304610204301980e+02 7.043456885586667795e+02 7.188998703287177250e+02 7.334077601212316040e+02 7.441127776792687882e+02 7.512761575297637364e+02 7.572975976869362285e+02 7.713115962758161004e+02 8.007478082263486385e+02 8.280318171974336110e+02 8.436368046155236016e+02 8.483892495436316494e+02 8.450117264798086580e+02 8.403473278433614269e+02 8.394165549343293833e+02 8.558579301110312372e+02 8.758488248019383491e+02
5.647536544516322010e+02 5.580910288383726083e+02 5.229051118423548132e+02 4.718077462844232741e+02 4.129465401873344490e+02 3.510808594937722660e+02 3.753778060014132052e+02 3.686834067195420062e+02 3.417520473318473364e+02 3.448655597531937360e+02 4.030343719131005287e+02 4.635334250433766670e+02 5.241543486854443472e+02 5.806977648187572640e+02 6.256258133371785561e+02 6.574177202395743507e+02 6.809656368801471444e+02 7.009028561823735117e+02 7.180014146966526596e+02 7.330892262156961579e+02 7.468580754373959962e+02 7.598168537344719198e+02 7.723435321069038082e+02 7.847862302196352857e+02 7.936473646369008748e+02 7.998097065655744018e+02 8.051542325449139526e+02 8.131675423488718479e+02 8.244078029025801015e+02 8.274514427830549721e+02 8.192533812243702869e+02 8.060075025795255215e+02 7.891205663921584801e+02 7.766099005868644554e+02 7.697051847416613555e+02 7.986944226131702180e+02 8.321217549928044264e+02
5.448711183049659894e+02 5.405767069859745106e+02 5.072534372215320673e+02 4.579271515239413475e+02 4.011561229160911921e+02 3.417086494435187660e+02 3.537995705277945149e+02 3.355294762799414912e+02 3.386399414291033168e+02 3.911783473140013712e+02 4.467944319101668498e+02 5.045989119918939423e+02 5.628818911310503381e+02 6.187034977614848685e+02 6.676800448581501541e+02 7.048881976519376167e+02 7.312130876444194882e+02 7.523660799599966822e+02 7.692987138180774309e+02 7.830879916147646327e+02 7.946924677613193353e+02 8.048038541836162949e+02 8.139183677557034571e+02 8.225753926549097059e+02 8.278502533342616516e+02 8.306782366955493444e+02 8.315523345609112766e+02 8.301823676166573023e+02 8.220211075737096280e+02 8.038164726081555500e+02 7.780100791638087685e+02 7.514881237953539994e+02 7.230091817383330408e+02 7.070829012186034106e+02 7.063518862360842832e+02 7.401028340099027218e+02 7.835806050502977769e+02
5.248584637751513355e+02 5.218836819307115320e+02 4.894806047596821941e+02 4.412126240768347429e+02 3.867789185506277363e+02 3.323825671110392932e+02 3.293125071604441700e+02 3.324199441660737762e+02 3.801985590343048216e+02 4.308103906440230730e+02 4.840007728026407676e+02 5.390309876280927028e+02 5.945179541864049497e+02 6.482911310267867293e+02 6.974083021861688394e+02 7.385825305525980866e+02 7.688793541054487832e+02 7.908840231896538171e+02 8.065003337628603504e+02 8.174507654822348286e+02 8.252186556797740877e+02 8.306753898113400965e+02 8.341971398756738836e+02 8.353387841606992197e+02 8.346371384882405664e+02 8.322752075109760881e+02 8.270622894241278118e+02 8.165803051836651321e+02 7.962615582104380110e+02 7.648234700514983615e+02 7.252106614414224168e+02 6.906478814465419873e+02 6.532983410218015479e+02 6.437299555905821080e+02 6.477608016580082904e+02 6.852572230543335081e+02 7.345026024471382016e+02
5.048164021537439794e+02 5.020367838387701340e+02 4.689679171248346847e+02 4.192322210514444123e+02 3.644507553043577559e+02 3.231013888138236325e+02 3.262055451442664662e+02 3.698741818506238133e+02 4.162464912155556362e+02 4.651374719529580943e+02 5.161023172749027026e+02 5.683201665665409337e+02 6.204937136833058275e+02 6.707860925060471118e+02 7.168649047418716691e+02 7.561308176378822736e+02 7.864114013554240046e+02 8.076216945080536789e+02 8.196729788436747413e+02 8.251881197249884963e+02 8.266856873238336902e+02 8.251282671852347903e+02 8.209938803539486116e+02 8.143930375355212163e+02 8.094377000493564083e+02 8.042833054474897381e+02 7.964797609180142217e+02 7.827744388101612003e+02 7.582006035347868647e+02 7.185137957349907083e+02 6.632829572923079695e+02 6.286654008484457563e+02 5.899455585511070694e+02 5.851390197053647171e+02 6.154159889161209094e+02 6.772695332855756760e+02 7.292444086149961322e+02
4.851765441620496517e+02 4.821757398770061513e+02 4.471818004162200282e+02 3.910536063988728870e+02 3.170916168723751412e+02 3.200953505866236810e+02 3.603220990849853820e+02 4.034455357408073155e+02 4.492050174677038967e+02 4.970823079276671024e+02 5.463253606855790849e+02 5.958932608159965412e+02 6.443703781737951886e+02 6.899422062220515954e+02 7.304505800994872970e+02 7.632303576404508476e+02 7.856401072901561520e+02 7.980301536317346063e+02 8.021696089703202688e+02 8.022633785372672719e+02 7.987438235552291417e+02 7.918996156412708842e+02 7.822324746700139713e+02 7.709374805842670639e+02 7.643652171921434046e+02 7.589764469519456043e+02 7.516239861723172453e+02 7.391237076102870560e+02 7.170331593501521183e+02 6.800966318800569752e+02 6.140378273495555277e+02 5.688509645951759239e+02 5.313546591701608577e+02 5.576233656586633742e+02 6.164442196361835613e+02 6.713612070727783703e+02 7.165566227092749614e+02
4.665041417965630899e+02 4.647961405566001076e+02 4.314237867112147455e+02 3.783416751141127747e+02 3.140895565600650343e+02 3.468389723188358289e+02 3.864303109666641376e+02 4.299510412621523869e+02 4.758999431762962899e+02 5.231339765975936871e+02 5.705062211713184297e+02 6.166782448903908289e+02 6.599396108097490696e+02 6.982381377820568105e+02 7.295518178070052500e+02 7.502983658163037717e+02 7.610327778940112466e+02 7.659571572296870272e+02 7.648857614712406985e+02 7.610580016105335517e+02 7.539318838845380242e+02 7.431210311309013150e+02 7.288293910850314887e+02 7.130135041565370102e+02 7.077539027015859574e+02 7.043159818626287461e+02 6.993886394771949426e+02 6.906474271950805814e+02 6.755136741536845193e+02 6.527925191808053569e+02 6.093410061510289779e+02 5.614457071415314431e+02 5.099662771420172476e+02 5.597515819758766611e+02 6.121682034883391452e+02 6.595264155328358129e+02 6.936541931214339911e+02
4.482694994119583498e+02 4.489093310166554716e+02 4.189324515967474554e+02 3.701341680603787268e+02 3.110904186756944227e+02 3.558360391784626700e+02 4.015072029542682230e+02 4.482728086458503753e+02 4.954622407260538921e+02 5.420239482853806976e+02 5.866553762682705155e+02 6.278164184097722682e+02 6.632755360142133441e+02 6.902270035904550696e+02 7.082403336879260678e+02 7.171534185165228337e+02 7.201524819807586937e+02 7.201677467031138349e+02 7.160692060535840255e+02 7.100206968316750817e+02 7.007509246313785525e+02 6.871509385516861812e+02 6.684505935635107789e+02 6.440209900267039984e+02 6.455063301816375088e+02 6.455220971956568974e+02 6.436937254993732722e+02 6.390713842645645855e+02 6.307242522474003863e+02 6.201589447316270025e+02 5.904156948282237636e+02 5.448975113404459307e+02 4.895221895534091345e+02 5.457420187311204245e+02 5.962379643896521202e+02 6.361844152804470696e+02 6.584287306452980602e+02
4.289203653459317707e+02 4.320514764220186521e+02 4.068998385827329116e+02 3.630387944943465754e+02 3.080937795180075796e+02 3.590632821165724522e+02 4.094801351864528556e+02 4.588783165528683980e+02 5.063454680908141086e+02 5.505499739256227940e+02 5.898554669300165187e+02 6.227538966962390532e+02 6.458308441903672019e+02 6.598314654201874419e+02 6.684303112421874857e+02 6.705491409552910227e+02 6.691027755715866761e+02 6.666382869905585267e+02 6.613690424752547870e+02 6.547197191478724108e+02 6.447763866928473817e+02 6.298600020220287661e+02 6.087027558059304511e+02 5.806681085021020863e+02 5.838004423807142302e+02 5.862768458149096205e+02 5.870318719712300890e+02 5.856241342062523927e+02 5.819744892188770109e+02 5.795568619209888084e+02 5.618659790230541375e+02 5.228759885045855071e+02 4.697861033478585000e+02 5.269219559709856640e+02 5.732159060051203596e+02 6.030650083397166554e+02 6.155446871378906053e+02
