_codes/_figurecodes/_data/lowRvar/nonsteady/20mGeneral/topographic_elevation_depth20m.asc
nrows 200
cellsize 50.0
xllcorner 0.0
ncols 200
yllcorner 0.0
[rows 102 to 118 of 200, columns 74 to 110 of 200]
7.807165936043996908e+02 7.204891721913352285e+02 6.604823847321595167e+02 6.022540929387408823e+02 5.474093072572846950e+02 4.956146457737230548e+02 5.538082947990444609e+02 6.029504980024415772e+02 6.360895917757572988e+02 6.436443768670103509e+02 6.228100511358088625e+02 5.841280505704057759e+02 5.355504434731223000e+02 4.824281396504742361e+02 4.276385399735830219e+02 3.722847310647955510e+02 4.188614526462247909e+02 4.651828006574048118e+02 5.111227121571322982e+02 5.563993590694129807e+02 6.009437750952222359e+02 6.448999743464297580e+02 6.859436779472213175e+02 7.195366415848362749e+02 7.385388159702565645e+02 7.323530006341221679e+02 7.004114620085326806e+02 6.504943936677142347e+02 7.053382383085188394e+02 7.639273275681404130e+02 8.246637353811943285e+02 8.845916349017848006e+02 9.401788777697822752e+02 9.861358869486280128e+02 1.014723099018084440e+03 1.014777786586789716e+03 9.862772669179796594e+02
7.699216790395652197e+02 7.086437301872141461e+02 6.470398225505117580e+02 5.884496624339877826e+02 5.336047972370471371e+02 4.818101054577289233e+02 5.389502655311852095e+02 5.863600415575945135e+02 6.177983478458960462e+02 6.260163961363299450e+02 6.113961121598815680e+02 5.768786605672437418e+02 5.304859240650703214e+02 4.784283300221183595e+02 4.243102427063476512e+02 3.693190444736812879e+02 4.171746017980245256e+02 4.634356120052611914e+02 5.074641357649530846e+02 5.488804865804620476e+02 5.888716015022790771e+02 6.322875317952870091e+02 6.759426572564441358e+02 7.150540826910511214e+02 7.425473268533102100e+02 7.474830604896512796e+02 7.239057169392947344e+02 6.790867539670861106e+02 7.315393767207218616e+02 7.900941587335125860e+02 8.513584595966556208e+02 9.104822147873427411e+02 9.631513826447318252e+02 1.003428384090514101e+03 1.022873101987893961e+03 1.011018733999519100e+03 9.747132167812707166e+02
7.582264587538656997e+02 6.961380814565623041e+02 6.336223174814230106e+02 5.750320680587761899e+02 5.201871352379658902e+02 4.683924230389777676e+02 5.237381573669322279e+02 5.667059840144406735e+02 5.917557565743290979e+02 5.985291017794247637e+02 5.901772225954783835e+02 5.620297887211892203e+02 5.184635148128423907e+02 4.683621365104303322e+02 4.171496003330946678e+02 3.663563583373559709e+02 4.159797880043046803e+02 4.600049238367291196e+02 4.991606679530657402e+02 5.319233423196345711e+02 5.597314736405469375e+02 6.053445839304760057e+02 6.535573142642093671e+02 6.993145373383032393e+02 7.364440333920651938e+02 7.567581905085710332e+02 7.485525785713083451e+02 7.126595606128311147e+02 7.501546813154525353e+02 8.135052845442469334e+02 8.790067224591628019e+02 9.373536492275646879e+02 9.861783327411062601e+02 1.019182230808524082e+03 1.026074866832386533e+03 1.002706622966855889e+03 9.597636270516370587e+02
7.463786011304440535e+02 6.835752897781269439e+02 6.205294828467784782e+02 5.619391502385020658e+02 5.070941621818255385e+02 4.552994371313071156e+02 5.055203788421640070e+02 5.386205774406142837e+02 5.551448794969830942e+02 5.619531944148893672e+02 5.580871042431610931e+02 5.364359164826413462e+02 4.952276541395909248e+02 4.463876359742038176e+02 3.997251123038018932e+02 3.633952651732717527e+02 4.066456699902119567e+02 4.409775971216186008e+02 4.695395864552855301e+02 4.924708841826230241e+02 5.082337159996523610e+02 5.656142826695352142e+02 6.222266044231928390e+02 6.763320387228259278e+02 7.232557236692048264e+02 7.587513389384580478e+02 7.765651810264774895e+02 7.783111868470155059e+02 7.953400620489785524e+02 8.540810587973069232e+02 9.116232483451899498e+02 9.642666498708103973e+02 1.006707357767177427e+03 1.030721273560139480e+03 1.025081024163935808e+03 9.928643675349853766e+02 9.444642262637224803e+02
7.347418800590971841e+02 6.710619857856224826e+02 6.077102028637764306e+02 5.491197944449613715e+02 4.942747625031656753e+02 4.424800312141249492e+02 4.808851253163783213e+02 4.993781772967803363e+02 5.087682846183465699e+02 5.187867418176017509e+02 5.202647567881199393e+02 5.033584272203079877e+02 4.612724258631336056e+02 4.069028766788345592e+02 3.574887032763496677e+02 3.604345627464035715e+02 3.803979526229803128e+02 4.005967118706401493e+02 4.212963454771235661e+02 4.425408415653585052e+02 4.647008001972752709e+02 5.232916801833864611e+02 5.866439059918128578e+02 6.489653559485160486e+02 7.023068970181154782e+02 7.491053654410383160e+02 7.883775804274304164e+02 8.175394308227695319e+02 8.463736112056577667e+02 8.932310689286329080e+02 9.428280264780413518e+02 9.890316530831477166e+02 1.024321651892511227e+03 1.037734902984338760e+03 1.020015153321678667e+03 9.806933267338544056e+02 9.279791557736739378e+02
7.236739053098038994e+02 6.584981639851763475e+02 5.951463100327132452e+02 5.365558355236331636e+02 4.817107690360668357e+02 4.299160344547221939e+02 4.483072310297492322e+02 4.507930327622457867e+02 4.516318424014941684e+02 4.719555882799789401e+02 4.813202382470707903e+02 4.688051171568839095e+02 4.237367922138279255e+02 3.515993169877741025e+02 3.545438178012763046e+02 3.989589009266967992e+02 4.294630808993609321e+02 4.523925794440363575e+02 4.722443533941694227e+02 4.864264271974123517e+02 4.909695537612578846e+02 5.345024100350158278e+02 5.796888987395088861e+02 6.267592412780498989e+02 6.760034360552654107e+02 7.277969811360808308e+02 7.826409574490005525e+02 8.296367588268274176e+02 8.722158187204047408e+02 9.176148372635001351e+02 9.635878314561567777e+02 1.005189120516763296e+03 1.034385504479969086e+03 1.038796566086061148e+03 1.013719801749651083e+03 9.695989888047919294e+02 9.142435267054636370e+02
7.142947686002520413e+02 6.461502384373713994e+02 5.827982753179147721e+02 5.242077084214740808e+02 4.693626903096237584e+02 4.175679815020084220e+02 4.056172279081602028e+02 3.937286314952783641e+02 3.819212511014792426e+02 4.260172611128188578e+02 4.455779582738684326e+02 4.413089608667672223e+02 4.047219636730221168e+02 3.486559841556979791e+02 3.853393262784270519e+02 4.259517108880332898e+02 4.621516132677523956e+02 4.902969456049096948e+02 5.115879523072703137e+02 5.233837335971541052e+02 5.222236134682946158e+02 5.640960611962332223e+02 6.069893729485512495e+02 6.519524121797131784e+02 6.987139180343733642e+02 7.464415727873371225e+02 7.939559148845823984e+02 8.388873794493975993e+02 8.831964135364153208e+02 9.284545385063757976e+02 9.729864368924262408e+02 1.012044006840845100e+03 1.037276467833351489e+03 1.035619939526221742e+03 1.005952301745237833e+03 9.587662071395337762e+02 9.016903883337791967e+02
7.103908421066388428e+02 6.503205704131381708e+02 5.937966995629675466e+02 5.427011839174485885e+02 4.974977031582323548e+02 4.583909763455309303e+02 4.361979251860030899e+02 4.076398373588747859e+02 3.703280566838303685e+02 3.955053376949366566e+02 4.142510559159795775e+02 4.173501885221085104e+02 3.901238158291213836e+02 3.457138177681607658e+02 3.919274615100101755e+02 4.351811551422732691e+02 4.739324306588181912e+02 5.067265170243580883e+02 5.326241172490251756e+02 5.495029672528419269e+02 5.589820183367878599e+02 5.912915259387943934e+02 6.304278766428130893e+02 6.737673886575197457e+02 7.186779114442182390e+02 7.625160457607133822e+02 8.030734782342843801e+02 8.402804070090932100e+02 8.821554668445487550e+02 9.269700151300336302e+02 9.713716914648883858e+02 1.009795360061021825e+03 1.033392617247026237e+03 1.028709162901948275e+03 9.966056662759159508e+02 9.476946819056749973e+02 8.895789272231106679e+02
7.032526743580885977e+02 6.471196760947655093e+02 5.948065088320126961e+02 5.489784150103898810e+02 5.107133141253931399e+02 4.759902823771340081e+02 4.424155296232680143e+02 4.023056670469349001e+02 3.587723786303509428e+02 3.474513779335549657e+02 3.816103217862891483e+02 3.910900639637408744e+02 3.724316679896179494e+02 3.427732062841363927e+02 3.915665336320983556e+02 4.346407427376196893e+02 4.719905847481528554e+02 5.039726055269782137e+02 5.293107393507769984e+02 5.499396576176493454e+02 5.681072334599170972e+02 6.023553814480951587e+02 6.447979612570908330e+02 6.911121757931315415e+02 7.364918227434724258e+02 7.762557591759372144e+02 8.059114927775594879e+02 8.235382946524330237e+02 8.655911280248158164e+02 9.125929741932546904e+02 9.591785143378680232e+02 9.991366703197066954e+02 1.023402424302482245e+03 1.018488209000638903e+03 9.857548285285339489e+02 9.362062598027270042e+02 8.776153031340212465e+02
6.924794402139884824e+02 6.362427131692946887e+02 5.833868917227375732e+02 5.381662639756237922e+02 5.094224827256853700e+02 4.818721475754077233e+02 4.508214456704905615e+02 4.143636892316431499e+02 3.744911493802384257e+02 3.362838289380457013e+02 3.594478487798334072e+02 3.613382577668703561e+02 3.368944951307579458e+02 3.398335606058041094e+02 3.859015981067214511e+02 4.225282498372866939e+02 4.516866630878398610e+02 4.771347563214866341e+02 4.991754464877327564e+02 5.209238687033059705e+02 5.415579832151074697e+02 5.896332002253020619e+02 6.431112284287028160e+02 6.969993964981644012e+02 7.439475394060118560e+02 7.775945910459716970e+02 7.893492226546901520e+02 7.756098450292561211e+02 8.317428944668823760e+02 8.865702671123989376e+02 9.381989794366354545e+02 9.816775567672558509e+02 1.008512828270008981e+03 1.005620269904667452e+03 9.736959481845614164e+02 9.243692712370384470e+02 8.657490518850644321e+02
6.759365625430431237e+02 6.160184199722393714e+02 5.560742523685988772e+02 4.998237761577740912e+02 4.767775943578176339e+02 4.602571194185578634e+02 4.405377485143710032e+02 4.109159455061368931e+02 3.716656922178606237e+02 3.251982685337547991e+02 3.281169501037026066e+02 3.310360029219642684e+02 3.339558129187934696e+02 3.519742788242281790e+02 3.704191634876513035e+02 3.893267102423018855e+02 4.088443385695518373e+02 4.292884188073300606e+02 4.508239617335440244e+02 4.740456478554376076e+02 4.994931644793810506e+02 5.628455284807798762e+02 6.325552344707525663e+02 6.981456881470231792e+02 7.455253092779438475e+02 7.707554795328773025e+02 7.646302982653975278e+02 7.320764698374780437e+02 7.951264296875602895e+02 8.560048335505575778e+02 9.125368041430207313e+02 9.600435583868937783e+02 9.904119412788519412e+02 9.909954196944869409e+02 9.609161460634422838e+02 9.124491343472263907e+02 8.541004863407300718e+02
6.550736199615452051e+02 5.908214322561293557e+02 5.211114657937097263e+02 4.577589652149025596e+02 4.220080866481230260e+02 4.159725826111387050e+02 4.092095580155857419e+02 3.892899070861215591e+02 3.567364546593091745e+02 3.223339990564339814e+02 3.628047807774592570e+02 3.870192964688847042e+02 4.005643510121940380e+02 4.172305459958429878e+02 4.350841572032273916e+02 4.518012135403454295e+02 4.674352544406825132e+02 4.874254261047561272e+02 5.055434962420681018e+02 5.221372351573115793e+02 5.324333815005602446e+02 5.916573821708936975e+02 6.549998327050345779e+02 7.113156795670857946e+02 7.502081058679667649e+02 7.616978762010098762e+02 7.403910349530621033e+02 6.971026944089601329e+02 7.604559922748410372e+02 8.252582978641129330e+02 8.855044825247920244e+02 9.365966427700520853e+02 9.706684063332480719e+02 9.754878994269427039e+02 9.480114148046593527e+02 9.009023328631704999e+02 8.429813551905184568e+02
6.373312595288281273e+02 5.785415949895261747e+02 5.147226313492570853e+02 4.511602428245424221e+02 3.884342025083990393e+02 3.581568013532304349e+02 3.687430144219958379e+02 3.517992383020887246e+02 3.166067040701660176e+02 3.194700842699904229e+02 3.869464184603509693e+02 4.322323599518582569e+02 4.583792206047790501e+02 4.789973211676714300e+02 4.983359876437056641e+02 5.148447822215849783e+02 5.303141941845208294e+02 5.471566883722308603e+02 5.616648273802652511e+02 5.722446864940421847e+02 5.690221222697665553e+02 6.110865741593298708e+02 6.773862167618501644e+02 7.269189733479623783e+02 7.543318525127897374e+02 7.500944098196896448e+02 7.173336542204530133e+02 6.668255676171337427e+02 7.301786951110070731e+02 7.965500023698193672e+02 8.590347834940447456e+02 9.128406453582006179e+02 9.502743340544776629e+02 9.596322918014940342e+02 9.356069387615643791e+02 8.904513998915746242e+02 8.331384208445549575e+02
6.166008829754169938e+02 5.643971376383319694e+02 5.049386954969114072e+02 4.433315150280133707e+02 3.829640929864161762e+02 3.291714008765987955e+02 3.340804231978613643e+02 3.108813710847269931e+02 3.137436804745348695e+02 3.671713501982007983e+02 4.228076845375997550e+02 4.712518007708605410e+02 5.073357631847146081e+02 5.341458561135628997e+02 5.572885686521444768e+02 5.755212594159021364e+02 5.914945949643271206e+02 6.072192678470906912e+02 6.202062961749032866e+02 6.310648080948949428e+02 6.387316900225504241e+02 6.603308545228624098e+02 7.107709246580423041e+02 7.466126631940278457e+02 7.574594234289660335e+02 7.366095738234589589e+02 6.945514890196967599e+02 6.396400659544221980e+02 7.029930468943281312e+02 7.700111943634525460e+02 8.337234513116582093e+02 8.893318610856206305e+02 9.293887336437554723e+02 9.430053651916175568e+02 9.242597496995363144e+02 8.821128057366425992e+02 8.268983122601614468e+02
5.879315701291511687e+02 5.438661023337102733e+02 4.893900046855445680e+02 4.294882419993948020e+02 3.656565150331037444e+02 3.023019311249777274e+02 3.051603194534482100e+02 3.080195982901344678e+02 3.515541415298094421e+02 4.009391328685063058e+02 4.505604315998411380e+02 4.983282617226655589e+02 5.414718604233119095e+02 5.773806093109299127e+02 6.072939207862649482e+02 6.300650466413803770e+02 6.485268717399080742e+02 6.650873048078927923e+02 6.781603192708486176e+02 6.905122162532838956e+02 7.039552354016409481e+02 7.233143162535243391e+02 7.512432703263220901e+02 7.668640611926570045e+02 7.567616205223154111e+02 7.228122593260627582e+02 6.734461348495366337e+02 6.149339842280415951e+02 6.782868572205870805e+02 7.453899683687526476e+02 8.095775480949387202e+02 8.660394168715793057e+02 9.073866939167540977e+02 9.228021478553242787e+02 9.095943816963964537e+02 8.713670804909863818e+02 8.188280018197332311e+02
5.517303337173617592e+02 5.178696759351169021e+02 4.704756421724858342e+02 4.165099436428193940e+02 3.590561574453423077e+02 2.994511479619530405e+02 3.303536555884876407e+02 3.533402357853206581e+02 3.849695230687373737e+02 4.238289705736222004e+02 4.663195341603980637e+02 5.111977823719652179e+02 5.565917800844503063e+02 6.003953129235945880e+02 6.407006002986423709e+02 6.731050879831313978e+02 6.972777394177198858e+02 7.167267408887811371e+02 7.307417506657346848e+02 7.435613347811320182e+02 7.570325453814015191e+02 7.703377408161524045e+02 7.818835789130719149e+02 7.770241966675744152e+02 7.499549578605367515e+02 7.063579777619245306e+02 6.521204066273743365e+02 5.920848990670527883e+02 6.554377008794685935e+02 7.223410816203388549e+02 7.864433923646765834e+02 8.428977114380331841e+02 8.842919526582502385e+02 8.999161776381765776e+02 8.917066391054798942e+02 8.582469537725569353e+02 8.093486305034283532e+02
5.069933025389065619e+02 4.807393242673280724e+02 4.420709223755320636e+02 3.970278978819300164e+02 3.493916904317609351e+02 2.966014251070830596e+02 3.329006718766872837e+02 3.648143068882778834e+02 3.966245570922094430e+02 4.305732263819336367e+02 4.674591140033552961e+02 5.102467419506082820e+02 5.572207050689876269e+02 6.062514781447922587e+02 6.546615469431263818e+02 6.980775442583502581e+02 7.323274253139726397e+02 7.567450732844579306e+02 7.721349693256070168e+02 7.838091531293704293e+02 7.938625022450014512e+02 7.999145155911242000e+02 7.976306075075643776e+02 7.765966909894347054e+02 7.389099116233700215e+02 6.890140931684893530e+02 6.316278507168890428e+02 5.708404158592220483e+02 6.341931785122566225e+02 7.006503804907663380e+02 7.642029979981358565e+02 8.198490473660505131e+02 8.599929449319694186e+02 8.738799623963186605e+02 8.689613386124599401e+02 8.422073708635695084e+02 7.994064261509882954e+02
