_codes/_figurecodes/_data/lowRvar/nonsteady/20mGeneral/topographic_elevation_depth20m.asc
nrows 200
cellsize 50.0
xllcorner 0.0
ncols 200
yllcorner 0.0
[rows 17 to 33 of 200, columns 0 to 36 of 200]
1.962564622215667731e-05 1.522588737667555961e+03 1.520636542196108621e+03 1.515047698221351084e+03 1.504421189056081857e+03 1.491210068699508611e+03 1.473412908858213541e+03 1.453091389080056615e+03 1.427708472198946083e+03 1.398307526190564886e+03 1.364689599912861240e+03 1.329844267274767162e+03 1.294927709971677359e+03 1.260727998595663621e+03 1.233145426707402066e+03 1.220171785004242793e+03 1.205901162138965219e+03 1.183209789800939916e+03 1.152157598312469190e+03 1.113056106568213636e+03 1.082905852176181952e+03 1.072080298921600161e+03 1.063210552829439621e+03 1.053972466279383298e+03 1.043498681322933635e+03 1.034649680780470590e+03 1.026032784656875947e+03 1.016066488689685229e+03 1.006498411527169878e+03 9.960122383708260259e+02 9.875490337958076452e+02 9.812265918936190019e+02 9.735269473553881880e+02 9.649665121636190861e+02 9.559941883283066772e+02 9.469522142224628851e+02 9.382057101526021370e+02
8.870417849474765176e-05 1.466152164443431047e+03 1.463820295527379585e+03 1.458093775479682108e+03 1.448411007820284567e+03 1.437719249430164609e+03 1.424212216830371517e+03 1.410088226007411095e+03 1.392683678540013716e+03 1.373857634458577877e+03 1.350981148560042357e+03 1.326380576103236081e+03 1.301632034049854383e+03 1.278078939897296777e+03 1.257333942581485644e+03 1.241334510907496679e+03 1.224193672419836730e+03 1.201975761322767767e+03 1.176017659075653455e+03 1.148293373588563099e+03 1.128299813493976671e+03 1.115506537665704855e+03 1.106032612095977811e+03 1.097860569788206931e+03 1.089451724207669940e+03 1.083419140646173673e+03 1.077937356808935874e+03 1.070630920872157958e+03 1.063250826941870855e+03 1.054270879961663240e+03 1.046686003651799865e+03 1.040613722940789557e+03 1.032747295194805019e+03 1.023670127251081226e+03 1.013923362060448994e+03 1.003913444352736178e+03 9.939901648852637663e+02
8.648342005079859545e-04 1.410346878859777007e+03 1.406823143847103211e+03 1.399426236026601600e+03 1.388399374098777344e+03 1.378150491714729469e+03 1.366012581630585828e+03 1.354884321566121571e+03 1.341671190654996508e+03 1.328130448795579923e+03 1.311351794376106227e+03 1.292972442952406482e+03 1.274448925095459799e+03 1.257174914038341740e+03 1.242731944481576193e+03 1.228183069282258202e+03 1.212535927875770312e+03 1.194834559814917611e+03 1.175708549249003909e+03 1.156755019457933258e+03 1.141082915486580077e+03 1.129370227886902967e+03 1.121071009956803664e+03 1.115935218541232189e+03 1.113322881481244622e+03 1.113261255730022413e+03 1.114730320934818337e+03 1.113871536755385932e+03 1.111341317312032515e+03 1.105201326509563387e+03 1.098840464433591706e+03 1.092814264580836607e+03 1.084089866578683768e+03 1.073704760894968331e+03 1.062401124080231966e+03 1.050601259388632116e+03 1.038469077159169046e+03
9.455880894043803024e-04 1.357050452085931738e+03 1.351637836767700946e+03 1.341412846816125693e+03 1.326656143952876164e+03 1.316412585398729561e+03 1.303227062628057183e+03 1.293665742418727632e+03 1.282055293124192076e+03 1.270998587748755199e+03 1.257302617757821963e+03 1.242223700759680696e+03 1.227026152238613349e+03 1.212938297509027052e+03 1.201274317060195244e+03 1.188449754324387413e+03 1.174564584261778464e+03 1.159674437593056155e+03 1.144287082239249457e+03 1.129351728026190131e+03 1.116179672679922533e+03 1.105584465687404190e+03 1.098262980808787233e+03 1.095662479674328779e+03 1.100450250804167581e+03 1.109954453063018036e+03 1.125056874138420199e+03 1.137817288941829929e+03 1.144385769478261636e+03 1.143137770082982570e+03 1.138060641039822940e+03 1.130906780854421640e+03 1.119873388337289043e+03 1.106851993118672681e+03 1.092865271994294062e+03 1.078293458173260888e+03 1.062890820213689949e+03
5.504262918020571453e-04 1.307571007084135090e+03 1.299509571553949854e+03 1.286016942674726124e+03 1.268061547154179380e+03 1.255996240101410649e+03 1.239870511190154957e+03 1.230947610149738011e+03 1.218637707276620858e+03 1.208850501037508820e+03 1.196371530779799286e+03 1.182667916240117393e+03 1.168883868404996520e+03 1.156032325569087561e+03 1.145671421916497820e+03 1.133953583822760493e+03 1.121253368001551053e+03 1.107959227400880991e+03 1.094498444066520278e+03 1.081426019411247353e+03 1.069410971199363530e+03 1.059104006612043122e+03 1.051461018187583250e+03 1.048742568859447147e+03 1.056763880808662634e+03 1.072518561630842214e+03 1.102843406834057987e+03 1.133791796431248486e+03 1.154915023499382869e+03 1.161395409903919244e+03 1.156471529562374144e+03 1.144578108773698432e+03 1.128415375302066195e+03 1.110684246548053807e+03 1.092532930938648406e+03 1.074261157753584030e+03 1.055581403585239968e+03
2.498703769609288529e-04 1.262862814126338208e+03 1.250741199224858292e+03 1.233559052086736301e+03 1.213212958656588171e+03 1.198809506158248269e+03 1.181276305386203603e+03 1.170188242373813409e+03 1.155281771941979287e+03 1.145943608133735097e+03 1.133284527123106272e+03 1.119733531300288405e+03 1.106213558730954219e+03 1.093123577397871259e+03 1.083691100917887525e+03 1.072449815695725647e+03 1.060288447188438568e+03 1.047784092436694436e+03 1.035248848935815658e+03 1.022980948332430557e+03 1.011306820025922775e+03 1.000550612576819390e+03 9.911665305900140766e+02 9.843801716452716164e+02 9.933740036436042828e+02 1.008667240694045972e+03 1.063513602922133032e+03 1.112659959923418000e+03 1.144547891467589579e+03 1.154149702134082418e+03 1.145044226265924408e+03 1.125883261472725053e+03 1.104367297083413405e+03 1.082565179582576093e+03 1.061271943465374761e+03 1.040576564014907262e+03 1.020194379166438466e+03
7.594006686713683030e-04 1.223989363958893364e+03 1.204714641168314529e+03 1.183256883754287401e+03 1.161415537746736618e+03 1.144446900844009861e+03 1.126428628469836895e+03 1.112634938050814526e+03 1.096688644205833498e+03 1.085021256857976823e+03 1.070662003188406970e+03 1.056613586127588405e+03 1.043006852973044261e+03 1.029769377223847187e+03 1.020313509679909544e+03 1.008784785290471859e+03 9.965974820133018284e+02 9.844089516368450177e+02 9.722875026156247031e+02 9.603346411024047029e+02 9.486715924837295688e+02 9.373200077509866333e+02 9.259720322883109702e+02 9.146683797963243023e+02 9.208450780142671874e+02 9.615956333895384205e+02 1.034692748505997315e+03 1.090642078970129660e+03 1.125626945121398194e+03 1.130978093513235535e+03 1.112937448371631945e+03 1.086661555826861559e+03 1.060138414205501476e+03 1.035008370188402296e+03 1.011492854575509000e+03 9.893209336450588580e+02 9.681092066498063105e+02
1.091897551388000293e-04 1.193033512859386974e+03 1.159458075322964078e+03 1.134009511710294419e+03 1.112168467645829651e+03 1.092650358240377045e+03 1.074632343545949198e+03 1.057788207874072214e+03 1.041842119671593082e+03 1.026652053304918581e+03 1.012069980673761052e+03 9.980216791892116817e+02 9.844150282597144042e+02 9.711776036319952254e+02 9.582779810337925710e+02 9.456389718973824756e+02 9.332438038273246548e+02 9.210552050018545742e+02 9.090621200408895675e+02 8.972343256782570506e+02 8.855644581140022638e+02 8.740271567167947069e+02 8.626175283814993691e+02 8.513136555781436527e+02 8.842551994804356355e+02 9.539671586853818326e+02 1.020364237275295523e+03 1.074404593431528383e+03 1.106841088568193072e+03 1.102810911906984757e+03 1.068692752061776673e+03 1.034895520071421060e+03 1.003951371545479901e+03 9.764360510593248819e+02 9.516048237978499174e+02 9.286944897537506449e+02 9.071569143015559575e+02
8.037015496400921021e-04 1.226070620749176896e+03 1.207060572568696671e+03 1.185806652209265167e+03 1.163965294980731187e+03 1.147497598294941554e+03 1.129479317521195071e+03 1.112634946506946790e+03 1.096688655818078360e+03 1.081498420209518827e+03 1.066916207876935005e+03 1.056613590829036184e+03 1.046272006115121258e+03 1.034305668684138027e+03 1.022435176410416602e+03 1.009508080646474582e+03 9.967751097341388231e+02 9.825343634567707340e+02 9.680754217012959089e+02 9.510876544705353126e+02 9.326459774727643435e+02 9.094630520336104382e+02 8.797790399649677511e+02 8.404787985063957194e+02 8.927903251630668819e+02 9.528197678969875142e+02 1.012704797983058938e+03 1.063751146013395328e+03 1.094049909798942281e+03 1.082655516070520889e+03 1.018697383242976457e+03 9.751626223985604156e+02 9.409109003055002631e+02 9.123159328663303995e+02 8.871217146191328311e+02 8.640868003155429733e+02 8.425492914149760963e+02
9.642718589610660635e-04 1.267399820026083262e+03 1.255676611831222772e+03 1.238951626626703046e+03 1.218813472391092773e+03 1.205141029709327540e+03 1.188072933163830612e+03 1.171228313091207610e+03 1.155281783601590860e+03 1.140091323361344621e+03 1.125508902766460778e+03 1.118150006680174329e+03 1.108924075878964231e+03 1.097164392695245169e+03 1.084840839451503143e+03 1.070175754082423509e+03 1.054839376032822884e+03 1.036225792763820436e+03 1.015852570818545814e+03 9.903308009928060756e+02 9.597906424779845338e+02 9.223577659313421009e+02 8.792289064227929885e+02 8.297477532767146613e+02 8.874853841581718825e+02 9.468398279125292447e+02 1.005116682291297479e+03 1.056496084173086956e+03 1.091626867663053417e+03 1.096097839360293165e+03 1.066226546358643191e+03 1.032878034076968333e+03 9.995047740589844807e+02 9.709103627218390784e+02 9.503429571730235921e+02 9.297728027372527322e+02 9.088307353232822834e+02
3.787766585272986028e-04 1.314659388706555319e+03 1.307117243550074136e+03 1.294425241094246076e+03 1.277407999025623894e+03 1.265618600760214349e+03 1.250550034042848210e+03 1.234566640406258557e+03 1.218637719134079816e+03 1.203447058695883015e+03 1.188864437327165888e+03 1.180524413313908553e+03 1.170527748637033483e+03 1.157060852958007445e+03 1.142056442607589361e+03 1.123090615260533696e+03 1.101942408726470831e+03 1.075457294050684368e+03 1.044220391353748937e+03 1.006843368121199660e+03 9.653810534895092133e+02 9.200005704764719212e+02 8.711679558729927066e+02 8.191454540354203573e+02 8.774364179799524663e+02 9.366310832775282051e+02 9.949075839319598344e+02 1.048319664538401639e+03 1.090441198204373904e+03 1.112405998313624650e+03 1.105420682605085176e+03 1.084450996080122877e+03 1.057775290403514646e+03 1.033490257390163833e+03 1.013454282671322289e+03 9.937935722330435055e+02 9.723300436097546253e+02
7.736326058806656343e-04 1.366333508421706028e+03 1.361505443443202239e+03 1.352357065252859456e+03 1.339609761166746694e+03 1.327789273224854242e+03 1.313433941271491676e+03 1.297812995782881444e+03 1.281966036749736077e+03 1.266612221850835112e+03 1.252269394240076053e+03 1.240801501048645605e+03 1.227686559370515624e+03 1.209699539989132290e+03 1.188627870642468451e+03 1.161625310276815753e+03 1.129576296886050841e+03 1.091683733991917052e+03 1.050249740052036714e+03 1.005708820569106933e+03 9.588284381633121711e+02 9.100526679037783424e+02 8.598694517467328069e+02 8.087070958654110200e+02 8.662636999822365169e+02 9.249927037110406900e+02 9.836387747000630952e+02 1.039464168524270463e+03 1.087919057362171998e+03 1.122672179701335835e+03 1.135778703364904231e+03 1.128890176952131242e+03 1.110743394688378203e+03 1.091314392188373404e+03 1.072816789768948865e+03 1.052849775082893302e+03 1.028804701908017933e+03
1.722276499230039810e-04 1.420771506600067369e+03 1.417666283518580940e+03 1.410865348390117788e+03 1.400180814576576267e+03 1.388661386940866350e+03 1.374096973471609545e+03 1.357986663210804181e+03 1.341542414378451213e+03 1.325424515719600322e+03 1.309531660822176036e+03 1.294141199356507968e+03 1.275086288681005271e+03 1.248737388163880723e+03 1.216128325122840806e+03 1.177183362763794321e+03 1.134771705286984343e+03 1.089702439467363774e+03 1.042883167073058075e+03 9.947740959474406282e+02 9.457961651290785312e+02 8.963635667978064703e+02 8.471666493991756397e+02 7.984497506713266830e+02 8.532977400042917679e+02 9.108687582600239239e+02 9.695112564328243252e+02 1.027262299839497700e+03 1.080609327088825694e+03 1.124981613397089632e+03 1.154753123453942635e+03 1.164238192819803089e+03 1.156193054365029639e+03 1.142042517913951770e+03 1.124621332997735408e+03 1.102169003130341480e+03 1.072250470615163522e+03
9.397518368247348138e-05 1.475782229348834562e+03 1.473468793752213060e+03 1.467502560061335089e+03 1.456868676194810632e+03 1.444311579362643897e+03 1.427911502087060626e+03 1.409865135057560337e+03 1.391875881345802782e+03 1.374725929993099498e+03 1.356219784052941350e+03 1.334802193464759057e+03 1.305079603162661670e+03 1.266213845010114937e+03 1.222098232595439413e+03 1.174918639132486760e+03 1.126399048178045859e+03 1.077296705149777608e+03 1.028032444639141204e+03 9.788037388954944618e+02 9.297022391735841893e+02 8.806609627124447570e+02 8.335882416087299589e+02 7.883987852139996448e+02 8.401962546567493746e+02 8.950434554182367037e+02 9.536358497435589925e+02 1.013285278963116411e+03 1.070299291598365244e+03 1.121486511457848110e+03 1.162410446076911512e+03 1.187769552702747660e+03 1.191682142900499457e+03 1.182721292307313888e+03 1.164429216939223807e+03 1.134958402642420424e+03 1.095221071763359305e+03
9.028478329521575762e-04 1.528374233183221577e+03 1.525701509465638537e+03 1.518486425399491281e+03 1.505124958046186293e+03 1.488516349684130773e+03 1.467247144844886861e+03 1.444704788281924039e+03 1.423698042926723247e+03 1.407245317983599080e+03 1.386451952252836236e+03 1.356552266686088387e+03 1.316306589569532434e+03 1.268429575906214041e+03 1.215985579093624665e+03 1.162757926736941954e+03 1.110413282674686570e+03 1.059314600652702211e+03 1.009483126205993358e+03 9.608523731343667578e+02 9.133634888099215914e+02 8.670313352657359474e+02 8.221092645417879794e+02 7.785738057349008159e+02 8.303123425528916641e+02 8.842194824184321078e+02 9.409186538827295863e+02 9.998354527257571362e+02 1.059222915655219822e+03 1.115170503930206223e+03 1.163570449262210559e+03 1.199256419688107144e+03 1.215336527348435993e+03 1.210544765946868665e+03 1.187844536472124446e+03 1.150440576649479908e+03 1.103910539038565503e+03
5.859828017814026381e-04 1.574658543364279467e+03 1.569939536295378957e+03 1.558264837798806866e+03 1.537974586716956992e+03 1.511472204170333271e+03 1.480083606123025902e+03 1.448472262337412758e+03 1.420277831780058705e+03 1.413525217187524959e+03 1.394377808565389842e+03 1.361247692536117256e+03 1.316395655417193893e+03 1.262807368018116904e+03 1.202065138454269345e+03 1.143471596529125236e+03 1.088624422389553274e+03 1.036828366502399604e+03 9.875822870229928867e+02 9.405104625295712140e+02 8.953224213086156169e+02 8.517880053176346564e+02 8.097211713907123567e+02 7.689688292275383219e+02 8.182167600385141668e+02 8.700136357623537151e+02 9.248605106201924855e+02 9.834527840670198202e+02 1.046299173501374526e+03 1.105745755228962935e+03 1.158929095103378813e+03 1.201093440292347168e+03 1.225503467218824426e+03 1.223742065753727047e+03 1.197422837148478948e+03 1.155636912955931621e+03 1.104793403589744457e+03
5.061062423308134925e-04 1.610062572958795499e+03 1.600658223516615408e+03 1.579047545072367711e+03 1.546707911053402313e+03 1.508367301348577030e+03 1.466546632364087600e+03 1.423340707142781866e+03 1.379566135566198000e+03 1.395894071858804864e+03 1.390349265992504343e+03 1.361251436420365280e+03 1.316729325118017414e+03 1.262739208625530409e+03 1.203880996695789008e+03 1.144917610245475316e+03 1.088343621689340580e+03 1.034816668483215153e+03 9.840632886766147749e+02 9.356972007689658994e+02 8.893731136790289611e+02 8.447901120098456431e+02 8.016538136593242143e+02 7.595962863549291342e+02 8.088442733225150505e+02 8.606412689291636298e+02 9.154882613317347477e+02 9.740806001474417144e+02 1.036421227057729311e+03 1.097279373599930295e+03 1.153223943018709861e+03 1.199210345423633271e+03 1.227820869817695893e+03 1.228305507145803631e+03 1.200811761377865423e+03 1.156630979694136386e+03 1.103174320833362572e+03
