_codes/_figurecodes/_data/lowRvar/nonsteady/20mGeneral/topographic_elevation_depth20m.asc
nrows 200
cellsize 50.0
xllcorner 0.0
ncols 200
yllcorner 0.0
[rows 136 to 152 of 200, columns 37 to 73 of 200]
3.303860194027271291e+02 3.902754639480168635e+02 4.467547489639347873e+02 4.955469793594094767e+02 5.300306036388840312e+02 5.407680612027503457e+02 5.239247439028438293e+02 4.784423809575302471e+02 4.070123220695074338e+02 3.704229881826188375e+02 3.396698478875000546e+02 3.128010620509751334e+02 3.133811865722440757e+02 3.368544024039624674e+02 3.540579444560969478e+02 3.606007027372676248e+02 3.565743887500906908e+02 3.441842538773970546e+02 3.312186571017148253e+02 3.094359837606174324e+02 2.739476867111665115e+02 2.305692824701809513e+02 1.900491069804340896e+02 2.274491863980123867e+02 2.551315192558921865e+02 2.913118584313916699e+02 3.335494560082250359e+02 3.736552676587247674e+02 4.085456419946372080e+02 4.377775513222070458e+02 4.619796677598918677e+02 4.804956550447256518e+02 4.944960739649628181e+02 5.055392526088372733e+02 5.106696062803160316e+02 5.110990160968050873e+02 5.049347882806510484e+02
3.302043017671626330e+02 3.883866826202666971e+02 4.417484746030834799e+02 4.854983226138327836e+02 5.123614666945551335e+02 5.182669275920384280e+02 5.083852777240651903e+02 4.757225395187517165e+02 4.297684558857346246e+02 3.865012615275956591e+02 3.414260293496701024e+02 2.889798305450249813e+02 2.663092044612542395e+02 2.920642915429164646e+02 3.101219123758436353e+02 3.146519467369851668e+02 3.042809128901806162e+02 2.834185746336971192e+02 2.772689281550713645e+02 2.621245850642227992e+02 2.293822917139365529e+02 1.846626899620564473e+02 1.873553885308668896e+02 2.411801637894557473e+02 2.823742054393251237e+02 3.197246742806184443e+02 3.555156991131243558e+02 3.878935141060812271e+02 4.153866292378712046e+02 4.356409966853362334e+02 4.502153780125249796e+02 4.594008340205861032e+02 4.664605682877249251e+02 4.705499895796254464e+02 4.696837566267568604e+02 4.654842795854406745e+02 4.558414899081487306e+02
3.265795305589069812e+02 3.817545568419269557e+02 4.300627228813578427e+02 4.662376690862944884e+02 4.836137511631456505e+02 4.874119954901624396e+02 4.852406945719377518e+02 4.665832078767149369e+02 4.328039699603834265e+02 3.913691946040736411e+02 3.443974289437370544e+02 2.936801830150516253e+02 2.453426575256796127e+02 2.507052936728206305e+02 2.708858046810450446e+02 2.740699834484268536e+02 2.546338035597615601e+02 2.137069961872258830e+02 2.215247439773836220e+02 2.138366438227626247e+02 1.792787516893121165e+02 1.819702841030866693e+02 2.233019536136014551e+02 2.643355674394928769e+02 3.004172839575762168e+02 3.320271160197329436e+02 3.596420019107250141e+02 3.808097647758436324e+02 3.968595070937371361e+02 4.070470572449647193e+02 4.145800883224660538e+02 4.184035991833501384e+02 4.213429701926570488e+02 4.220482828612746289e+02 4.187953404874425019e+02 4.129569987570891385e+02 4.022650650090500903e+02
3.201338474560558893e+02 3.708937211277884671e+02 4.118833134664064346e+02 4.368053973155001017e+02 4.452254659518210929e+02 4.467090605691524843e+02 4.494533996827719875e+02 4.426155785874984758e+02 4.216995755652426396e+02 3.865553745870689681e+02 3.411255615341219709e+02 2.875655171037738569e+02 2.251436405339304656e+02 2.055176083208681348e+02 2.371191949686899818e+02 2.419375119166052741e+02 2.155910460266419477e+02 1.685191713091116981e+02 1.712079401032916337e+02 1.738974351749775167e+02 1.765876571648035451e+02 2.136889797718976638e+02 2.467596715066797515e+02 2.769090384296808907e+02 3.018509679806586519e+02 3.217356790652182781e+02 3.376803308112115474e+02 3.483374754609016577e+02 3.567205381724999711e+02 3.613060320587856040e+02 3.647764414790968317e+02 3.658787211859432205e+02 3.669896536295428291e+02 3.666013723512128877e+02 3.631607046970496526e+02 3.577620357665180109e+02 3.478468377643816893e+02
3.078203400889404406e+02 3.523127258276182943e+02 3.826785376470764390e+02 3.965173629720015356e+02 3.984430501916309026e+02 3.968886669275202053e+02 4.035806290062873245e+02 4.044883607649398982e+02 3.954284773558308643e+02 3.721098286079770787e+02 3.341140145847911640e+02 2.864720029319238961e+02 2.345347338010500664e+02 1.878955803819861785e+02 2.179515873291814216e+02 2.234389839858812365e+02 2.052260417364353486e+02 1.658335837695720727e+02 1.893600181947406611e+02 2.002477771301399514e+02 2.087519046856082525e+02 2.291652127524836260e+02 2.473070005063649432e+02 2.632299876062868975e+02 2.753678743399077007e+02 2.861329795554474913e+02 2.946451732014646154e+02 2.996743492090279233e+02 3.038653027044182977e+02 3.057654745274421657e+02 3.073900844179766523e+02 3.074846543632174303e+02 3.084031005711697162e+02 3.083296445653738260e+02 3.059903901470195819e+02 3.025238511669127206e+02 2.949957739496346676e+02
2.853490641295978776e+02 3.220788572513251324e+02 3.425660360447908488e+02 3.491434866743991847e+02 3.460604000902056328e+02 3.384926319693020673e+02 3.511169814027410894e+02 3.572460349242512621e+02 3.557800031897066333e+02 3.440868309685304780e+02 3.178485634437156477e+02 2.769889493345962705e+02 2.266062800486621427e+02 1.707124150101544160e+02 1.921509703742387956e+02 1.960579233210359007e+02 1.885925958051880684e+02 1.631484480467053118e+02 1.862133572630375795e+02 1.960940155676372285e+02 2.027940737483161229e+02 2.111999690991479497e+02 2.181714500722532648e+02 2.250951575131554137e+02 2.301946873462745202e+02 2.353252975585786260e+02 2.395610364200457525e+02 2.419862368576007157e+02 2.443727882481353220e+02 2.455819587968367159e+02 2.468514350157767581e+02 2.467608308031882984e+02 2.487450858912908984e+02 2.496999004561178594e+02 2.489706780530872265e+02 2.485607950564062492e+02 2.451053802849132808e+02
2.470550789234426645e+02 2.810108598993099349e+02 2.966610630331504126e+02 2.982445709155109057e+02 2.925664428326601865e+02 2.836465208201783526e+02 2.970361039385119284e+02 3.050472859331817972e+02 3.076709361379275833e+02 3.033918657547643534e+02 2.890615424397365132e+02 2.593677226748513931e+02 2.135181128441466285e+02 1.538019368790799035e+02 1.554671374465511633e+02 1.571323989055927655e+02 1.587977725008209688e+02 1.604632882924705086e+02 1.624387670864902589e+02 1.644146340089828300e+02 1.663909808830633494e+02 1.683677957804018490e+02 1.703450794602898384e+02 1.723228841416659520e+02 1.743012103587309980e+02 1.762801630107397841e+02 1.782597422328452694e+02 1.802400018968203597e+02 1.822209936941552257e+02 1.842027188832578020e+02 1.861852308544592915e+02 1.881685834262419235e+02 1.901528297327182884e+02 1.921380243199664335e+02 1.941241677999815920e+02 1.961109978085934813e+02 1.980984622626083365e+02
1.960239831953362284e+02 2.374678765197135988e+02 2.496326056157688527e+02 2.456632758161831589e+02 2.391618929628757826e+02 2.318509735540912402e+02 2.430561926831746007e+02 2.503962379819252533e+02 2.544332259078816492e+02 2.544426584240272007e+02 2.484249599676770117e+02 2.326481826214669013e+02 2.007365905409832010e+02 1.521400211530785498e+02 1.858712280154719565e+02 2.048092557002895262e+02 2.124508428527648221e+02 2.150250094171467481e+02 2.172850534125840056e+02 2.192609999970676427e+02 2.212373644733949618e+02 2.232141979097602018e+02 2.251914939226201113e+02 2.269252669050576117e+02 2.260970384687045680e+02 2.279652671812193319e+02 2.275059450127087644e+02 2.294861918866098165e+02 2.314672037266009852e+02 2.333493875679507426e+02 2.332572426171809639e+02 2.351497650508894708e+02 2.353408500049959855e+02 2.373260192214527535e+02 2.455209849225819312e+02 2.488419287471839425e+02 2.477041688213909936e+02
1.793525243018393382e+02 2.052124229855211297e+02 2.052322395807835562e+02 1.908080276636364658e+02 1.856703455297567871e+02 1.826053985500115857e+02 1.897565057687600074e+02 1.947195121505835971e+02 1.982223678603141650e+02 2.000598710467658634e+02 1.993163807744561495e+02 1.940846836024034587e+02 1.805219072709392094e+02 1.504781784112682601e+02 2.015865591059499025e+02 2.393472679874344067e+02 2.594063771723854188e+02 2.674166017882292863e+02 2.723925266355735744e+02 2.763138866624192360e+02 2.794273278126923401e+02 2.818060487569786119e+02 2.836279226730243863e+02 2.839316084054031535e+02 2.809431428052636761e+02 2.819008324084279593e+02 2.793013752138890595e+02 2.812817335576748405e+02 2.832627562031252069e+02 2.843978309228270973e+02 2.825030821784806676e+02 2.837633910182742056e+02 2.824124430686391065e+02 2.843977147607198503e+02 2.950680997670162355e+02 2.971939438705689440e+02 2.901224231645467739e+02
1.623271056817283977e+02 1.697053958981252606e+02 1.628983454300829408e+02 1.322160677972493659e+02 1.338747127388533045e+02 1.355336221988516741e+02 1.371929580329059775e+02 1.388526420112102073e+02 1.405126450671134535e+02 1.421729384888214724e+02 1.438334932876597634e+02 1.454942807955651176e+02 1.471552720857304735e+02 1.488164284187920430e+02 2.133833631351883753e+02 2.633134860280895282e+02 2.992555247181555274e+02 3.165604980313368628e+02 3.264334986955982458e+02 3.332390878415229167e+02 3.380937124999145453e+02 3.414903483581010732e+02 3.434714379736782917e+02 3.432923941711954399e+02 3.395350706630289324e+02 3.388225525455463298e+02 3.341475779663074945e+02 3.361279253062197654e+02 3.381089543387721505e+02 3.379807577247847235e+02 3.342987286438241767e+02 3.345476850469263468e+02 3.316584417542156871e+02 3.336436976007393582e+02 3.425930364457968835e+02 3.402396087565748530e+02 3.248636729310909459e+02
1.434585615292927514e+02 1.272414173857396236e+02 1.288994235532876473e+02 1.305576306066953407e+02 1.717696961988006876e+02 1.872441171690805675e+02 1.944623438709686809e+02 1.987660564577280979e+02 2.018516378315059399e+02 2.042886640420313142e+02 2.061240416347596920e+02 2.067441515001019070e+02 2.035598325357287877e+02 1.863135549580998145e+02 2.283789777750843371e+02 2.776248464808258518e+02 3.304445174134298782e+02 3.622163552722945496e+02 3.782527611047802907e+02 3.885044856022738031e+02 3.955959105344801969e+02 4.005394922534313764e+02 4.035158512643325253e+02 4.040199058283772047e+02 4.013183981030193763e+02 3.987177527016851855e+02 3.927393325102580661e+02 3.947196319016491088e+02 3.958036579987453365e+02 3.943203090148118122e+02 3.891447396108125076e+02 3.877953486338508355e+02 3.834539124672468802e+02 3.839553502064532609e+02 3.865695197554463221e+02 3.752771473823913766e+02 3.476923390612273579e+02
1.239257110152144037e+02 1.255835003829314900e+02 1.706362602649062410e+02 1.926451607330627382e+02 2.203544178219482887e+02 2.378344722589778826e+02 2.482388623333518751e+02 2.548778194544386224e+02 2.595597636258884222e+02 2.631277018352937489e+02 2.658414656441040620e+02 2.674721928188753850e+02 2.672830501592857786e+02 2.651721821106287393e+02 2.980800056198132211e+02 3.371323562223944919e+02 3.764935800936999613e+02 4.078615337573214674e+02 4.264568222736183998e+02 4.394258354539057905e+02 4.489383787815621076e+02 4.560675167258651186e+02 4.610676917082113278e+02 4.633689325591442980e+02 4.620772543166876858e+02 4.600794296372822600e+02 4.560925486494626853e+02 4.559917823751778769e+02 4.555218794983113071e+02 4.530121902666296592e+02 4.476822379295220458e+02 4.430225181782249706e+02 4.365586041688122805e+02 4.309920099256599428e+02 4.239506150556076705e+02 3.971785163987333931e+02 3.562905380299491753e+02
1.554419053742656160e+02 1.813920784776483970e+02 2.157507172764025540e+02 2.411904668451425664e+02 2.647942907459463413e+02 2.821423036110116414e+02 2.940239910376433841e+02 3.023450078492944044e+02 3.085615174245319849e+02 3.135498950472856450e+02 3.177951465751020805e+02 3.216585201594724595e+02 3.259887582613119434e+02 3.341125275906061916e+02 3.574665528916796120e+02 3.874285418520884718e+02 4.179476850869773443e+02 4.465475394068216133e+02 4.656825968502247974e+02 4.806144363491778222e+02 4.926915686924627948e+02 5.028354372763882338e+02 5.114211772713045434e+02 5.173130515397443787e+02 5.189249971739671992e+02 5.191782623184701606e+02 5.171145216263433895e+02 5.164664732774103868e+02 5.152502939616483673e+02 5.119356231453859891e+02 5.054610202642735430e+02 4.980397971310361527e+02 4.876006216006384761e+02 4.742785536610875283e+02 4.526841063346869305e+02 4.060437696380507191e+02 3.432228141240152013e+02
1.665517048047254320e+02 2.071524415954633298e+02 2.442289127060636815e+02 2.730528197873699128e+02 2.951195571671344169e+02 3.114856694102760457e+02 3.236263121849061122e+02 3.329472086982542010e+02 3.405206217917905178e+02 3.470851555810947957e+02 3.531852419385885469e+02 3.594196674494614285e+02 3.669043741808358732e+02 3.780385210276927523e+02 3.965421148057669711e+02 4.195068982483851414e+02 4.431019975258212185e+02 4.666947848350118306e+02 4.862288912958575793e+02 5.027560274757340153e+02 5.176895318091629861e+02 5.318718824398348488e+02 5.468067914654783408e+02 5.595041913774352906e+02 5.668582747675527571e+02 5.714760162656907596e+02 5.722359965415237184e+02 5.727707738050734179e+02 5.719466697052210975e+02 5.684865783971602013e+02 5.610391484478981283e+02 5.513884632827507630e+02 5.369018765151251955e+02 5.162428806868459787e+02 4.816260389883335051e+02 4.188623285114651935e+02 3.767971418086091830e+02
1.692172428936367510e+02 2.143322739734309721e+02 2.522795856415733056e+02 2.808737326903412850e+02 2.996674827876306040e+02 3.131793146131861931e+02 3.242922963449714189e+02 3.339661758869207802e+02 3.427239062893459050e+02 3.509667669461896367e+02 3.590720867215430872e+02 3.675046221973918819e+02 3.769778403636694861e+02 3.885614692915352180e+02 4.032618077479303338e+02 4.202776838483026722e+02 4.382574616655383011e+02 4.564848547234128660e+02 4.740303132182812647e+02 4.914771726269487431e+02 5.097140107669771965e+02 5.282421558807308202e+02 5.550789203873787301e+02 5.803486678609160663e+02 5.987315469502254928e+02 6.108705490542162124e+02 6.164621889490582589e+02 6.199271940989096947e+02 6.209640921636970461e+02 6.186642855408123296e+02 6.114586292727091177e+02 6.010518356864456564e+02 5.843015057481236454e+02 5.596484602742773404e+02 5.196765300080510315e+02 4.640493700686072316e+02 4.285921689522426732e+02
1.684396238212604260e+02 2.124447612737075985e+02 2.461423296287158564e+02 2.662799135853808252e+02 2.754389510490243538e+02 2.849366890737096583e+02 2.946591656258935927e+02 3.042170030177194917e+02 3.135284625257416451e+02 3.226871305744445522e+02 3.318734102061526414e+02 3.413458835565000413e+02 3.514656496214828394e+02 3.626712290518422037e+02 3.752685051595743175e+02 3.890369615712192513e+02 4.035447308860527755e+02 4.185750599154646920e+02 4.342652503532783612e+02 4.517408256574997836e+02 4.727556886971268000e+02 4.941741695089990003e+02 5.358871516853322419e+02 5.745215639237185314e+02 6.060840065439513182e+02 6.290317894532932996e+02 6.423103001825346610e+02 6.504000590280847973e+02 6.550539001299273423e+02 6.560372456763711853e+02 6.516055063471524136e+02 6.432537730805629508e+02 6.277456794310196528e+02 6.043506415082171088e+02 5.688525903623207114e+02 5.243717897979036024e+02 4.834375248015443276e+02
1.630730973157508288e+02 2.002840531243589908e+02 2.235571841868424201e+02 2.326323069118318188e+02 2.306384373084610786e+02 2.374910968819774837e+02 2.465260837181735951e+02 2.560602961893239922e+02 2.656878429889113136e+02 2.753512932579634480e+02 2.851014539265547683e+02 2.950389208470396056e+02 3.053011401040291730e+02 3.160384746449890372e+02 3.273443900925805110e+02 3.391753098602753198e+02 3.514342631330839026e+02 3.641517888164474357e+02 3.777672352023450344e+02 3.940397037461735295e+02 4.192588815603722310e+02 4.423793846352601804e+02 5.047701338412883842e+02 5.560245616019773252e+02 5.953522036264955659e+02 6.221902770443823556e+02 6.399763722934270618e+02 6.529104841631852878e+02 6.628969284531250423e+02 6.702365335102765584e+02 6.732354434712262901e+02 6.712189542087945711e+02 6.619880174739898848e+02 6.447806129438505423e+02 6.162446404696472655e+02 5.793817812720875509e+02 5.402919009263979433e+02
