_codes/_figurecodes/_data/highRvar/steadystate/20m_HalfMtrThresh_Diffusion_Tc1/topographic_elevation_depth20m_tc1.asc
ncols 200
nrows 200
xllcorner 0.0
yllcorner 0.0
cellsize 50.0
[rows 17 to 33 of 200, columns 74 to 110 of 200]
9.509251317204248153e+02 8.991219044621207104e+02 8.498707183487789507e+02 9.005253034193320900e+02 9.516951205307148030e+02 1.003226263751220586e+03 1.054483870533965728e+03 1.104931286805603804e+03 1.153610985675588609e+03 1.198889933789780116e+03 1.238840278266037558e+03 1.269872216554311535e+03 1.292831495359358541e+03 1.307116786219477717e+03 1.317089811428903204e+03 1.326389741271204230e+03 1.333957451500382149e+03 1.338882175818306678e+03 1.336723417656116453e+03 1.323461021866917235e+03 1.299078964149715375e+03 1.269545208693209361e+03 1.252050784604129831e+03 1.242747967120736121e+03 1.254978283925780715e+03 1.274241706203135891e+03 1.291589323144545233e+03 1.347314192478751465e+03 1.397799579962239477e+03 1.436863015700017513e+03 1.454718809803808881e+03 1.449241616460329396e+03 1.417766959202815087e+03 1.368845082968516863e+03 1.309177702523902781e+03 1.242881788724379930e+03 1.178873978676664819e+03
9.426388961795138357e+02 8.908360067274335279e+02 8.415850148182647672e+02 8.886614924319393367e+02 9.379141247680900051e+02 9.895354089655839971e+02 1.041897717574559010e+03 1.095196629910731644e+03 1.149105921424174085e+03 1.202011916740777224e+03 1.250663943182544472e+03 1.292515551592132852e+03 1.325831675314653239e+03 1.347356062802286033e+03 1.360434654480474137e+03 1.369410086365383677e+03 1.372784727893087620e+03 1.368337253323407595e+03 1.349670121671666720e+03 1.316303770954943957e+03 1.271847289097805970e+03 1.220172051070709585e+03 1.192281310605306317e+03 1.166721813717445002e+03 1.190448756503064487e+03 1.216629580244626140e+03 1.238531578411038936e+03 1.308221367024594201e+03 1.367293801606293982e+03 1.410208953433913848e+03 1.429113539002907828e+03 1.429993463937044680e+03 1.406306264846992235e+03 1.362299650070040570e+03 1.306154961349888936e+03 1.243852615663880670e+03 1.180723996294371091e+03
9.344730462957666077e+02 8.826704686341741990e+02 8.334196580570938977e+02 8.786117201099337990e+02 9.256893901470497212e+02 9.749437758291886666e+02 1.026751269276634503e+03 1.081613640087901103e+03 1.140226642867355395e+03 1.200572006023429367e+03 1.254904964031702320e+03 1.302131482360639211e+03 1.340484871063851642e+03 1.368572682122965034e+03 1.386917234650450609e+03 1.396890962158601496e+03 1.396180213146814140e+03 1.379955634035247385e+03 1.346743535349543663e+03 1.299339231522293630e+03 1.238478589677778245e+03 1.167368743414027449e+03 1.124599150129879263e+03 1.086573491677181892e+03 1.119364245367971535e+03 1.154899175498022942e+03 1.194090151145290974e+03 1.274793260817842565e+03 1.338338227392257068e+03 1.380454647856713109e+03 1.397302515203761686e+03 1.402256964301292555e+03 1.388712470236050649e+03 1.352420552571073358e+03 1.301325347506726757e+03 1.241948153801257149e+03 1.178905819481506796e+03
9.264275372042192203e+02 8.746252478799317487e+02 8.253746092181082759e+02 8.724507578277007269e+02 9.217028410524175115e+02 9.735073160410775017e+02 1.028365634217565685e+03 1.085458383925470343e+03 1.144446919322745771e+03 1.203369447017246557e+03 1.258207367851887739e+03 1.305504415672867935e+03 1.342086094484797286e+03 1.367114438080478976e+03 1.388599826179678757e+03 1.402194984299612997e+03 1.400373550551156768e+03 1.377945593363050421e+03 1.338517608532260510e+03 1.286898055577439663e+03 1.227687949842398666e+03 1.166791730915138714e+03 1.113050834026822940e+03 1.061574948895531634e+03 1.111869260258105669e+03 1.160854568120758813e+03 1.211264410182345728e+03 1.268836430177622788e+03 1.317986644702530612e+03 1.348550406598974405e+03 1.359269207005741464e+03 1.367417695200274920e+03 1.364401107312630984e+03 1.339550243782911139e+03 1.295332853474693820e+03 1.239880961748829122e+03 1.178842653043286191e+03
9.184913196212037292e+02 8.666892981966857405e+02 8.174388249926570325e+02 8.666213276144950441e+02 9.176928682596355884e+02 9.713076798273567647e+02 1.027737141420671151e+03 1.086495578366124619e+03 1.146285585155112585e+03 1.204697084062174099e+03 1.257831062176036085e+03 1.300562575896645058e+03 1.326380258537669533e+03 1.337508234863747020e+03 1.364117964089072984e+03 1.385230981405283273e+03 1.389928726936636394e+03 1.369727926585236673e+03 1.329090835866494672e+03 1.276024871092780131e+03 1.216575423314189493e+03 1.155633776249710081e+03 1.096659467344303266e+03 1.039177493605509426e+03 1.097883490563046735e+03 1.153984345434461375e+03 1.207267247318904992e+03 1.256036323341270190e+03 1.291328038921014468e+03 1.308289583419647215e+03 1.312948140606628158e+03 1.325234093987255619e+03 1.331156438418357538e+03 1.319656615945141539e+03 1.284765635898174651e+03 1.234778640810789511e+03 1.176351389701081871e+03
9.106544818366130585e+02 8.588527107126386682e+02 8.096023986761788365e+02 8.588527107126386682e+02 9.106544818366130585e+02 9.655097467151776982e+02 1.023486220336263045e+03 1.083942795352980738e+03 1.144424378554738269e+03 1.201856731024116471e+03 1.251485707964569656e+03 1.286085316115436399e+03 1.294636920154533982e+03 1.278464427672368174e+03 1.323170544029447683e+03 1.356432202553453408e+03 1.368666977793482147e+03 1.354239781447103042e+03 1.315179483985033585e+03 1.262043229960909002e+03 1.201938126653627705e+03 1.139578093223348105e+03 1.077678876576749644e+03 1.018399185079310200e+03 1.080421650297816996e+03 1.138802025383612090e+03 1.190800962310444675e+03 1.231727311206727563e+03 1.253724487988208239e+03 1.260546937717231231e+03 1.256455794373070376e+03 1.277078592928705802e+03 1.291836137057902306e+03 1.293092186557727246e+03 1.270951479928127355e+03 1.228142114337403427e+03 1.173436090884697251e+03
9.029129928685030109e+02 8.511114568865101546e+02 8.018613030616141941e+02 8.511114568865101546e+02 9.029129928685030109e+02 9.577678912595196152e+02 1.016372575051100966e+03 1.079744301020748253e+03 1.140877543207961708e+03 1.196874986939835253e+03 1.242205321184084141e+03 1.268028182384120555e+03 1.261791932872711641e+03 1.229310471912266166e+03 1.284914644008599453e+03 1.325924521876587505e+03 1.343692735251131808e+03 1.335087779155343469e+03 1.298449709685508424e+03 1.245854565855194323e+03 1.185287335616264727e+03 1.121772133327830034e+03 1.058144573645631453e+03 9.989020817276100388e+02 1.062221760787253061e+03 1.119952556889739981e+03 1.167806499712653704e+03 1.198468470876368883e+03 1.209790414562554588e+03 1.209538819307997073e+03 1.199512262846998283e+03 1.226429942017607800e+03 1.248152295513596528e+03 1.259264970661240568e+03 1.250808064266846941e+03 1.217196017634201326e+03 1.167579405746977955e+03
8.952630921654601934e+02 8.434617783550977492e+02 7.942117804947112063e+02 8.459208949739871741e+02 8.998513528899355833e+02 9.566943256617048519e+02 1.016383793830082709e+03 1.078022447381487837e+03 1.138045665278799106e+03 1.191881796528967925e+03 1.232462754404356929e+03 1.248728698380650030e+03 1.232217773731615807e+03 1.189748531716599473e+03 1.246097526023383807e+03 1.291564794811271213e+03 1.317791296081212977e+03 1.314753608277778312e+03 1.280557251765478441e+03 1.228702879247044166e+03 1.167934731192049185e+03 1.103753723620110350e+03 1.039583555573475905e+03 9.803652346198655323e+02 1.042116201692725781e+03 1.096086125988770391e+03 1.136846397957143381e+03 1.156922393995204402e+03 1.161800261814224086e+03 1.157834223886216250e+03 1.145841564708758142e+03 1.175229784906197892e+03 1.201607907461265768e+03 1.220852398168062336e+03 1.225110023753144333e+03 1.203677931119408868e+03 1.160474025233458406e+03
8.923285854501132235e+02 8.383624687619978886e+02 7.866457684093068110e+02 8.384455513980917658e+02 8.932978046115899815e+02 9.517312577207222830e+02 1.012411066457917286e+03 1.073800109152055711e+03 1.132724464264062817e+03 1.184065313239441593e+03 1.219721770526206001e+03 1.226987466513489153e+03 1.202208787112532718e+03 1.156800191386693541e+03 1.216585676735176321e+03 1.265813867082485103e+03 1.296228533341977936e+03 1.295412681311181814e+03 1.262886611799336606e+03 1.211640964372981216e+03 1.150700131939331641e+03 1.085984610135569710e+03 1.021849282105111797e+03 9.626455194218044653e+02 1.021509177496451798e+03 1.068846345565548745e+03 1.098817808322861083e+03 1.110440834488598739e+03 1.111522604499801673e+03 1.106374611516768709e+03 1.094877618671910113e+03 1.123572819262906251e+03 1.152547414818121297e+03 1.178500664816324161e+03 1.193375515609535114e+03 1.185026233906978405e+03 1.149517054228593452e+03
8.858075557105585176e+02 8.309555260324432311e+02 7.791559049471868548e+02 8.309555260324432311e+02 8.858075557105585176e+02 9.444082510596284692e+02 1.006233107059873305e+03 1.067776147955939905e+03 1.125754168706776227e+03 1.174715575078558231e+03 1.206117086235787610e+03 1.207095416037154109e+03 1.176788898656343463e+03 1.127397509689636536e+03 1.188849997932059978e+03 1.240655244573121081e+03 1.274324949174426138e+03 1.276894671971246225e+03 1.246240256433728064e+03 1.195548757809920971e+03 1.134233794971642510e+03 1.068863548468681984e+03 1.004762271761873080e+03 9.455666941714295035e+02 9.981494157561145357e+02 1.033802370909111460e+03 1.053216847512070672e+03 1.060232012740360688e+03 1.059921269313351104e+03 1.055544485451878018e+03 1.046173461053286701e+03 1.070697834498113252e+03 1.100625097480344266e+03 1.132784183703876806e+03 1.158674204022197046e+03 1.163586885152429886e+03 1.136637503518239328e+03
8.851751974971718937e+02 8.265900706233427400e+02 7.717396942264944073e+02 8.235391562781934454e+02 8.783909717096654504e+02 9.369913362070699350e+02 9.994682356807612678e+02 1.061131224050516039e+03 1.118107528929539285e+03 1.164634896278470478e+03 1.191930026562079775e+03 1.187052340519467407e+03 1.152465120302069408e+03 1.100204552750195035e+03 1.162716101607155224e+03 1.216501818929028786e+03 1.253240906690233032e+03 1.259956033674172431e+03 1.231702545113357701e+03 1.181550048627584147e+03 1.119166574684365060e+03 1.052263344923070008e+03 9.881884377580613545e+02 9.289968588084874455e+02 9.686229367964027688e+02 9.889386889615234395e+02 1.002142616542585870e+03 1.007698425742745485e+03 1.007701586884943481e+03 1.005585135525081569e+03 9.994067563917407142e+02 1.018752831801186744e+03 1.044798456189907029e+03 1.083356560733786864e+03 1.122541704938569410e+03 1.140556061609873041e+03 1.123806880292594087e+03
8.828708047469033318e+02 8.224658880817743238e+02 7.643906466378861069e+02 8.161899529236767421e+02 8.710415622331702252e+02 9.296416119444722881e+02 9.930075833390194475e+02 1.055049091321963260e+03 1.110727139191996230e+03 1.154381984688250895e+03 1.177172509401279513e+03 1.167010614522733704e+03 1.129075822779021792e+03 1.074750009056042927e+03 1.137766022257535496e+03 1.193145193901184030e+03 1.233139143080792564e+03 1.245348947105145498e+03 1.220911554057906869e+03 1.171776750558355616e+03 1.106748484588769088e+03 1.036133847839786995e+03 9.720789067898456324e+02 9.128880879426977799e+02 9.306283933755084945e+02 9.347783945489247799e+02 9.470949654611297319e+02 9.544044596804432103e+02 9.552911876678858789e+02 9.567449463641382863e+02 9.543515491878026751e+02 9.691893064433724021e+02 9.889842756418261160e+02 1.033049482720687138e+03 1.089497551497890299e+03 1.117313648554435758e+03 1.109120580575524400e+03
8.781962725906241758e+02 8.156989384241618382e+02 7.571027603226212932e+02 8.118029169410735904e+02 8.691006784983447915e+02 9.294728603885827170e+02 9.914020811298886429e+02 1.051366341430118609e+03 1.104520470390750006e+03 1.144218877960972804e+03 1.160633869666275132e+03 1.146352843190183194e+03 1.106243837008099263e+03 1.050711459578561289e+03 1.113178595002764723e+03 1.169661916297830658e+03 1.213097992697988047e+03 1.233122847305044843e+03 1.216194019181900785e+03 1.171098187512487812e+03 1.107981380992373715e+03 1.031639726858226823e+03 9.611548779258374680e+02 8.971481857596631926e+02 8.819804872787298109e+02 8.668977906593288481e+02 8.900422751778170323e+02 9.027506257186469156e+02 9.025755270775432564e+02 9.094672696467375772e+02 9.108532219961164174e+02 9.218452899407302539e+02 9.540650798359627061e+02 1.021227337706108187e+03 1.073174945237735983e+03 1.101323831412381196e+03 1.095394344912018823e+03
8.739442561753135124e+02 8.113937218591702276e+02 7.498704556334992049e+02 8.047203428644870655e+02 8.633179118655277762e+02 9.260968641305204301e+02 9.877968541624750287e+02 1.045784172852366964e+03 1.095378227035432928e+03 1.129659820276476466e+03 1.139336670667968747e+03 1.123974571911467592e+03 1.083525314833061884e+03 1.028035578344592295e+03 1.090805525289234765e+03 1.148685454721899532e+03 1.195436616592277005e+03 1.221635557568669128e+03 1.213708561035028197e+03 1.175964323696531210e+03 1.120823495050938163e+03 1.057697069129352030e+03 9.964151891296363601e+02 9.422336280847705439e+02 9.030523912042890515e+02 8.519849724466341740e+02 8.371544953236026458e+02 8.572913493450296301e+02 8.524547245796536572e+02 8.649600753090925309e+02 8.688409774188035044e+02 8.945634213312694101e+02 9.593336050405422384e+02 1.017967796992359126e+03 1.063448554379929419e+03 1.087885130570703495e+03 1.081894913773819098e+03
8.675727374646455701e+02 8.050458382867176397e+02 7.426885191081245239e+02 8.008232003531782084e+02 8.614587731081734319e+02 9.234224138186748405e+02 9.837750611764417954e+02 1.038874417791113274e+03 1.083500685938684228e+03 1.109882690334010249e+03 1.113423380236331923e+03 1.099303809173760555e+03 1.060519589680826357e+03 1.006494976605073134e+03 1.069740674915078898e+03 1.129022154969826943e+03 1.178893066675807404e+03 1.210855596969821590e+03 1.212294104397546107e+03 1.182332879197919738e+03 1.134056691205141760e+03 1.077214105614798200e+03 1.019037281885249058e+03 9.636118079431856813e+02 9.127643593679287051e+02 8.638778017786939927e+02 8.225683765808358885e+02 8.235584467508651869e+02 8.045967712858149525e+02 8.246490642039158274e+02 8.463091700187413835e+02 9.088027536883005268e+02 9.672726286668070088e+02 1.018282540864800694e+03 1.056035300994860108e+03 1.073333022788781591e+03 1.066995612143118933e+03
8.600643328732136297e+02 7.979562429456962036e+02 7.355520551877492608e+02 7.941477304612641319e+02 8.567704769112410759e+02 9.184134074965362515e+02 9.764845629227452264e+02 1.026901832624218969e+03 1.064087224352762405e+03 1.080953893978448832e+03 1.081594358658438068e+03 1.071308896454802607e+03 1.036790114668193837e+03 9.859200426667244983e+02 1.049308414078526312e+03 1.109644892753037539e+03 1.162261999385675836e+03 1.199641667697648018e+03 1.210402618208521289e+03 1.188090255308309452e+03 1.145259144619994458e+03 1.091751400470707949e+03 1.034070289249180860e+03 9.753374474990316685e+02 9.161266057668403846e+02 8.606946569943810346e+02 8.083270632588455555e+02 7.944070619114395413e+02 7.857249006661652402e+02 8.287290753952601108e+02 8.714621650907222374e+02 9.226337478934601677e+02 9.729879766261510667e+02 1.015577893130209986e+03 1.043782231161780146e+03 1.052094484079737413e+03 1.048323336980136219e+03
8.520890444573039986e+02 7.906166079038889620e+02 7.284601182188831672e+02 7.902311582688846556e+02 8.526040640247158535e+02 9.128185396645919809e+02 9.671690772633915003e+02 1.010485016258719952e+03 1.036388873978346055e+03 1.044217376206910558e+03 1.043395387010072227e+03 1.037935966590910539e+03 1.012021673465297908e+03 9.661801601259342078e+02 1.028695875855509485e+03 1.089405955828241986e+03 1.144146273163044043e+03 1.186314380713993160e+03 1.206400814872736646e+03 1.192914034654234683e+03 1.154888793615082250e+03 1.103876808972788922e+03 1.047185504916996024e+03 9.890560724127650474e+02 9.319104707828456640e+02 8.778115647038445104e+02 8.273531957581681127e+02 7.808196583632696957e+02 7.675141460786016978e+02 8.229750216509742131e+02 8.756161783306936286e+02 9.270677382192977802e+02 9.734039324688030774e+02 1.008371725417728385e+03 1.024353247168616235e+03 1.022838601699291303e+03 1.022967597068071768e+03
