_codes/_figurecodes/_data/highRvar/steadystate/20m_HalfMtrThresh_Diffusion_Tc1/topographic_elevation_depth20m_tc1.asc
ncols 200
nrows 200
xllcorner 0.0
yllcorner 0.0
cellsize 50.0
[rows 51 to 67 of 200, columns 148 to 184 of 200]
1.436537185598277119e+03 1.451012620585134982e+03 1.465022573047823471e+03 1.475648207844407580e+03 1.478105379064865929e+03 1.466052571112859596e+03 1.435966985402566479e+03 1.392312939742240360e+03 1.340074192294892555e+03 1.283300340910908517e+03 1.225058120595569790e+03 1.168204910704798749e+03 1.113511763874111693e+03 1.061716979429080993e+03 1.012471817572984833e+03 9.654007498693613343e+02 9.202134703408146379e+02 9.832904774038928508e+02 1.046001269665914833e+03 1.105080015676838229e+03 1.155178784018022270e+03 1.188000582826285381e+03 1.191198918542486354e+03 1.162907993083380688e+03 1.115918508122521871e+03 1.058909691924461640e+03 9.975458965574767944e+02 9.353556396102816279e+02 9.971794425646841091e+02 1.057881688976690839e+03 1.113882219604978218e+03 1.159720891107178659e+03 1.187390697513126042e+03 1.185442786651272399e+03 1.155189163940257913e+03 1.107908950963859525e+03 1.051233187149723790e+03
1.401238525834205575e+03 1.418423740219777073e+03 1.433772436768598936e+03 1.445823974699628934e+03 1.452288855321336996e+03 1.449898441462374421e+03 1.429402577762650481e+03 1.390552539308915811e+03 1.340227777580370685e+03 1.283661397301357056e+03 1.224670883543832588e+03 1.165977857731644008e+03 1.109488889808597150e+03 1.055940710089951381e+03 1.005076410629769271e+03 9.564187476968905912e+02 9.093638600461908936e+02 9.721739677464667011e+02 1.034468318203302033e+03 1.092948303013535224e+03 1.142343162126721836e+03 1.174623771745434169e+03 1.177923252733942718e+03 1.150389468604841113e+03 1.104228380656544914e+03 1.047834551952859556e+03 9.868119463692070212e+02 9.247677952262769168e+02 9.864778301398451958e+02 1.046551378122398546e+03 1.101184033853463689e+03 1.144914413801853243e+03 1.170247148878079088e+03 1.168244482701027891e+03 1.140376446368702545e+03 1.095634894697767095e+03 1.040867627525577518e+03
1.350089319605892115e+03 1.369407017841926972e+03 1.386678542696609384e+03 1.401270401012280900e+03 1.412651128271836342e+03 1.420180455093233377e+03 1.413200001267289053e+03 1.382619559443553499e+03 1.336267890900498287e+03 1.280947779671964781e+03 1.221396233824224055e+03 1.160295996935721178e+03 1.101704872937533310e+03 1.046859519515995316e+03 9.950646858470412326e+02 9.458193368677153785e+02 8.987479012937535572e+02 9.612523570442230039e+02 1.022960533689300178e+03 1.080457372116732586e+03 1.128529554896898389e+03 1.159577195726170203e+03 1.162835734717516516e+03 1.136929887886275537e+03 1.092308890209506217e+03 1.036936879894502681e+03 9.763571288570303750e+02 9.143298931317225424e+02 9.764646976663442501e+02 1.035689366851612931e+03 1.088029286417632420e+03 1.127772778858358379e+03 1.146841609705489418e+03 1.144410099725321743e+03 1.122176277762558811e+03 1.082094352387378649e+03 1.030495985359109454e+03
1.291437289047664308e+03 1.312315158384289361e+03 1.331301095487971452e+03 1.347946164058258319e+03 1.363004561069310967e+03 1.381753994951664708e+03 1.389314751012731904e+03 1.370941573794727219e+03 1.330256577721965414e+03 1.277218463279434900e+03 1.218373422175053747e+03 1.157904942642492870e+03 1.098758458438649996e+03 1.042262919718256626e+03 9.886354339869769774e+02 9.375557900238288767e+02 8.883496201935054160e+02 9.506379399187676427e+02 1.011570115284184112e+03 1.067468351149084810e+03 1.113047763221015884e+03 1.141146751667890157e+03 1.143562923437077188e+03 1.121867860391354498e+03 1.080146568310336079e+03 1.026539408961055415e+03 9.665768955940121714e+02 9.040223370033614856e+02 9.655143139184309575e+02 1.022652518788411612e+03 1.070725741346001996e+03 1.103677420403071665e+03 1.114350729652076325e+03 1.110413028634993225e+03 1.094347176219864195e+03 1.062957621743059917e+03 1.017877287285842158e+03
1.230272567209026420e+03 1.252192209484769819e+03 1.272595150983047461e+03 1.290089390770513319e+03 1.304052922503833315e+03 1.337732103978762552e+03 1.359669059365150133e+03 1.354309993900297286e+03 1.320162645702920827e+03 1.270052074968205488e+03 1.212252679012784483e+03 1.151858248521645010e+03 1.091914303047786916e+03 1.034028863659911167e+03 9.791834140782581244e+02 9.273883106391538149e+02 8.781424838156825672e+02 9.407503689727431038e+02 1.000690294166546096e+03 1.054063451997341645e+03 1.095173996852035998e+03 1.116008172331631840e+03 1.115823314286283221e+03 1.099954034177811991e+03 1.063685670911493389e+03 1.013793715932342025e+03 9.557576642054494869e+02 8.938275696812573869e+02 9.546924029951181865e+02 1.008553333892748583e+03 1.049816046472325297e+03 1.071586706522688928e+03 1.074092337422493301e+03 1.067447829502716786e+03 1.054346776664046047e+03 1.031966150855310161e+03 9.999298058654469514e+02
1.169213442946464511e+03 1.191883664733714340e+03 1.214086402616249188e+03 1.232518622831345738e+03 1.240699526951774942e+03 1.292494751234561363e+03 1.329856088880381776e+03 1.336615962089945469e+03 1.308261855793081395e+03 1.260798642985221022e+03 1.203946336569153800e+03 1.143458802866881115e+03 1.082581282393788797e+03 1.023990188296321548e+03 9.691446972131100210e+02 9.173495190530348964e+02 8.681035935264251293e+02 9.299268824844166375e+02 9.876628181511630373e+02 1.036633745376661864e+03 1.070482310917813948e+03 1.081977175028271404e+03 1.079469792607470481e+03 1.069482733494606009e+03 1.042942898185818876e+03 9.995019494776609008e+02 9.448334980821333602e+02 8.837296805192812599e+02 9.426029399741164525e+02 9.909418316569232275e+02 1.021394915018094480e+03 1.031351594179610174e+03 1.027510825456027078e+03 1.017320031841400350e+03 1.005342880492742893e+03 9.855945094551684633e+02 9.713974457175291946e+02
1.110622337596889338e+03 1.133292504243456278e+03 1.157899804733450765e+03 1.180977006279773377e+03 1.199949394721557610e+03 1.265698403248823752e+03 1.310330280220929353e+03 1.321826763351954696e+03 1.296500109086879775e+03 1.250696543034944852e+03 1.194543749518171580e+03 1.134063844862731457e+03 1.072701976863017535e+03 1.014110864501365882e+03 9.592653257989429676e+02 9.074700685501205726e+02 8.582240501521652050e+02 9.191364014783113134e+02 9.735643220245182192e+02 1.016005770590169277e+03 1.038240427718397541e+03 1.040283521282865422e+03 1.034340710835715754e+03 1.028471578941845337e+03 1.012931727093342715e+03 9.806814831837108386e+02 9.321870631116278219e+02 8.737024662339126735e+02 9.272137994966076349e+02 9.668471301626955210e+02 9.846938673633243297e+02 9.853041872162647223e+02 9.770864198373025147e+02 9.616628208847923815e+02 9.520820285547932826e+02 9.217738264299358661e+02 9.293031920028582817e+02
1.055777033030231451e+03 1.078447185806655398e+03 1.103153299956009278e+03 1.130669012680433980e+03 1.162452935276128756e+03 1.249134643104142697e+03 1.298215513484999747e+03 1.310295561873942006e+03 1.285482194672623109e+03 1.240363207803037767e+03 1.184733065916266241e+03 1.124431469668318414e+03 1.062963348128185316e+03 1.004372212342669513e+03 9.495266202841187351e+02 8.977312815730815601e+02 8.484851802585336600e+02 9.066120261707092141e+02 9.556296728971460652e+02 9.890174337707483119e+02 9.985692139002428576e+02 9.920034906499278122e+02 9.806910821579106141e+02 9.790596542238021129e+02 9.723768573823379029e+02 9.537994328827686559e+02 9.155308909233079930e+02 8.637329049466521838e+02 9.094860430162727880e+02 9.369190690336967009e+02 9.433969588938510924e+02 9.347329387461097667e+02 9.265208685077091104e+02 8.993962854532775282e+02 9.068163535298837132e+02 9.142578520408075065e+02 9.582656588536187883e+02
1.107947276301883903e+03 1.132087658156474845e+03 1.158683473056150660e+03 1.187412814166962107e+03 1.218978902805282360e+03 1.267197789412794464e+03 1.298979196581844235e+03 1.301874283068646491e+03 1.274719604285123523e+03 1.229703511808301982e+03 1.174765313324690396e+03 1.114905142624789505e+03 1.053358932311497256e+03 9.947677679210177075e+02 9.399221174796130072e+02 8.881266973595022591e+02 8.388805269847775890e+02 8.935891360993696253e+02 9.350259711815804167e+02 9.557861882359944730e+02 9.544919589495766559e+02 9.394625108489859713e+02 9.173377334030228667e+02 9.237305309842889756e+02 9.247985982359256241e+02 9.184967871518387028e+02 8.954354723128686828e+02 8.538086801794173653e+02 8.848942199192955513e+02 8.994762853837472676e+02 9.000765449257938826e+02 8.772917550300348921e+02 8.846322107263929411e+02 8.920016672835146210e+02 9.445191293725760033e+02 9.691035184432986398e+02 1.002329153402137308e+03
1.140081025691257310e+03 1.167146734259055620e+03 1.196774583241147639e+03 1.226606798369800117e+03 1.254748709356711515e+03 1.283148201752017712e+03 1.297769600397648219e+03 1.290688563830304247e+03 1.261719555289824939e+03 1.217786654559713497e+03 1.164659373794783960e+03 1.106047589994959026e+03 1.043873091634271304e+03 9.852818935254340431e+02 9.304361806101985621e+02 8.786406816896183045e+02 8.293944592846540900e+02 8.781725311999010728e+02 9.081593134875413398e+02 9.167358693229728033e+02 9.084403298257034294e+02 8.875092875257751075e+02 8.587457670185441430e+02 8.670143258546420384e+02 8.722036404438517820e+02 8.741441892175366775e+02 8.672159349341781081e+02 8.439068665766594677e+02 8.483416319071234284e+02 8.555309910846449384e+02 8.627319025670543624e+02 8.699717806926736330e+02 9.243089739811424579e+02 9.584199778956398177e+02 9.980343454963148133e+02 1.023756133912463838e+03 1.049795219519510965e+03
1.135250692848657536e+03 1.170229452544601372e+03 1.206435481539726425e+03 1.239692111910669837e+03 1.265789606588829429e+03 1.280586871358544158e+03 1.280774271369839425e+03 1.269318536224810487e+03 1.243044113791679820e+03 1.202957245186311866e+03 1.154296570554078471e+03 1.100032014123609997e+03 1.042793775503161442e+03 9.849858540423221029e+02 9.266549808201791620e+02 8.718088481211713088e+02 8.200129260933939577e+02 8.574536608368932775e+02 8.732256064004309337e+02 8.735915742868970710e+02 8.624046405634539951e+02 8.378811761755847556e+02 8.038992157883994878e+02 8.098950154626245421e+02 8.159034540717258324e+02 8.219288795164633257e+02 8.279671513292989857e+02 8.340161980816085361e+02 8.411599414726827035e+02 8.878137224875231368e+02 9.056057699931906200e+02 9.065614347902748023e+02 9.623493338390467216e+02 1.008497739097687486e+03 1.049312762699102677e+03 1.075603587937214797e+03 1.098015040390824197e+03
1.101476911558578195e+03 1.152915232673931087e+03 1.197985862276573926e+03 1.234089957853834221e+03 1.254837437584298186e+03 1.257867748695111914e+03 1.248866741435983158e+03 1.233551490600723582e+03 1.210714773970291390e+03 1.178274266927257258e+03 1.137981811004097153e+03 1.090512206576489461e+03 1.039151192910538157e+03 9.849959067233461383e+02 9.284059046799677617e+02 8.693154723838372320e+02 8.107231761282286016e+02 8.300952918836652543e+02 8.318890577809683009e+02 8.267380450178128513e+02 8.184204617913309221e+02 7.919452039361185598e+02 7.979201290150882642e+02 8.455743644951288616e+02 8.666108683253929712e+02 8.799874914939395012e+02 8.903392541498456012e+02 8.991980961669598855e+02 9.108717734784902404e+02 9.394707109281378052e+02 9.535844783330350083e+02 9.450451992392293050e+02 9.885783670294268859e+02 1.040373209876068358e+03 1.091989696803742390e+03 1.124690244246010934e+03 1.145990229158460124e+03
1.072263755602618176e+03 1.129101173402506447e+03 1.178446869980170050e+03 1.214738623655134234e+03 1.228461952689023974e+03 1.222455157207888078e+03 1.205906254635835694e+03 1.186246849861816145e+03 1.163284104132203993e+03 1.135179085125180563e+03 1.104208877838557328e+03 1.067695313032781996e+03 1.026713016317450183e+03 9.806346442320938195e+02 9.302433504611780108e+02 8.712079608382343849e+02 8.014959326314761938e+02 7.923384392430518801e+02 7.832066683409944972e+02 7.741088165708500810e+02 7.800406908215906014e+02 7.859868002230351749e+02 8.389420060338251233e+02 8.836049935239624347e+02 9.117203238450570097e+02 9.314591097588667026e+02 9.466794255736551804e+02 9.592287785502563793e+02 9.748238909654717190e+02 9.961924721110407290e+02 1.012812847231167211e+03 1.023903118734019813e+03 1.060477169980686085e+03 1.103027727945107927e+03 1.144073069895291383e+03 1.174339358167594355e+03 1.193489334737914305e+03
1.042472788668306976e+03 1.102533496947663707e+03 1.153845740397471900e+03 1.188963836094894987e+03 1.195751515132318900e+03 1.179997239382445969e+03 1.155730723025331827e+03 1.131140277964277175e+03 1.106290210583513044e+03 1.079572202246103643e+03 1.052767948788610738e+03 1.023511218374773875e+03 9.942339868254396151e+02 9.629914715991958474e+02 9.315069708126883370e+02 8.923731415565647467e+02 8.507899924811828214e+02 8.284854967443712894e+02 8.037643489277072604e+02 7.689298606139534513e+02 8.037328123452834916e+02 8.306721653520709197e+02 8.719288013586975694e+02 9.124612091844613815e+02 9.451314826910478359e+02 9.702870870385407898e+02 9.907039202814015653e+02 1.007488961117397707e+03 1.026143412766084566e+03 1.047356452729346529e+03 1.068479969297791740e+03 1.090725729516017964e+03 1.123230074283302429e+03 1.159769448325371741e+03 1.194358745532761532e+03 1.221288150085793632e+03 1.238154506240524825e+03
1.014549520816197287e+03 1.076034072095521424e+03 1.128208137382375526e+03 1.162093734712733522e+03 1.162757109527959756e+03 1.133664212736853642e+03 1.100982182129000876e+03 1.071245248761352968e+03 1.043712291105412078e+03 1.016688558994895516e+03 9.910837044767304178e+02 9.651591575868154678e+02 9.411166744022559669e+02 9.195142912935738195e+02 9.126286438209662037e+02 8.943800516156768481e+02 8.666860530895692136e+02 8.382906963684746415e+02 8.053081876916618285e+02 7.637547694162890366e+02 8.062791555643671018e+02 8.447036920501592476e+02 8.838747630858334787e+02 9.218587380962918587e+02 9.559539189596571305e+02 9.858581088529173257e+02 1.012363619659233677e+03 1.035236973509670179e+03 1.057678039550070253e+03 1.081312355946604157e+03 1.107714097864396081e+03 1.136675701072759921e+03 1.169673460484868656e+03 1.203617867127750969e+03 1.234609007204732279e+03 1.259114635773180908e+03 1.274668114938193412e+03
9.886771912697782909e+02 1.050848226120099753e+03 1.104013291252110548e+03 1.138533844748371394e+03 1.136804003992830758e+03 1.088112324565789777e+03 1.042925328942004398e+03 1.008675403479100282e+03 9.783982284180117404e+02 9.505383573215054867e+02 9.242693314150585593e+02 8.990767503425392988e+02 8.748263491074058038e+02 8.512104965097179274e+02 8.762004721105828366e+02 8.732803389135499401e+02 8.550535642986809535e+02 8.298011419254968359e+02 8.001673754152465108e+02 7.585950200154373988e+02 8.046576767501122731e+02 8.451809640238716383e+02 8.826021536885216392e+02 9.176828351937023172e+02 9.486796326105267099e+02 9.772878849717476442e+02 1.004552834620911540e+03 1.030887610167701496e+03 1.057077997736291081e+03 1.082636047873162170e+03 1.116649588904604116e+03 1.153412578223310220e+03 1.190153111617800960e+03 1.224393584028792930e+03 1.253896182132243212e+03 1.277477932963904095e+03 1.293793294013327113e+03
9.643426985157161653e+02 1.026998996717214595e+03 1.082056736693213224e+03 1.121568832819956015e+03 1.133592871414120737e+03 1.112654975337429050e+03 1.080410854776806218e+03 1.048933051914937323e+03 1.015980883508243551e+03 9.821164555938921694e+02 9.461260047524208403e+02 9.090413675897374333e+02 8.702291885700332159e+02 8.281770524512367047e+02 8.423437723532349537e+02 8.380360353525466053e+02 8.206699317425139952e+02 7.958465708732597932e+02 7.802344772888985744e+02 7.534428880068588796e+02 7.960145849138369840e+02 8.301388069126967366e+02 8.600083907322575669e+02 8.881646425513414442e+02 9.141471698882546661e+02 9.410518617613269043e+02 9.685382767569119551e+02 9.967842410067944456e+02 1.026044679140501103e+03 1.055875620063631459e+03 1.106923297147483709e+03 1.154259680657546596e+03 1.194990126216813451e+03 1.227713410264403819e+03 1.251333869218419977e+03 1.268680185376318377e+03 1.282517001313938863e+03
