_codes/_figurecodes/_data/highRvar/steadystate/20m_HalfMtrThresh_Diffusion_Tc1/topographic_elevation_depth20m_tc1.asc
ncols 200
nrows 200
xllcorner 0.0
yllcorner 0.0
cellsize 50.0
[rows 0 to 16 of 200, columns 37 to 73 of 200]
5.902889051133153623e-05 6.814326323339704944e-04 8.882630333240032006e-04 4.565803932634714254e-04 8.092834864835063077e-04 9.016990091857600637e-04 5.807898843383618732e-06 1.498798150731670605e-04 8.189536375255040447e-04 1.674021583904071616e-04 3.475066062544042390e-04 5.924734325362783233e-04 8.780786530150825643e-04 1.712577296406592222e-05 6.328653737131151747e-04 1.367794385847258417e-04 7.422731768356615649e-04 4.220213894569597546e-04 1.819747757469866159e-04 9.454104983361779225e-04 7.094896264045973512e-04 1.524086133727583549e-04 3.502739995516777134e-04 4.838801803595858906e-04 7.047487631307087401e-04 3.602281232486466206e-04 7.576617230089869584e-04 6.507446468816247389e-04 8.612206091051081459e-04 9.156940104230261489e-04 5.457776756994360762e-04 7.325034513712636247e-04 8.094191294297023312e-04 1.257514467112422793e-04 9.286004543112389310e-04 7.963192102614165442e-04 1.234708941330195863e-04
1.066983534468937250e+03 1.047618763471334205e+03 1.028749383820313597e+03 1.010294684607747513e+03 9.922413199012430596e+02 9.746573626277281619e+02 9.579299312050679873e+02 9.433283087297519387e+02 9.349005058513239419e+02 9.449366163976953885e+02 9.611829602699468751e+02 9.796093031704850773e+02 9.989659315782563453e+02 1.018869472891597752e+03 1.039234509523976612e+03 1.060123469123627046e+03 1.081617041283112485e+03 1.103863163578671447e+03 1.126982935111974712e+03 1.151098178404030932e+03 1.176324984137804677e+03 1.202710072318913490e+03 1.229998515089767352e+03 1.256955018263945931e+03 1.292215480154537090e+03 1.335667224405095794e+03 1.390574709710444949e+03 1.445954582513171317e+03 1.492420553520573321e+03 1.524554711240174129e+03 1.538167360909707895e+03 1.538685857937120545e+03 1.533564929441584582e+03 1.526329370614205345e+03 1.518404897920923759e+03 1.510425136813413019e+03 1.502830050378869601e+03
1.035579248749757880e+03 1.016271755275529586e+03 9.974593548178005449e+02 9.790139452204343797e+02 9.609126556225364766e+02 9.430558144304907273e+02 9.254327372067598390e+02 9.079599030506345798e+02 8.906331439801217584e+02 9.095422242634073200e+02 9.286474209018234660e+02 9.479556634601851783e+02 9.675825699105321291e+02 9.875464082580700733e+02 1.007867318196256974e+03 1.028699433841651171e+03 1.050088381585515208e+03 1.072248919919156606e+03 1.095282468274563371e+03 1.119315386280741222e+03 1.144508617387989034e+03 1.171072767714437987e+03 1.199292923439769311e+03 1.229572243596311409e+03 1.269138439239032323e+03 1.312675852715616656e+03 1.382393897707061797e+03 1.443899296383372757e+03 1.487314744333722729e+03 1.512306736435339189e+03 1.516134680067697445e+03 1.511490039703192679e+03 1.503914272883773947e+03 1.495680079382244685e+03 1.487310665096231105e+03 1.479021649465017163e+03 1.471105919879922794e+03
1.097635653317380729e+03 1.077509491046459516e+03 1.057457282754243352e+03 1.035136740840035372e+03 1.011928063206759248e+03 9.850697879200278066e+02 9.548345565883781774e+02 9.189543326023921281e+02 8.772752480702582716e+02 9.186153024656814523e+02 9.544350702081206919e+02 9.855334426444269411e+02 1.013971153868377883e+03 1.040745008495660159e+03 1.064604295193380267e+03 1.088248299504605029e+03 1.110325685020589162e+03 1.133401168343422341e+03 1.157031964373250730e+03 1.181229494185620297e+03 1.206159199416654019e+03 1.232073016669916342e+03 1.259239370289041062e+03 1.288012810687211186e+03 1.325535236778013996e+03 1.362324726573183852e+03 1.409933792216936126e+03 1.451826833954708491e+03 1.479748688299381456e+03 1.487546832038147386e+03 1.478776200009127024e+03 1.466906849800527880e+03 1.456095305369105063e+03 1.446814486441287045e+03 1.437989989111425984e+03 1.429285972201126015e+03 1.420972661764143140e+03
1.152989323678506480e+03 1.130552010751069702e+03 1.106365607341976784e+03 1.077062435733093480e+03 1.043321125556833522e+03 1.003894869780303111e+03 9.609779010986809453e+02 9.144606284823092892e+02 8.640659645839091354e+02 9.117725476154352009e+02 9.560161716098544957e+02 9.975285143876706115e+02 1.037068682474378420e+03 1.074359216008512249e+03 1.106734800123765126e+03 1.135815176001707187e+03 1.160966496514575738e+03 1.185866269418175989e+03 1.210365898686002538e+03 1.234639868284122031e+03 1.258928305460111915e+03 1.283613401515483702e+03 1.308911252057223237e+03 1.334800208812956726e+03 1.367896683819813234e+03 1.397548204346487410e+03 1.428393119693071640e+03 1.452151191263552846e+03 1.459906200692268612e+03 1.450612177257766007e+03 1.430107697927262279e+03 1.410695603663032216e+03 1.397391070584446425e+03 1.388128211889375507e+03 1.379223073779520291e+03 1.370057289473251103e+03 1.361623070627743573e+03
1.195698529136357593e+03 1.168841249220592999e+03 1.136239846027667681e+03 1.096696249455694669e+03 1.052719051194696021e+03 1.005172237776936868e+03 9.552574741047734506e+02 9.037198176250847155e+02 8.511381645139924785e+02 8.993978029886748118e+02 9.466573640125818656e+02 9.934051952876150153e+02 1.039780154874974642e+03 1.084367805114721705e+03 1.125491873190477236e+03 1.162664027975916042e+03 1.194288200147258749e+03 1.222012731751446154e+03 1.247591147479328129e+03 1.271734894805907743e+03 1.294716181560027053e+03 1.317410133553609967e+03 1.340069484933554577e+03 1.362068753803750496e+03 1.387192813432040111e+03 1.410044380083520764e+03 1.426927337778338824e+03 1.434211074626642812e+03 1.426797780076155277e+03 1.405046244715150351e+03 1.373498421727696723e+03 1.345837521728213915e+03 1.332266299497369801e+03 1.325465446300248914e+03 1.316914396023591053e+03 1.306785542665441881e+03 1.299144790801712361e+03
1.217362661954763553e+03 1.184721704028888098e+03 1.145402265057125078e+03 1.100211813721254202e+03 1.050752840818427103e+03 9.983786536572293926e+02 9.444219205134940012e+02 8.903722112186924278e+02 8.385729422459705802e+02 8.837639481060548405e+02 9.308383637929093766e+02 9.800862207300963291e+02 1.031883201602794315e+03 1.081393605164169685e+03 1.126333936544883045e+03 1.166482157754902573e+03 1.201396966336371634e+03 1.231275484098468723e+03 1.257620178426330767e+03 1.281276972706245260e+03 1.301563768515957463e+03 1.321217036964485715e+03 1.340822288335403528e+03 1.360045192096763458e+03 1.378672306050988254e+03 1.393799497686943596e+03 1.401502524590700887e+03 1.400768514220114639e+03 1.385944038292399000e+03 1.355427338425617791e+03 1.311901298818476334e+03 1.282445892154203648e+03 1.268875236112748553e+03 1.263666948004672349e+03 1.255232817022509153e+03 1.243395997474510978e+03 1.237493812362685730e+03
1.216273706058617108e+03 1.184459755895956960e+03 1.144235588686410210e+03 1.097268085876924943e+03 1.045422875253317216e+03 9.903267132400768560e+02 9.331202868002652622e+02 8.782709895880070690e+02 8.264716455670809410e+02 8.773490798528831647e+02 9.286712504226027249e+02 9.801552791465230712e+02 1.031079341648347963e+03 1.079397300281954358e+03 1.123368546743196475e+03 1.161720221156534990e+03 1.194228694012794449e+03 1.219385796780290775e+03 1.240922315252672888e+03 1.259819920596245083e+03 1.275690397689098518e+03 1.292809751639550313e+03 1.310500477040904116e+03 1.327937380324267906e+03 1.343989769354108830e+03 1.356395468167708259e+03 1.361839480212265244e+03 1.359542544162915874e+03 1.343283952902195551e+03 1.307404555283418858e+03 1.253274680852064876e+03 1.223820670431536882e+03 1.210251042123411480e+03 1.205071644199858838e+03 1.196823299497856851e+03 1.184773915779331901e+03 1.179113868275205732e+03
1.193874938792080002e+03 1.170207638587301062e+03 1.134570635895977148e+03 1.089816208034283363e+03 1.038664259119759890e+03 9.835050414966385688e+02 9.264340099594880940e+02 8.695731107894943079e+02 8.147229637174754089e+02 8.698553286854538555e+02 9.240691815303388239e+02 9.764560630279165707e+02 1.025794019012620311e+03 1.070430265687158453e+03 1.109233423407657256e+03 1.139586879517034049e+03 1.163949580198294825e+03 1.182415995491781132e+03 1.199763397472911493e+03 1.215496364159654604e+03 1.229140327316776620e+03 1.245011472854751673e+03 1.261953301001014779e+03 1.278938807581289439e+03 1.294774868117998494e+03 1.307605395000319959e+03 1.314738297815564692e+03 1.315526433082989570e+03 1.303852456773872746e+03 1.272246555150105451e+03 1.209717200997989494e+03 1.168946668606723961e+03 1.155378253216840221e+03 1.150199397959692988e+03 1.142110594316547804e+03 1.129903322188464927e+03 1.124330878767386594e+03
1.153018546729183527e+03 1.138720633900451276e+03 1.113790764127833199e+03 1.075682642264951710e+03 1.028346787863843929e+03 9.750634173947878480e+02 9.184842953343962790e+02 8.607226859512821875e+02 8.032403856622219109e+02 8.611773466804376085e+02 9.161113237857031208e+02 9.667227266370401821e+02 1.011191672733001610e+03 1.047047447026159944e+03 1.075623434440717801e+03 1.096953816567734748e+03 1.115299437881498307e+03 1.129850866134274384e+03 1.144660657869744227e+03 1.158540294633281746e+03 1.170812927079780820e+03 1.186642365429397387e+03 1.203771003970680113e+03 1.221254889722619055e+03 1.238191628292641553e+03 1.253123483810233211e+03 1.263987527359183559e+03 1.270687300824608201e+03 1.267952448750482972e+03 1.248821408882663036e+03 1.200537162804826721e+03 1.135357985200702387e+03 1.103561638450394639e+03 1.098383197508093417e+03 1.091021642246099645e+03 1.078088645975751206e+03 1.073008762489514766e+03
1.100510014657405918e+03 1.092648787696952695e+03 1.077990611439267241e+03 1.051736566873329593e+03 1.011967837808549689e+03 9.631126904854494342e+02 9.085774450282244743e+02 8.509090506595366605e+02 7.919534012885499124e+02 8.494550220966716552e+02 9.013042431354460859e+02 9.455943777950036520e+02 9.794414724167561417e+02 1.004468496727999877e+03 1.025531416480840335e+03 1.041750653400742749e+03 1.056511423903693412e+03 1.068793087125061675e+03 1.082710696626375011e+03 1.095810543336516730e+03 1.106254162165964090e+03 1.123580148188931389e+03 1.141454055254845343e+03 1.159859013933403730e+03 1.178474431744108415e+03 1.196140497619733878e+03 1.211312912578857777e+03 1.225035655122241906e+03 1.233154998527128555e+03 1.230224565941253559e+03 1.197045741686024485e+03 1.142850093449045517e+03 1.075692350347759884e+03 1.049121405362072665e+03 1.043941004308789161e+03 1.028828192535175958e+03 1.025154375009962905e+03
1.041523441576811365e+03 1.037726020106538272e+03 1.029475049955068243e+03 1.013766102806029949e+03 9.863270350224420326e+02 9.454553237730017372e+02 8.955789483973563847e+02 8.399169307778905704e+02 7.808184713262625110e+02 8.334969458441438519e+02 8.770517849814888223e+02 9.090834961033020818e+02 9.318858955109309363e+02 9.499845265835842838e+02 9.664682352731216497e+02 9.800689841879973301e+02 9.931304713461072424e+02 1.003703314678089441e+03 1.018683151277367415e+03 1.032495378466321426e+03 1.042898844512674714e+03 1.060224708213552958e+03 1.078409806986464901e+03 1.097614936146852415e+03 1.118059802662600760e+03 1.138475808183213758e+03 1.157295573179888152e+03 1.177916623023846341e+03 1.196826921689372284e+03 1.211752312838320449e+03 1.198571999721961674e+03 1.157936320997399434e+03 1.098637096011359745e+03 1.025082775568204852e+03 1.002581630081795879e+03 9.817457340157236558e+02 9.813183013729973254e+02
9.802618754151445728e+02 9.782741215345745331e+02 9.733101342520690196e+02 9.637612573837412810e+02 9.470129144576072804e+02 9.189158925312686961e+02 8.775361157771538956e+02 8.269087563441639759e+02 7.697972162227335957e+02 8.101098600040303381e+02 8.382467911354408443e+02 8.583339235962511111e+02 8.744701868357068406e+02 8.888951627337105492e+02 9.031740738252785832e+02 9.160149502763362079e+02 9.292748942727187114e+02 9.403473944900606512e+02 9.556322423641901196e+02 9.713659706231687778e+02 9.843056614904130583e+02 1.001631668998961686e+03 1.019816821682249383e+03 1.039021901684284785e+03 1.059466606431953323e+03 1.081465485064049972e+03 1.102447702009344084e+03 1.128798546060198532e+03 1.156403645999669834e+03 1.187469446629279446e+03 1.200259508569308537e+03 1.177969054566925706e+03 1.133350361964738795e+03 1.079374704263592321e+03 1.032407201471421331e+03 9.622245107330905967e+02 9.434096301535574867e+02
9.197493744196278840e+02 9.173095537078044117e+02 9.131080872232749925e+02 9.063765666606624336e+02 8.957436399016070254e+02 8.787564807761366410e+02 8.511927278757084423e+02 8.103087883222568735e+02 7.588548446124975726e+02 7.719205196088981893e+02 7.850145008233644148e+02 7.981945077778946143e+02 8.114921756850557131e+02 8.249730515756643854e+02 8.386786791306938085e+02 8.526571243142408321e+02 8.670035215003698568e+02 8.817522449372619349e+02 8.970374844028915504e+02 9.129303360997454320e+02 9.294575984306840155e+02 9.467840033015617109e+02 9.649694990929774576e+02 9.841748360646269020e+02 1.004619682970509757e+03 1.026618564860628339e+03 1.050651321016250904e+03 1.077837541103167268e+03 1.110183410544595290e+03 1.155372418741603951e+03 1.202192648282897153e+03 1.200003859894216248e+03 1.165746673628902727e+03 1.118584499424330716e+03 1.068950073506482113e+03 1.017927239756235849e+03 9.875151590945398539e+02
8.611538856568550955e+02 8.566142654522813018e+02 8.513568807392069857e+02 8.448879305646771627e+02 8.368841081343427959e+02 8.262994472541297455e+02 8.110925201747210167e+02 7.871833786298249152e+02 7.500739717950184513e+02 7.911991302560147687e+02 8.227720135478517705e+02 8.478223751590767279e+02 8.679048378537592043e+02 8.862936656122509476e+02 9.015988141608615933e+02 9.158162415742918938e+02 9.303523011442470079e+02 9.441394440994514525e+02 9.590284618332634636e+02 9.751762115789754262e+02 9.911286055300653288e+02 1.008395522852972022e+03 1.025888443544504071e+03 1.045096976284761240e+03 1.066442354463934635e+03 1.089825087575079351e+03 1.115143530511453037e+03 1.142467678581628888e+03 1.171754776691026564e+03 1.201709617074373909e+03 1.228213886527193836e+03 1.224353412643566799e+03 1.191955397101788094e+03 1.146459697806664508e+03 1.097034624982939931e+03 1.048519475519470689e+03 1.005639490955359975e+03
8.063037227899402524e+02 7.980181540081927096e+02 7.897995153354944478e+02 7.816343240851595056e+02 7.735156853163427968e+02 7.654313924163957381e+02 7.573753575110711154e+02 7.493361286203086138e+02 7.413080454321681145e+02 7.933470182031342119e+02 8.388881953012470376e+02 8.786442159380046633e+02 9.110501317888491712e+02 9.378966633717780041e+02 9.583051626610721314e+02 9.752866015196489116e+02 9.912236813726015043e+02 1.004846253753359974e+03 1.018963900675437799e+03 1.033823789877098761e+03 1.047348403160121734e+03 1.061891993181150838e+03 1.076848600306410390e+03 1.095640086990269765e+03 1.118412162600327065e+03 1.143932323449269916e+03 1.171066103788853070e+03 1.198628847970568586e+03 1.224750037016207671e+03 1.245760644052174257e+03 1.258105440953371954e+03 1.246667603117642102e+03 1.211372480745386156e+03 1.164302102400810327e+03 1.112988938309207242e+03 1.061611537970800327e+03 1.012140443768420710e+03
8.695167125418788601e+02 8.610675539491992367e+02 8.526705601301425759e+02 8.423722138024153310e+02 8.312012207175001777e+02 8.165020779807895224e+02 7.985821361150536859e+02 7.725734458261242708e+02 7.350986022760835112e+02 7.894000778270406045e+02 8.409642654669556805e+02 8.892741660892195341e+02 9.334873425837118930e+02 9.727594576451405146e+02 1.003567520104475648e+03 1.026803221886648998e+03 1.046140496589419627e+03 1.060414479217775806e+03 1.073110168751410129e+03 1.084466140511525282e+03 1.091971276936127424e+03 1.098743226064575310e+03 1.106585941970375188e+03 1.124627896081070958e+03 1.150696330970546114e+03 1.180433271244708067e+03 1.211360369784507839e+03 1.241134610368712401e+03 1.266392791075013292e+03 1.281725016103843473e+03 1.284253985542668261e+03 1.263429522445561133e+03 1.223400477390014203e+03 1.173383465674699892e+03 1.119376324345563944e+03 1.064836206690649988e+03 1.011363969951462764e+03
