_codes/_figurecodes/_data/highRvar/steadystate/20m_HalfMtrThresh_Diffusion_Tc1/topographic_elevation_depth20m_tc1.asc
ncols 200
nrows 200
xllcorner 0.0
yllcorner 0.0
cellsize 50.0
[rows 102 to 118 of 200, columns 148 to 184 of 200]
7.214267333442647896e+02 7.316719997692040351e+02 7.417075171195532448e+02 7.509790213291665850e+02 7.586146301618930465e+02 7.630790302129217935e+02 7.618032188431724308e+02 7.547196806409659757e+02 7.427008238879582223e+02 7.897723837358155379e+02 8.389010218254891242e+02 8.899809436967813099e+02 9.437394701804716988e+02 1.000841686282037472e+03 1.061858825993432902e+03 1.126477636548001101e+03 1.190745051923154506e+03 1.250041408200545447e+03 1.299058999111077583e+03 1.330878467334237939e+03 1.343109896389284359e+03 1.344231691945733928e+03 1.342087457130435041e+03 1.338143240892203721e+03 1.327417583165323776e+03 1.304132513233912050e+03 1.267179459174324620e+03 1.221370826595649078e+03 1.170623510311916561e+03 1.117630244590901839e+03 1.064713722523692468e+03 1.013422994924413274e+03 9.623771455054546777e+02 1.012446091461309948e+03 1.063351542177842475e+03 1.117404818671158409e+03 1.173538873590909816e+03
6.608292055817258870e+02 6.713914765756881025e+02 6.820183584061870761e+02 6.924352217240582377e+02 7.021583813472299198e+02 7.100530930150766835e+02 7.128902055061349756e+02 7.016076601480651789e+02 7.214561599791491062e+02 7.685275719951856672e+02 8.177734328050061094e+02 8.695689982983343498e+02 9.244150171826134965e+02 9.830065475856099511e+02 1.046359699225146187e+03 1.116070565345150499e+03 1.181880637285753892e+03 1.238116955052147205e+03 1.279471019382655413e+03 1.298388668070930635e+03 1.300361985182478293e+03 1.294803563562741147e+03 1.291098770074372851e+03 1.290915729665234494e+03 1.288306278764105627e+03 1.278524389502559643e+03 1.255304783559532552e+03 1.217442036591519127e+03 1.169796482701161040e+03 1.116419073544458342e+03 1.060416840561238132e+03 1.003713076271874684e+03 9.469485122213834529e+02 1.000756319352434730e+03 1.055948590621982476e+03 1.112935869576916730e+03 1.170846110232418823e+03
5.990218582737193174e+02 6.099634288501573565e+02 6.211473465669167808e+02 6.326106322299739304e+02 6.443979058101054989e+02 6.565418567830604388e+02 6.690812090036838526e+02 6.820900621977261835e+02 7.233101341590820539e+02 7.691058566892082808e+02 8.184691093989065394e+02 8.712188740724360514e+02 9.275262572779498669e+02 9.875944497856686439e+02 1.051087016307955764e+03 1.115998632553447123e+03 1.176588148842366309e+03 1.225973840421882869e+03 1.255335493991130079e+03 1.259753422033817742e+03 1.251107657746377981e+03 1.237225778101531660e+03 1.231399465862405123e+03 1.235277108174390833e+03 1.238467781513395948e+03 1.238762064524026528e+03 1.229743092554380610e+03 1.204398251123262753e+03 1.162739496908705632e+03 1.110719141798102328e+03 1.053079748502486837e+03 9.929504296317985563e+02 9.321586842703220555e+02 9.870043072659440213e+02 1.044699188938066754e+03 1.103968288342429560e+03 1.163530971200654676e+03
6.508164501590912323e+02 6.592084065386120528e+02 6.682181612703454903e+02 6.777974975304176724e+02 6.892649623150416573e+02 6.991230892516473432e+02 7.052288153322955395e+02 6.988043385187462491e+02 7.162758351271293122e+02 7.636462382098950457e+02 8.141319462983157109e+02 8.679756901756642264e+02 9.255153850204762875e+02 9.869417405548377928e+02 1.051245758028148657e+03 1.113901948277436077e+03 1.169340413083494923e+03 1.209858699890085063e+03 1.224856981285774964e+03 1.216819804195912639e+03 1.198269709301172725e+03 1.173872642500163238e+03 1.168046343863674338e+03 1.175315610764078428e+03 1.181393240114553009e+03 1.189949530998043429e+03 1.192095315603817198e+03 1.180789254804117490e+03 1.149116280639168281e+03 1.100776869662607851e+03 1.043307513655380717e+03 9.814085421042586859e+02 9.178896445051423143e+02 9.727353629844883471e+02 1.031326547973355673e+03 1.092425182119261535e+03 1.153369175111560025e+03
7.056618308287725085e+02 7.110032528609765450e+02 7.174634080119475357e+02 7.248685965340874873e+02 7.354834994907520240e+02 7.434223185561892251e+02 7.468646353419802608e+02 7.426743151893698496e+02 7.345457773310855600e+02 7.537503982437765444e+02 8.055459207407325266e+02 8.603921267279283711e+02 9.189839281501516552e+02 9.823372975044766235e+02 1.050299965792422199e+03 1.111583590036140777e+03 1.161603396442650364e+03 1.191944067026141738e+03 1.191656544872845870e+03 1.171413603200157922e+03 1.145355113083461220e+03 1.115281463892948750e+03 1.109455165055123416e+03 1.114902746756079296e+03 1.118375805629415709e+03 1.135916094705746900e+03 1.147565987528868618e+03 1.147429564067916772e+03 1.127777407927368813e+03 1.085465170795988797e+03 1.030189002118103190e+03 9.683494221172262542e+02 9.040509390570435926e+02 9.588967612028200165e+02 1.017488007684339436e+03 1.079773483909297283e+03 1.141691041606314002e+03
7.637996768518426052e+02 7.658489844635059853e+02 7.692585972753234955e+02 7.741141782067825261e+02 7.837410430335187357e+02 7.901366588809835321e+02 7.920154814517560453e+02 7.881074360692629170e+02 7.803157764171972985e+02 7.739493977086510768e+02 8.187115131794494118e+02 8.712126643559131480e+02 9.293839665092621090e+02 9.917601054247796810e+02 1.055059088497954463e+03 1.112406036677180964e+03 1.155699559411801602e+03 1.173279088529524415e+03 1.156720936459358199e+03 1.123140271383937943e+03 1.092793111646514035e+03 1.060436068894191067e+03 1.054609754290152068e+03 1.056401461539550155e+03 1.055022836789196845e+03 1.080401518657788756e+03 1.099944642058422232e+03 1.109935015978899173e+03 1.102476621222353060e+03 1.067636532049404423e+03 1.015805477858311860e+03 9.549902702050644621e+02 8.906021399138193146e+02 9.454480700365761550e+02 1.004039387583330381e+03 1.066879599739618016e+03 1.129357469978047220e+03
8.234338246148240614e+02 8.243000773460992150e+02 8.241045876075786509e+02 8.259096107289049087e+02 8.345237216322437916e+02 8.395526755310636418e+02 8.400030746677759907e+02 8.346807968294398279e+02 8.221777858009892270e+02 7.951942562094747018e+02 8.176904295950994310e+02 8.726751332456403816e+02 9.326920387753791601e+02 9.965323787936495137e+02 1.058661711973941465e+03 1.112733009930854905e+03 1.149227900276863238e+03 1.152974252008087660e+03 1.120539930415015533e+03 1.068896576337674787e+03 1.040558574146019509e+03 1.008641209354269222e+03 1.002814863509684756e+03 1.001553722890310155e+03 9.964316190915611742e+02 1.025785433862303989e+03 1.050940740032106987e+03 1.070604782290431103e+03 1.075050844606106693e+03 1.049761081818637649e+03 1.002056881508137167e+03 9.424650573743301720e+02 8.775088807080653623e+02 9.323549183659076789e+02 9.909463149953897982e+02 1.054043495606980969e+03 1.116815618364612874e+03
8.830738024919969575e+02 8.837031116544477527e+02 8.826302231844721291e+02 8.807556663776186952e+02 8.882029863669986298e+02 8.919258269780917772e+02 8.911585629960052302e+02 8.848483014699700107e+02 8.717383845891672536e+02 8.500405278885610869e+02 8.415115883580450600e+02 8.669596207050155954e+02 9.303132471795137235e+02 1.000024328410270982e+03 1.062632493127244743e+03 1.114629213864776375e+03 1.146621747076740121e+03 1.142774486579420454e+03 1.101221241652486924e+03 1.028146617195825229e+03 9.906501509440435029e+02 9.593958592650441233e+02 9.535694678925082144e+02 9.502377196625081979e+02 9.415859346533106873e+02 9.722831741173414457e+02 1.000218580037512197e+03 1.030435870299931139e+03 1.045604801308006927e+03 1.029688082577195019e+03 9.866106656196462836e+02 9.289923442168229712e+02 8.647155040115186466e+02 9.195616437181880656e+02 9.781531254350092013e+02 1.041369270568098955e+03 1.104283887229982838e+03
9.404694219522114054e+02 9.425989067665623224e+02 9.418894533077865390e+02 9.393473420948322428e+02 9.448570367488860029e+02 9.471974134470348190e+02 9.454745912177652372e+02 9.387870132770634655e+02 9.264581620675880913e+02 9.086323940208781096e+02 8.993029982227311621e+02 8.941455921224716121e+02 9.489241677638874535e+02 1.010631746440246502e+03 1.069754237909063477e+03 1.119605489581209213e+03 1.149142963857349514e+03 1.143392458848299611e+03 1.105337238719669358e+03 1.049857463887980884e+03 9.949143506974454567e+02 9.322100966443870220e+02 9.064980404887415943e+02 9.028843173806907316e+02 8.897905506509184761e+02 9.199338456023723438e+02 9.450574896499732631e+02 9.911801514796975425e+02 1.018392491062061254e+03 1.010422833191757945e+03 9.712421912485374378e+02 9.155230615063287587e+02 8.522002787661931507e+02 9.070465096817820267e+02 9.656380797474982955e+02 1.028898754646506177e+03 1.091868709217306105e+03
9.923571431898603805e+02 9.987610433825379914e+02 1.000691196888535615e+03 1.000817932559742758e+03 1.003513994389463164e+03 1.004528546311837772e+03 1.002169181250925476e+03 9.955496766550467100e+02 9.843340916329065067e+02 9.691122802194953465e+02 9.524197536712928240e+02 9.235409213047835237e+02 9.558861021994595148e+02 1.019727259249687222e+03 1.077014114211312972e+03 1.127010115702782059e+03 1.155197236064293747e+03 1.148012808500370056e+03 1.111483034002284512e+03 1.059984083465435788e+03 1.003365162505176613e+03 9.437359915133902177e+02 8.832759433453451265e+02 8.611155331378315623e+02 8.405445429041394618e+02 8.708222107746710208e+02 9.065736981994494954e+02 9.683120605140436510e+02 1.000299445508977328e+03 9.945428709057488277e+02 9.571260567640979389e+02 9.025546474934160415e+02 8.399440241897012811e+02 8.947903305648503647e+02 9.533819890525138590e+02 1.016645611167374341e+03 1.079619680536028227e+03
1.034261572138119845e+03 1.048815197547755588e+03 1.055674973695299286e+03 1.058610304772055542e+03 1.061224786049832801e+03 1.061853820720887825e+03 1.059380976210419931e+03 1.053204116470858480e+03 1.043145394925720439e+03 1.029422147014869097e+03 1.012045783811530669e+03 9.868941922748305160e+02 9.916372408545544204e+02 1.032387292862197683e+03 1.081632519882018187e+03 1.138402909491429227e+03 1.164286099997056908e+03 1.153058259733643808e+03 1.115449225519317679e+03 1.064877755969733926e+03 1.009643610353584222e+03 9.544500433144609133e+02 9.035566504922459217e+02 8.631044944358988005e+02 8.234995202047338125e+02 8.712572077620808386e+02 9.171609013457108404e+02 9.625173192700825666e+02 9.892752156896339102e+02 9.817734468922694759e+02 9.443766027995783361e+02 8.901871605135809205e+02 8.279297063443058278e+02 8.827760684480501823e+02 9.413678120110241707e+02 1.004610313951692092e+03 1.067556888080473300e+03
1.061143955561527946e+03 1.088759037018746767e+03 1.103421558234767872e+03 1.110547857975690476e+03 1.114724731873684959e+03 1.115879286649045753e+03 1.113834398108449250e+03 1.108513330135927163e+03 1.100006992661930099e+03 1.088559614559220563e+03 1.074281199836243559e+03 1.056605027450145371e+03 1.061348020611956827e+03 1.094627168229342942e+03 1.130523970054450274e+03 1.165789785372525330e+03 1.177179087461307745e+03 1.156013392757076872e+03 1.114841468826126629e+03 1.063421922925015224e+03 1.008355569479547512e+03 9.537656200921994696e+02 9.021392940635181503e+02 8.542767062239469169e+02 8.072135764740867216e+02 8.621120643375874124e+02 9.126657494568441962e+02 9.553756430224591440e+02 9.795503213848177211e+02 9.703214283465509880e+02 9.324639031156697229e+02 8.782825695721392094e+02 8.161421133064415017e+02 8.709885087260436194e+02 9.295803306206296384e+02 9.927876654099093230e+02 1.055685653165931171e+03
1.074141155468528495e+03 1.114147134652190971e+03 1.139854765409763104e+03 1.152731957806113542e+03 1.159353092281759928e+03 1.161471693620586166e+03 1.160143767658449860e+03 1.156010772881328876e+03 1.149575373634958851e+03 1.141400899242655214e+03 1.132299885933873611e+03 1.124262776813373421e+03 1.129987185533537286e+03 1.150438331921654026e+03 1.173976895666301743e+03 1.192384808581235347e+03 1.187197936636074473e+03 1.157032820516502852e+03 1.111516429137592695e+03 1.057977989126704415e+03 1.001619596699544786e+03 9.458587883076870639e+02 8.923963443576079726e+02 8.414005179405561421e+02 7.916354638740764358e+02 8.496388019603068642e+02 9.026390807843296216e+02 9.455893384388583627e+02 9.691186493642838968e+02 9.590914685711951506e+02 9.209153821388008510e+02 8.666766588476398283e+02 8.045675910238710458e+02 8.594139961712508011e+02 9.180058865385315130e+02 9.811717967884105747e+02 1.044006643016777844e+03
1.080275317473936866e+03 1.126334531656498484e+03 1.160212744633587590e+03 1.179711170590553365e+03 1.188203798251500757e+03 1.190678528764814928e+03 1.189757344580966219e+03 1.186855119104270216e+03 1.182868157467104311e+03 1.178617191567094551e+03 1.174997016877106944e+03 1.172977528472812537e+03 1.179181645959847856e+03 1.192411511029167514e+03 1.205488789089240299e+03 1.209554373555768734e+03 1.190674915946246301e+03 1.153562949597746183e+03 1.104361848791344528e+03 1.048456344320427434e+03 9.900258771128010267e+02 9.325597436561522500e+02 8.777137201098826154e+02 8.259180662862891040e+02 7.766720538880587128e+02 8.361450504379675976e+02 8.905192793586401194e+02 9.341581822614108432e+02 9.578419573208066140e+02 9.477262194231537933e+02 9.094949695269203858e+02 8.552658283484149706e+02 7.931938266090629668e+02 8.480402182446250663e+02 9.066321646226108442e+02 9.697616972923115100e+02 1.032527858590403184e+03
1.084856754683122517e+03 1.131077386572341538e+03 1.164973411519140427e+03 1.184784234513357205e+03 1.190960624607923364e+03 1.191340770038500750e+03 1.189593677683083570e+03 1.187547344183009727e+03 1.186200784834611341e+03 1.186553194865485693e+03 1.189597480806096655e+03 1.195034535834450708e+03 1.203169197223418223e+03 1.213008195117995001e+03 1.219290380098234436e+03 1.213125886636870064e+03 1.188478004537099650e+03 1.148093296688864939e+03 1.096729533183714693e+03 1.038684539222352441e+03 9.767674795000604036e+02 9.181759279613232820e+02 8.633298426335161366e+02 8.115341801949747378e+02 7.622882419327546586e+02 8.224979692264242885e+02 8.776761020235725255e+02 9.219404196070729540e+02 9.460344404284088569e+02 9.362143653099591347e+02 8.981336753189988258e+02 8.440051068356340238e+02 7.820096691147155070e+02 8.368560257089721972e+02 8.954480137173070489e+02 9.585697152419586473e+02 1.021289429159673205e+03
1.092913919792213392e+03 1.132494083048232369e+03 1.158279406920269366e+03 1.167357985277887337e+03 1.165807825247409028e+03 1.162175872564260317e+03 1.158567175703030898e+03 1.156424418717469280e+03 1.156240424084686993e+03 1.159130588943760131e+03 1.167013461716274151e+03 1.179363686488686653e+03 1.191266807054381388e+03 1.201387040473387060e+03 1.206403051037841124e+03 1.201185504568999249e+03 1.179697178079397190e+03 1.140610113233052516e+03 1.089736323144517428e+03 1.031924097757233085e+03 9.711319176667664124e+02 9.111721090139716352e+02 8.542127752619841203e+02 8.002108990460886844e+02 7.484153817080072031e+02 8.090151188886044338e+02 8.646860415698963607e+02 9.094441044676227648e+02 9.339965732296004717e+02 9.246432781579114817e+02 8.868372970302513068e+02 8.328823325022578956e+02 7.710049802050209564e+02 8.258512829977615866e+02 8.844432971186055283e+02 9.476301854372507023e+02 1.010431687035156187e+03
1.097667413022702476e+03 1.125028921936042934e+03 1.134957411554101327e+03 1.131398099770095087e+03 1.122028556489877474e+03 1.114235451405244021e+03 1.108352852759164307e+03 1.105803504092379171e+03 1.105652325607940611e+03 1.108970063734817813e+03 1.120514819942836994e+03 1.137368132702112007e+03 1.152924846986829607e+03 1.165610230373498325e+03 1.173348208956342205e+03 1.173099047497089032e+03 1.160607695769649808e+03 1.127512772970293781e+03 1.079935888182406643e+03 1.023592053163554283e+03 9.627875667564434252e+02 9.002002259399044988e+02 8.416083455242875289e+02 7.867621361679974825e+02 7.349667227123782141e+02 7.957970082944186743e+02 8.517912389687788846e+02 8.969348499753190254e+02 9.219259420486446288e+02 9.130984582288531328e+02 8.756306161663169405e+02 8.218971838076660106e+02 7.601705088640491113e+02 8.150167425405877566e+02 8.736087669133701183e+02 9.369623801898270585e+02 1.000419493144357830e+03
