_codes/_figurecodes/_data/highRvar/steadystate/20m_HalfMtrThresh_Diffusion_Tc1/topographic_elevation_depth20m_tc1.asc
ncols 200
nrows 200
xllcorner 0.0
yllcorner 0.0
cellsize 50.0
[rows 0 to 16 of 200, columns 111 to 147 of 200]
8.132441445409265045e-04 8.699065861353630531e-04 3.663096423056984210e-04 6.691934656470390494e-04 4.747667039911730291e-04 2.015652895687517474e-04 5.821947822812545480e-05 2.208326255956801745e-04 9.447027385200640684e-04 3.842799645841450456e-04 5.723668117626478117e-04 3.321820611860112123e-04 8.804047684890243652e-04 8.042480932665119469e-04 6.362651976531908055e-04 8.775734077971157187e-04 1.276703119532644922e-04 6.269028718395642293e-04 6.693530485709036195e-04 3.457256579336783647e-04 1.327545879723741678e-04 2.806340870409532585e-04 2.935311547532015615e-06 3.251159516571637781e-04 3.801752174539071603e-04 4.500895136802084292e-04 8.549383346305583086e-05 4.035690033570188168e-04 7.854905706503311500e-04 6.909718302409847621e-04 6.661684566845625308e-04 1.592411419306561814e-04 4.086057706178044678e-04 5.023980744228434677e-04 5.235600939739816538e-04 2.820538508925258636e-04 2.667971696371859041e-04
1.245680937057497658e+03 1.226740989387220225e+03 1.206940868097480916e+03 1.185550769200371178e+03 1.162468374308261446e+03 1.142790886018741730e+03 1.157501763340245361e+03 1.194603821546319068e+03 1.240070452772220506e+03 1.290489053980885046e+03 1.343390289236833496e+03 1.396328113508620163e+03 1.446329130701711620e+03 1.489342446547492045e+03 1.519536485509489466e+03 1.528138308404425970e+03 1.510082734537008491e+03 1.474070072962904078e+03 1.427509128217723401e+03 1.376257966430134957e+03 1.324909365487347486e+03 1.277356154656701847e+03 1.237881504604358270e+03 1.221110106334320562e+03 1.240956472203152089e+03 1.265456467987554561e+03 1.288954700689787842e+03 1.311203572788449264e+03 1.332635721128267733e+03 1.353464828241734949e+03 1.373518577973892661e+03 1.392183606063324305e+03 1.408594196975408977e+03 1.423182758968365761e+03 1.460098475194691900e+03 1.505917467573679914e+03 1.556394007090181503e+03
1.214573890250064551e+03 1.196049833166743156e+03 1.176768200688200295e+03 1.155456876169997713e+03 1.128796577257940953e+03 1.086723907183146594e+03 1.123526588066772774e+03 1.175673096621640980e+03 1.228703697520540800e+03 1.282741958123837776e+03 1.337145989023853872e+03 1.390224344749020702e+03 1.439394222325283181e+03 1.480877449383223393e+03 1.509341692046114986e+03 1.517633940571675112e+03 1.503478532632261931e+03 1.469095463458975019e+03 1.422441443483614876e+03 1.369465587238023318e+03 1.314276632948420684e+03 1.259046228054097128e+03 1.203102194421554941e+03 1.163534114837723337e+03 1.206551991564013179e+03 1.235036140017097296e+03 1.258708146987755072e+03 1.280654018027658822e+03 1.301936459115740263e+03 1.322886480284595791e+03 1.343369990809157798e+03 1.362640785461323276e+03 1.378824592589332269e+03 1.387721659916642693e+03 1.437466476657045405e+03 1.491103869206029913e+03 1.546746333524671172e+03
1.165243335183700310e+03 1.147434570741009111e+03 1.129389967850084304e+03 1.110416673385974264e+03 1.089002808342420849e+03 1.052976268998385194e+03 1.103639439888750985e+03 1.158142705473177102e+03 1.214883332633218743e+03 1.271589899481934026e+03 1.326875292598382657e+03 1.379043582667398141e+03 1.425772127615495037e+03 1.463386613923457162e+03 1.486833643388959899e+03 1.494684686979244816e+03 1.487188114735694171e+03 1.456995784723861789e+03 1.411511673888147925e+03 1.357328974309382374e+03 1.299100699664166314e+03 1.239796063785694741e+03 1.181717266630623271e+03 1.127780086916866367e+03 1.165781174259299860e+03 1.189549713035892864e+03 1.211222604172620549e+03 1.232230457161562754e+03 1.253182287992010288e+03 1.274307690979270319e+03 1.295599204026222424e+03 1.316569937699502816e+03 1.335563810442115937e+03 1.346966808517650861e+03 1.405564114950922203e+03 1.468777325918745419e+03 1.532518288802861207e+03
1.106349825777699152e+03 1.089279431906219770e+03 1.072541924823846330e+03 1.056116813257312970e+03 1.039929206273174259e+03 1.023858507999590643e+03 1.078980736413985369e+03 1.137928846506976697e+03 1.199734860087519564e+03 1.257859551418243655e+03 1.311953920247297901e+03 1.360462928352944573e+03 1.401676418794609845e+03 1.431378319509032735e+03 1.450640136040274683e+03 1.461171233098057655e+03 1.461993955998572574e+03 1.440181288657634013e+03 1.397641648946272653e+03 1.343258694956123463e+03 1.282699881256079152e+03 1.218982616990086626e+03 1.155621495311040690e+03 1.097026617620657134e+03 1.115838510041786094e+03 1.134844008573387782e+03 1.154256839515992397e+03 1.174222046723569292e+03 1.194795538626034158e+03 1.216043574846865340e+03 1.238207530066654726e+03 1.261433550990507001e+03 1.286144220339258936e+03 1.312711680882169730e+03 1.376072763386513088e+03 1.445788927150177642e+03 1.522102418864332549e+03
1.161271417502301347e+03 1.138633497168648773e+03 1.112997480771089840e+03 1.084324680301231865e+03 1.050008049815462982e+03 1.009569238449139789e+03 1.069064900145278443e+03 1.128629432199882331e+03 1.187092311755597621e+03 1.241896304348413423e+03 1.290709680085362152e+03 1.330419674851221771e+03 1.361831833655318633e+03 1.384597087129378906e+03 1.403704049022529716e+03 1.419218688005212471e+03 1.428981586419429050e+03 1.417442352996460841e+03 1.379708225021032604e+03 1.326911011772544043e+03 1.266390439704303617e+03 1.202694859133902810e+03 1.139334801975778419e+03 1.080741352363493661e+03 1.123113745440319008e+03 1.160142390897877476e+03 1.192565658597419542e+03 1.222139626273047497e+03 1.249878069664652003e+03 1.274448032762551293e+03 1.298570234149002545e+03 1.320572792507255826e+03 1.341988759638845522e+03 1.357905193244175280e+03 1.416394562139501431e+03 1.473173861434219134e+03 1.528214625677817594e+03
1.200397624402399060e+03 1.166910282941346850e+03 1.129135019116245985e+03 1.088466782007615166e+03 1.044185954520933365e+03 9.955741304699973853e+02 1.056765750542944033e+03 1.115028930873352010e+03 1.168445260782711784e+03 1.216003375212922037e+03 1.254178512070293209e+03 1.283548955499701378e+03 1.307985947303716785e+03 1.326800911679455112e+03 1.348860870857113014e+03 1.371219326459990725e+03 1.392797017248700740e+03 1.392383127823919722e+03 1.360195769476818214e+03 1.309787436970196723e+03 1.250170240351631946e+03 1.186908421179044126e+03 1.123549515295465199e+03 1.064957240299079785e+03 1.114786187168061588e+03 1.161606919763340557e+03 1.205777008004605932e+03 1.247500641396388346e+03 1.286291974098035780e+03 1.319186070817521340e+03 1.347841675524576431e+03 1.371167257901244056e+03 1.392741305406308811e+03 1.412931425138510576e+03 1.452621542180587312e+03 1.492018419470163280e+03 1.528285657632559150e+03
1.214243829714889216e+03 1.170934777700644872e+03 1.125877718900040918e+03 1.079427219487794446e+03 1.031450904319914571e+03 9.818869786628931706e+02 1.042844819542042160e+03 1.096488870980825595e+03 1.139146892659593959e+03 1.174667241192618349e+03 1.202932564497773001e+03 1.226568806603038183e+03 1.246647001836375239e+03 1.259964004060323759e+03 1.288587927377354845e+03 1.317946796838205046e+03 1.357146726656035071e+03 1.368358977024208116e+03 1.341190114876939788e+03 1.292935140666277903e+03 1.234285339985312930e+03 1.171563695261296289e+03 1.108359276676062791e+03 1.049767808057704087e+03 1.101732715479704439e+03 1.153521450264539226e+03 1.204758117753568513e+03 1.254204154445295899e+03 1.300684816287936883e+03 1.342472804264150227e+03 1.378409797320204007e+03 1.405916842422230957e+03 1.427479599497827394e+03 1.445956443780947666e+03 1.470194907571901467e+03 1.491244104841172430e+03 1.508164579374742289e+03
1.212460048291021394e+03 1.163280598794920479e+03 1.114021478611138491e+03 1.065186360062923768e+03 1.016722681610468044e+03 9.685168134646619365e+02 1.023161815555483258e+03 1.066350303176644502e+03 1.092057782981065429e+03 1.118748118113907367e+03 1.142719805062409478e+03 1.164939913581358041e+03 1.184262758491435079e+03 1.189684629334912188e+03 1.226556245063522965e+03 1.270454776893654980e+03 1.332683713676499110e+03 1.349885635259373430e+03 1.324578483388638233e+03 1.277069477300800600e+03 1.218882090865641658e+03 1.156588533293419687e+03 1.093777216139122174e+03 1.035186140170097815e+03 1.086980616799041400e+03 1.141828523401469056e+03 1.198600586489653324e+03 1.253155944492414164e+03 1.304263281646065707e+03 1.350011303602391990e+03 1.388291026511350765e+03 1.416970610500766497e+03 1.435659208629713930e+03 1.447404175448321894e+03 1.456936378791990364e+03 1.462533103616778590e+03 1.466764254823620149e+03
1.202988143323966369e+03 1.149761105038641972e+03 1.097639841848005517e+03 1.048129664089400421e+03 1.000847219139991921e+03 9.554961745245902875e+02 9.990780316886479113e+02 1.027335853782221875e+03 1.030851675757211069e+03 1.053990609915252207e+03 1.077724501782413654e+03 1.102332537589180902e+03 1.128471942318417632e+03 1.156511443486350117e+03 1.235980521906807326e+03 1.292573525087526605e+03 1.333539186533383372e+03 1.340265512899091846e+03 1.311136610218719852e+03 1.262249252311102737e+03 1.203772129438244292e+03 1.141801109737657953e+03 1.079764695055128186e+03 1.021173615028179256e+03 1.076018843530492404e+03 1.134612238880684345e+03 1.193503065745622280e+03 1.250543635425282673e+03 1.303385839680472827e+03 1.349114857586544531e+03 1.384397255344694486e+03 1.405810720484466401e+03 1.415050396986493752e+03 1.418874218401127564e+03 1.419186504719411914e+03 1.415831367636508503e+03 1.412251956342978929e+03
1.192272374434475751e+03 1.137042568220291969e+03 1.084932954480128046e+03 1.035434014215992420e+03 9.881624667231984631e+02 9.428216975916890306e+02 9.644212982593624020e+02 9.861803926568775296e+02 1.008261651843459504e+03 1.070817864509890569e+03 1.116788849340313163e+03 1.153352521509758162e+03 1.185456625368817868e+03 1.211764705548335087e+03 1.269464750101252093e+03 1.315293335005457493e+03 1.341258894173125327e+03 1.334449014611044731e+03 1.299053109330770212e+03 1.247528876794972575e+03 1.188176695028816994e+03 1.126324393333560693e+03 1.065822439032471038e+03 1.007630641282539045e+03 1.066222065429423765e+03 1.127199900019197457e+03 1.187754700448097310e+03 1.245568931700148141e+03 1.297388736678776468e+03 1.338880933178509849e+03 1.364964160008439649e+03 1.375427495851155072e+03 1.376601588961711286e+03 1.373785781935473324e+03 1.367890687766367137e+03 1.359049647973541823e+03 1.350989956684722074e+03
1.181060246244400787e+03 1.125840813482678186e+03 1.073741498791222511e+03 1.024252495035825632e+03 9.769905018158760868e+02 9.316582837537515616e+02 9.693424150655109770e+02 1.005342256489953570e+03 1.043374038289217424e+03 1.091835044020378518e+03 1.140092228534783089e+03 1.185376136890042517e+03 1.226939671537945060e+03 1.261971320066486669e+03 1.304771177379557002e+03 1.337892615140515090e+03 1.348280166500863288e+03 1.327752991333177079e+03 1.285920544335246859e+03 1.231599671956762677e+03 1.171064121653552547e+03 1.107918571173338705e+03 1.049326083099345396e+03 9.944798400191624523e+02 1.056358668203309890e+03 1.118874277558817084e+03 1.180043764053493305e+03 1.236810353568317396e+03 1.284698757147049719e+03 1.317094078195090560e+03 1.331181552350686843e+03 1.333007333268050616e+03 1.327830168630584012e+03 1.320013874692448553e+03 1.309885578398345160e+03 1.297354057263760296e+03 1.287527801203427998e+03
1.170151992020611942e+03 1.114942758684650471e+03 1.062853497607805593e+03 1.013374175884717488e+03 9.661213309316235609e+02 9.207968448884131476e+02 9.645404066114340367e+02 1.008096250237098843e+03 1.053092002029487276e+03 1.101627572159641204e+03 1.151614924421971637e+03 1.200994084148744378e+03 1.247983203834112146e+03 1.290587947427120753e+03 1.328457653500518290e+03 1.352711678627414813e+03 1.350308694510768873e+03 1.320638655334814757e+03 1.273704477521406716e+03 1.217122809528714697e+03 1.156370748524187320e+03 1.095125143287418041e+03 1.036532760529689995e+03 9.816857041219124085e+02 1.045040474354990465e+03 1.108239391796886594e+03 1.168609319327590356e+03 1.222123691556332005e+03 1.262947924636884636e+03 1.283566231622336772e+03 1.288470760533640487e+03 1.283616490617397858e+03 1.273606358704962076e+03 1.262335934458018755e+03 1.249509894170986399e+03 1.233991216159097576e+03 1.224164405049466950e+03
1.159563511290739598e+03 1.104364265893510037e+03 1.052284791882761510e+03 1.002814846372222291e+03 9.555706387444022312e+02 9.102530492757517777e+02 9.572963520942334981e+02 1.005131992091035158e+03 1.054389357612664298e+03 1.105642055337387319e+03 1.158229970545908373e+03 1.210717204640096952e+03 1.261039806094273445e+03 1.306253704116482822e+03 1.342035497355029293e+03 1.359884541055974523e+03 1.347714871968248872e+03 1.311493316290897610e+03 1.260717275178890304e+03 1.202198134487728566e+03 1.140981244745456024e+03 1.081139670290707272e+03 1.023948845371438210e+03 9.692178823192208483e+02 1.033898092526052324e+03 1.097085800186231154e+03 1.155465633371449030e+03 1.203831243740458603e+03 1.234223998420284715e+03 1.243388926181725083e+03 1.240709296336609214e+03 1.230635270820152982e+03 1.216890496368346476e+03 1.203617408099359864e+03 1.189802812840758861e+03 1.175391127251120679e+03 1.199215140499893323e+03
1.149265751948734760e+03 1.094076291444424896e+03 1.042006352219025757e+03 9.925454565399519424e+02 9.453093347590445319e+02 8.999979248249533157e+02 9.491146367463127262e+02 9.995990507567393024e+02 1.051795811911436203e+03 1.105811267933028375e+03 1.161084685099300032e+03 1.216199674751365819e+03 1.268760306155306807e+03 1.314980343915261301e+03 1.348779669793968424e+03 1.359833314492043201e+03 1.340008751283694892e+03 1.299392155655865281e+03 1.246034481062655004e+03 1.185624931112440663e+03 1.122266654794253327e+03 1.063673114330550106e+03 1.008826246695950658e+03 9.570279265089563978e+02 1.021703607292018205e+03 1.083576389209577655e+03 1.138228611091801895e+03 1.179149418409384680e+03 1.197842137989558523e+03 1.198644674756010090e+03 1.190225502202445114e+03 1.176251024104122052e+03 1.159147782099823417e+03 1.145273246775949247e+03 1.131205202503533883e+03 1.152892934195426506e+03 1.209880627118992606e+03
1.139222535373924075e+03 1.084042523826656861e+03 1.031981864955620495e+03 9.825296760273110976e+02 9.353010921185937150e+02 8.899953451117370378e+02 9.393729962803563467e+02 9.913491297592211140e+02 1.045539355777391165e+03 1.101791333177166734e+03 1.159360680682597831e+03 1.216460207586536399e+03 1.270265064321989939e+03 1.316403997225861758e+03 1.348052337166173402e+03 1.354393653939815749e+03 1.330798258087373824e+03 1.287986149492289314e+03 1.233577871444024368e+03 1.173005010687993718e+03 1.110356933925832891e+03 1.051763569792849694e+03 9.969162212164492303e+02 9.451169631949294399e+02 1.009717119915083117e+03 1.069441696570944032e+03 1.118927870555030722e+03 1.149559600814842725e+03 1.157219097560299360e+03 1.151255200023963198e+03 1.138610361834025070e+03 1.122228118160470785e+03 1.104298663364555296e+03 1.090424973435048514e+03 1.110504795951266033e+03 1.165745210516678299e+03 1.217704478027816094e+03
1.129417656496135351e+03 1.074243849298337409e+03 1.022191736990901973e+03 9.727478329341722656e+02 9.255262682564735996e+02 8.802258957180519019e+02 9.295975631206150638e+02 9.815657909554872731e+02 1.036646461277281105e+03 1.094869732520460047e+03 1.154667918452919139e+03 1.213287714455438390e+03 1.267486411432007344e+03 1.312542981162307115e+03 1.341528758546207655e+03 1.344373268983802745e+03 1.319596740591540083e+03 1.276689152644121805e+03 1.222577059891147428e+03 1.162044259231073966e+03 1.098686943496220465e+03 1.040093614694065081e+03 9.852456858890334388e+02 9.334455825215296727e+02 9.961247826947172825e+02 1.052014060265671560e+03 1.094531051623129542e+03 1.113804133829397870e+03 1.113359792424208081e+03 1.102278742704218530e+03 1.086678742167276141e+03 1.068816163571175821e+03 1.052503374134126489e+03 1.071220770271413357e+03 1.124311820686299143e+03 1.174413730175904220e+03 1.218957247551194769e+03
