_codes/_figurecodes/_data/highRvar/steadystate/20m_HalfMtrThresh_Diffusion_Tc1/topographic_elevation_depth20m_tc1.asc
ncols 200
nrows 200
xllcorner 0.0
yllcorner 0.0
cellsize 50.0
[rows 34 to 50 of 200, columns 37 to 73 of 200]
1.040668166471190489e+03 9.801217016555784767e+02 9.215271715329486142e+02 8.666781027710850367e+02 8.148795181959907268e+02 7.656308231216615923e+02 7.185568810643128472e+02 6.733676769873273997e+02 6.298333494325830770e+02 6.845079993211658120e+02 7.417448509749762025e+02 8.018853777845057493e+02 8.640874813042039477e+02 9.249421033697718713e+02 9.792487727292506179e+02 1.019393725162788201e+03 1.033683818212595042e+03 1.012677314147511538e+03 9.692070599413250420e+02 9.130778513512973404e+02 8.507864803658956134e+02 7.874282055242236993e+02 7.288328783155258179e+02 7.921600475543748416e+02 8.553107999653929028e+02 9.150305648869256174e+02 9.657619036987550771e+02 9.985046102771416372e+02 9.991663067641636644e+02 9.707042228368446786e+02 9.236269172225339616e+02 8.672108848627792668e+02 9.218376934396854949e+02 9.597102720940331437e+02 9.691929419631442215e+02 9.447816689932365080e+02 8.999545809851563263e+02
1.035792967110272684e+03 9.746537368719211827e+02 9.160591606209324027e+02 8.612100625774729679e+02 8.094114862534014492e+02 7.601628391000609781e+02 7.130889745255360594e+02 6.678998680730926480e+02 6.243656500313834385e+02 6.792127925893015572e+02 7.378069659860792626e+02 7.993599434720874797e+02 8.617739366635887563e+02 9.221498331791283363e+02 9.754164499601650959e+02 1.013537393975695522e+03 1.024202468407205288e+03 1.000478066481178416e+03 9.556581395651937783e+02 8.991974672221799665e+02 8.374751474354540051e+02 7.747120657325503998e+02 7.161169780335379755e+02 7.792290496480692354e+02 8.419513832667140605e+02 9.008986665370484843e+02 9.503843941070157371e+02 9.814539538622500459e+02 9.809361229865786527e+02 9.498533990186981555e+02 9.006200571945834099e+02 8.417605723208973814e+02 8.976256723562784146e+02 9.384672258891483807e+02 9.532426147481859289e+02 9.330714035426102555e+02 8.908646513693896622e+02
1.030690802397291009e+03 9.692163353745463610e+02 9.106217146308428028e+02 8.557725912384314597e+02 8.039740275439831976e+02 7.547254317027343404e+02 7.076516469745555469e+02 6.624626395320344727e+02 6.189285288849844164e+02 6.737755404561800106e+02 7.323696018731358208e+02 7.949634961332519651e+02 8.577685892612174712e+02 9.179352283485995940e+02 9.703644650495091355e+02 1.006827440527477279e+03 1.014797917428120968e+03 9.891823791182634977e+02 9.433182632688094600e+02 8.864897400689494589e+02 8.248554023907980763e+02 7.622925274379698521e+02 7.036976815369417864e+02 7.665306634987000507e+02 8.287972096248806793e+02 8.870075732297925697e+02 9.353688901198678423e+02 9.648494172710265957e+02 9.621917708623576573e+02 9.290491634228231987e+02 8.780674625580005568e+02 8.177260949223270927e+02 8.733051630361956086e+02 9.160620042752260588e+02 9.362992936149258867e+02 9.219419094444293705e+02 8.826042158968778040e+02
1.025458607350354896e+03 9.638089350852155803e+02 9.052142717012357025e+02 8.503651269173053606e+02 7.985665800983310874e+02 7.493180388239876493e+02 7.022443361770515367e+02 6.570554286896775693e+02 6.135214223539600198e+02 6.683683057265130856e+02 7.269622532019675418e+02 7.899148442786912483e+02 8.528748095489451089e+02 9.128259890054317793e+02 9.645428082964812120e+02 9.996508951574489856e+02 1.005508915623182247e+03 9.784275865507544268e+02 9.316912832625221199e+02 8.744530930507648918e+02 8.127049757607103402e+02 7.501477230968800995e+02 6.915531220505147303e+02 7.540884887117142625e+02 8.158931957974859870e+02 8.733874939219331281e+02 9.206705198822072589e+02 9.485776958902503111e+02 9.436435604459705928e+02 9.087024338910516690e+02 8.563529643617177953e+02 7.950539425868965964e+02 8.509543414369186394e+02 8.949814308519586348e+02 9.180363852779353238e+02 9.079766906475460928e+02 8.716495375481026713e+02
1.020159915487291414e+03 9.584309913012273228e+02 8.998362873254634451e+02 8.449871251160992642e+02 7.931885992872860243e+02 7.439401157011491250e+02 6.968664972063721734e+02 6.516776901196650442e+02 6.081437841160748121e+02 6.629905430837324047e+02 7.215843751262974592e+02 7.846151946209230346e+02 8.475432793324933982e+02 9.072155352855387491e+02 9.582772837630330969e+02 9.922273632186219174e+02 9.963284885993316493e+02 9.680219617357201969e+02 9.205149258613233769e+02 8.628508852568469365e+02 8.009015358957176431e+02 7.382583921202628972e+02 6.796640401914663698e+02 7.419032304018763853e+02 8.032536737347473945e+02 8.600521776845880595e+02 9.062923951705344052e+02 9.326737915083831467e+02 9.255412342740571603e+02 8.889923071835032715e+02 8.355232662526602780e+02 7.735166622653098329e+02 8.298120381811813786e+02 8.743098420691507044e+02 8.982599386823351324e+02 8.912498038259727764e+02 8.580409566736622082e+02
1.014837500713508916e+03 9.530819759461184049e+02 8.944872336031265831e+02 8.396380579290264450e+02 7.878395570755621975e+02 7.385911341637863643e+02 6.915176016904283642e+02 6.463288949073823915e+02 6.027950844646858286e+02 6.576417237332042305e+02 7.162354393692088479e+02 7.792177145829482470e+02 8.420046483850519508e+02 9.013456913392229808e+02 9.517784364999772606e+02 9.846906963513238225e+02 9.872516195941838077e+02 9.578643022219732757e+02 9.096520522639875708e+02 8.515632206759158862e+02 7.893771789409015582e+02 7.266074627224270444e+02 6.680133650767702420e+02 7.299700103868202632e+02 7.908836906955463064e+02 8.470087804100747917e+02 8.922384967094253625e+02 9.171510753204551065e+02 9.079345354304722377e+02 8.699263043261906887e+02 8.155026983604766428e+02 7.529446353495451376e+02 8.099659089378434373e+02 8.538067713617164145e+02 8.752305439055269289e+02 8.704310734653535064e+02 8.409267432367096262e+02
1.009523961177278352e+03 9.477613768614787659e+02 8.891665985328488659e+02 8.343174133371055632e+02 7.825189413158927891e+02 7.332705819237531841e+02 6.861971371017265255e+02 6.410085299585122129e+02 5.974748096447857506e+02 6.523213347070168311e+02 7.109149335136403351e+02 7.737884111870266679e+02 8.363759791745908387e+02 8.953544394319566209e+02 9.451732234666886825e+02 9.771222498318494445e+02 9.782778092885445176e+02 9.479007645925081533e+02 8.990290299315696529e+02 8.405250553624547365e+02 7.780915768938776864e+02 7.151797164215935254e+02 6.565858781997847018e+02 7.182873724765732959e+02 7.787920392190651455e+02 8.342642758715915079e+02 8.784998647059488803e+02 9.019787863875002358e+02 8.907721514960202285e+02 8.514198851890746482e+02 7.961498364332292113e+02 7.330949183243225207e+02 7.886694582320623113e+02 8.296575047607033184e+02 8.463256463092210424e+02 8.425233359081269100e+02 8.186049721631325156e+02
1.004251770801010821e+03 9.424686971372536846e+02 8.838738853435072542e+02 8.290246945409326145e+02 7.772262550809967934e+02 7.279779619036613667e+02 6.809046060879531979e+02 6.357160973488171294e+02 5.921824612215956449e+02 6.470288782097287594e+02 7.056223603324788201e+02 7.683581273985658981e+02 8.307172550009447605e+02 8.893178809328203442e+02 9.385347523971677219e+02 9.695696637259389945e+02 9.694072047207869218e+02 9.381007021958038194e+02 8.886031845398956648e+02 8.296971793446106176e+02 7.670177436438324321e+02 7.039615159945495861e+02 6.453679409904526665e+02 7.068684357148609934e+02 7.670087502921487612e+02 8.218387769625439887e+02 8.650532288473531253e+02 8.870714093462901246e+02 8.739297674361831696e+02 8.333462016376564634e+02 7.773498416926696564e+02 7.138893708034817109e+02 7.666756782084121369e+02 8.026880484388304922e+02 8.123960277003643569e+02 8.058551010978421800e+02 7.846656105083287684e+02
9.990654186770914293e+02 9.372034544779004364e+02 8.786086118614343832e+02 8.237594193291447482e+02 7.719610160309890716e+02 7.227127916013796494e+02 6.756395258405862023e+02 6.304511137115124484e+02 5.869175554777527850e+02 6.417638710017253061e+02 7.003572371559498606e+02 7.629419331918828675e+02 8.250594457501541683e+02 8.832770878287478808e+02 9.319034704631916384e+02 9.620590536124138907e+02 9.606379826392771974e+02 9.284436027895686721e+02 8.783456559882152987e+02 8.190510972328279422e+02 7.561335585633736400e+02 6.929405827781521339e+02 6.343472720168090291e+02 6.957656049815540200e+02 7.556208885487179714e+02 8.097941908420098116e+02 8.518595189585749949e+02 8.722362287041497666e+02 8.571761459156741694e+02 8.155170182282816995e+02 7.589731863620168042e+02 6.952632183822913703e+02 7.449168839657361332e+02 7.729815600091243368e+02 7.745579906796639307e+02 7.627970031295952822e+02 7.387933135645113225e+02
9.940381867471679698e+02 9.319651806021890934e+02 8.733703099111991150e+02 8.185211194802252521e+02 7.667227558139211396e+02 7.174746024886241003e+02 6.704014274990990998e+02 6.252131096587004322e+02 5.816796228355821086e+02 6.365258438169403234e+02 6.951190952738513715e+02 7.575473088126470884e+02 8.194185193811576937e+02 8.772536973097797954e+02 9.253006367935988692e+02 9.546030619035889231e+02 9.519656022610580521e+02 9.189126925465945988e+02 8.682325441632231104e+02 8.085597121081592604e+02 7.454128868126770158e+02 6.821058128043817987e+02 6.235127633203285313e+02 6.851364411548995577e+02 7.448506481250465185e+02 7.982975133526816762e+02 8.388681607840217112e+02 8.569830292658045892e+02 8.400757622291107509e+02 7.976421643899169567e+02 7.408397309810441129e+02 6.770779759393684571e+02 7.209709741908983460e+02 7.396402414826802669e+02 7.341170887933085396e+02 7.164376088611649038e+02 6.875695962603585940e+02
9.892879219954365908e+02 9.267534206744156791e+02 8.681585247477872826e+02 8.133093401954356523e+02 7.615110194974096203e+02 7.122629394414722128e+02 6.651898555883998370e+02 6.200016292337849109e+02 5.764682073021888300e+02 6.313143408118993420e+02 6.899074793704382955e+02 7.521779689081852212e+02 8.138026521186037598e+02 8.712587037291523302e+02 9.187364329458612247e+02 9.472060698145512561e+02 9.433833948518476973e+02 9.094931630028740983e+02 8.582425567303821481e+02 7.981926651963763106e+02 7.348033143139163030e+02 6.714471238275581300e+02 6.128543278908489356e+02 6.754199912376777775e+02 7.351848284796099051e+02 7.877270870294339602e+02 8.261003131922963121e+02 8.398279123148196277e+02 8.218425849654380499e+02 7.793178966712627016e+02 7.227672678083850997e+02 6.593006895120432773e+02 6.963533471409857611e+02 7.053055588478116533e+02 6.928170859979342140e+02 6.692844969539155500e+02 6.352252763595275837e+02
9.849243499840539471e+02 9.215677327650788584e+02 8.629728145182272101e+02 8.081236395609787451e+02 7.563253650295710031e+02 7.070773602010096965e+02 6.600043674871230905e+02 6.148162293917611123e+02 5.712828659356659955e+02 6.261289190432817122e+02 6.847219469898478792e+02 7.468358628064210052e+02 8.082161865997962877e+02 8.652974640154575354e+02 9.122146201052474908e+02 9.398671628523514983e+02 9.348833360975829692e+02 9.001735178826241963e+02 8.483639947837434647e+02 7.879402677487630626e+02 7.242977025775793436e+02 6.609417543279395204e+02 6.023491995779655781e+02 6.648783384422923746e+02 7.239414925010451043e+02 7.746686484832447377e+02 8.097862630962395087e+02 8.187968444393167147e+02 8.015311293828274302e+02 7.600922074315385544e+02 7.045740569546768484e+02 6.419023836021725629e+02 6.713416016080576583e+02 6.705965010531264170e+02 6.515924041852812252e+02 6.229638317366603815e+02 6.290855089951687660e+02
9.885207789586377203e+02 9.265242703195118565e+02 8.669253579503581477e+02 8.104471956031161426e+02 7.569942735682751618e+02 7.062251984600048900e+02 6.577756281304890535e+02 6.112369164019557957e+02 5.661231683315461396e+02 6.209691479715642117e+02 6.795620680299488185e+02 7.415224907331704571e+02 8.026622580567977820e+02 8.593728109968411673e+02 9.057349236420500347e+02 9.325806666007671311e+02 9.264540745589936250e+02 8.909424712707988192e+02 8.385916114310762168e+02 7.778115930643084539e+02 7.139382983321279426e+02 6.505825919823490722e+02 5.919902614792925988e+02 6.541370413199177847e+02 7.118708470168880922e+02 7.597248170751217913e+02 7.900954176693279578e+02 7.938630538814420561e+02 7.783949765150736084e+02 7.395692886166624476e+02 6.861235051792355080e+02 6.248574101596800574e+02 6.449649343328139821e+02 6.352305740967916563e+02 6.107563043416624851e+02 6.168556088421073582e+02 6.487873486724805616e+02
9.889575213921475552e+02 9.270017920316026903e+02 8.664974533000423662e+02 8.088617099212658559e+02 7.542916931918729233e+02 7.024939875296671516e+02 6.532468173392973085e+02 6.061747635500017850e+02 5.609874446326658699e+02 6.158333574758402165e+02 6.744261727245921065e+02 7.362402707464791547e+02 7.971455891730249732e+02 8.534877208311991126e+02 8.992939229159296701e+02 9.253341239304803594e+02 9.180753584291978768e+02 8.817803500120760418e+02 8.289114597145553489e+02 7.677992975121444488e+02 7.037185343682187977e+02 6.403630667508325587e+02 5.817709399277312059e+02 6.439210127760501337e+02 6.998418085336701324e+02 7.434344518079069530e+02 7.656296323407153750e+02 7.636621480608127968e+02 7.506479417280904727e+02 7.173411549812652765e+02 6.673863361165631432e+02 6.080785594490844232e+02 6.164493341826412234e+02 5.987408543002194392e+02 6.046746925687955354e+02 6.252454750934697358e+02 6.460774017715698392e+02
9.869255400044686439e+02 9.244373057518791938e+02 8.626232559781649343e+02 8.040282019696260249e+02 7.491792804803682202e+02 6.973816540819173042e+02 6.481345754735912124e+02 6.010626023277642389e+02 5.558753271713850381e+02 6.107211795568829302e+02 6.693138933963609816e+02 7.309965753537436512e+02 7.916777535751981532e+02 8.476491165229939497e+02 8.928847471469456423e+02 9.181030571543715268e+02 9.097095908406741955e+02 8.726514890131011271e+02 8.192968929328767445e+02 7.578849518797019300e+02 6.936204304693006861e+02 6.302651957947717847e+02 5.716732499861201404e+02 6.323035901538701182e+02 6.849706627676862354e+02 7.223915295446518030e+02 7.343375146642857771e+02 7.265375128325980540e+02 7.142966328647520413e+02 6.879776733974047147e+02 6.443516977892011255e+02 5.914904800003031369e+02 5.869014526593438177e+02 5.928191402284832066e+02 6.434518667130039375e+02 6.778498363653537808e+02 7.039665517369219288e+02
9.833586062617877133e+02 9.203318034538876873e+02 8.575340311396921607e+02 7.989389933646785948e+02 7.440901250987584490e+02 6.922925792797497024e+02 6.430455910915538880e+02 5.959736944323143462e+02 5.507864578523889350e+02 6.056322557219938290e+02 6.642248718115527026e+02 7.258115642784381407e+02 7.862882394958980967e+02 8.418747312986505449e+02 8.864944686413225554e+02 9.108384985153410298e+02 9.012861157999097941e+02 8.634932577611646138e+02 8.097054917846908211e+02 7.480465286334438133e+02 6.836392904196526388e+02 6.202842801274980502e+02 5.616924917175166456e+02 6.202722067650679492e+02 6.687166430345089339e+02 6.982988799040730328e+02 6.983986056067959680e+02 6.824986662675689786e+02 6.711073052850251770e+02 6.498333476072526764e+02 6.140800263268399704e+02 5.750861044171275580e+02 5.809897834601570139e+02 6.287165440730116188e+02 6.752395876598583300e+02 7.160527554694305081e+02 7.493851861984522884e+02
9.789922095083040858e+02 9.156682841319787940e+02 8.524677087860867459e+02 7.938726906840795436e+02 7.390238783672059526e+02 6.872264141854317359e+02 6.379795149405490520e+02 5.909076905167726181e+02 5.457204877943787551e+02 6.005662366494236721e+02 6.591587588451617421e+02 7.207407432069193192e+02 7.810504450604041722e+02 8.362062195036788808e+02 8.800951015512825961e+02 9.034359793434255153e+02 8.926683392531526806e+02 8.541950895046642245e+02 8.000692111987445969e+02 7.382526912216146684e+02 6.737707175942156255e+02 6.104159207134663347e+02 5.518242665129612305e+02 6.089865637824985924e+02 6.527651921257628373e+02 6.720163758408439207e+02 6.591529003688181092e+02 6.300399679115276967e+02 6.231081348258613843e+02 6.017317305176163700e+02 5.637321309306755666e+02 5.694029974219771475e+02 6.095557105149624704e+02 6.512290861414626306e+02 6.933330178277698224e+02 7.345885181676201228e+02 7.735701234397230337e+02
