_codes/_figurecodes/_data/highRvar/steadystate/20m_HalfMtrThresh_Diffusion_Tc1/topographic_elevation_depth20m_tc1.asc
ncols 200
nrows 200
xllcorner 0.0
yllcorner 0.0
cellsize 50.0
[rows 85 to 101 of 200, columns 37 to 73 of 200]
4.125856965170861486e+02 4.077900586866410890e+02 3.880669532168200817e+02 3.471416326064003783e+02 3.427403363958248974e+02 3.178569337064082561e+02 3.210577422870246096e+02 3.802286861341050894e+02 4.338306410965051896e+02 4.709978662014338511e+02 4.923964218317715336e+02 5.018468262541572926e+02 5.022884288327426248e+02 4.963940228340924818e+02 4.831795176381300507e+02 4.642885681053152211e+02 4.421669623093131918e+02 4.549863636083688334e+02 4.678589636125160496e+02 5.375697928005956783e+02 6.088203812606225256e+02 6.637037168130624423e+02 7.044960542603143949e+02 7.302317024097936837e+02 7.457429853348482993e+02 7.559581862358147646e+02 7.659286313224448577e+02 7.779411088458798531e+02 7.883272416603210786e+02 8.260282562209844173e+02 8.713460383052713496e+02 9.223915328662891397e+02 9.772263302837636729e+02 1.032774469892215393e+03 1.084908535186971221e+03 1.128037122671464203e+03 1.154578954469393238e+03
3.686885586338839857e+02 3.647643255389570527e+02 3.536827998151475754e+02 3.260372156693007923e+02 3.114610004680852740e+02 3.146584508669091065e+02 3.692298584387141887e+02 4.249263534213939124e+02 4.770621871684058419e+02 5.171007481827056154e+02 5.411383291366917092e+02 5.520049425254009066e+02 5.520961618435509308e+02 5.452739315765921901e+02 5.318630157921954833e+02 5.132665676114547750e+02 4.914120724610419302e+02 4.961006012070787961e+02 4.810379020572387958e+02 5.404189131784296478e+02 5.948946127992068114e+02 6.394936888910890502e+02 6.709564096839864078e+02 6.918135709716713109e+02 7.084237714078401495e+02 7.222883144716100787e+02 7.344451971795714371e+02 7.431750290853568686e+02 7.402351077947369049e+02 7.930192687183462112e+02 8.468600674411383125e+02 9.040293888937020483e+02 9.638718387329423649e+02 1.022310567350961833e+03 1.074845000595975307e+03 1.115722852831868067e+03 1.137270977588639198e+03
3.201659000541081355e+02 3.151293284149010105e+02 3.100986088292599447e+02 3.050702273986554474e+02 3.082648403764153500e+02 3.545012815716733598e+02 4.050877833226212488e+02 4.579100016558815014e+02 5.094077256543842509e+02 5.540225564618096996e+02 5.846466754767004659e+02 5.993726994997319935e+02 6.010415058749462105e+02 5.947811258752636832e+02 5.817265772309609702e+02 5.635805973560204620e+02 5.432070423520967779e+02 5.303614213652191438e+02 4.943344300219174556e+02 5.391615396953640129e+02 5.750209393848151649e+02 6.027379738874228678e+02 6.233886238448759514e+02 6.404112435416213884e+02 6.567699747603203377e+02 6.724379838047685780e+02 6.872804553654893880e+02 6.995046575108265188e+02 7.027368017513441600e+02 7.575850387546744287e+02 8.161792735054252717e+02 8.795351574208651755e+02 9.468670374647771268e+02 1.008307431273320276e+03 1.059776948190562734e+03 1.095533567315448181e+03 1.109058212592635982e+03
3.741898519673522401e+02 3.601416432110793835e+02 3.375376501409384673e+02 3.022696640843307705e+02 3.371141106279322344e+02 3.802713892791629746e+02 4.286460824032287746e+02 4.799737788839742620e+02 5.314696360345138828e+02 5.791994473328205686e+02 6.178808923515224478e+02 6.407898636660021339e+02 6.469188419971527537e+02 6.431503842779744673e+02 6.313395020817206387e+02 6.131905449428671773e+02 5.898622750798767811e+02 5.592456912270631619e+02 5.077214842889855504e+02 5.215942042838324824e+02 5.357513001374918531e+02 5.502928664208876626e+02 5.652560763288391854e+02 5.807836683899012087e+02 5.970111045197636486e+02 6.139881496823053340e+02 6.318442648023665242e+02 6.507521742055582763e+02 6.709515624331444315e+02 7.295453415059446343e+02 7.929015498115740002e+02 8.626156257425294598e+02 9.344798630816256946e+02 9.962243994766256492e+02 1.043222522705496203e+03 1.068410221365965754e+03 1.071740480292080747e+03
4.164350319509183578e+02 3.882583423207476585e+02 3.486869946713737249e+02 2.994705959313263861e+02 3.443770340589023817e+02 3.911836526167725197e+02 4.406399109073730642e+02 4.922161798111179110e+02 5.443903653509349851e+02 5.945625923230784338e+02 6.388870785473981186e+02 6.720202986320622358e+02 6.868734719084836797e+02 6.882698369937140797e+02 6.794215936612913538e+02 6.624782843683699411e+02 6.385273454064187035e+02 6.066919626411064428e+02 5.625670528027923183e+02 5.764174441406245251e+02 5.875464638784891349e+02 6.020881700101606384e+02 6.145018563573688652e+02 6.300296495496309035e+02 6.488070469442171770e+02 6.657843757454933211e+02 6.824391867366157385e+02 6.955038598063175641e+02 6.969378801557985526e+02 7.255323082585222210e+02 7.888886609707572006e+02 8.586028319149650088e+02 9.290392991501478264e+02 9.862187990660831929e+02 1.023618787164217451e+03 1.033618367862059358e+03 1.026094110650614766e+03
4.415089604539952006e+02 4.001361653613217868e+02 3.513934879516918954e+02 2.966733514481410907e+02 3.449937221712956443e+02 3.941795488391354638e+02 4.449008291177156593e+02 4.971345274969119146e+02 5.501076770193468519e+02 6.021762783989204308e+02 6.506269942783142142e+02 6.913178073015827749e+02 7.177893529959160333e+02 7.274523418566438977e+02 7.241457057087685598e+02 7.107108337042931225e+02 6.889661492624005632e+02 6.596696444154537176e+02 6.211590243141419023e+02 6.339439505460554756e+02 6.423929436743311499e+02 6.561349644210068845e+02 6.662980679441305938e+02 6.818261007237074409e+02 7.026590654960463098e+02 7.204065819812078644e+02 7.357966512062577067e+02 7.471548068047700326e+02 7.517860776277445893e+02 7.567881704073787432e+02 7.925411901191574771e+02 8.668779420787174104e+02 9.329759076445636765e+02 9.813024184813622242e+02 1.002906809195061669e+03 9.938386018100808315e+02 9.730921003769593653e+02
4.491009041493312566e+02 4.010082224836968408e+02 3.488543944376636432e+02 2.938780921331542118e+02 3.423861333558073170e+02 3.919797830032059096e+02 4.428588328430052456e+02 4.950080315349961211e+02 5.480017816719413304e+02 6.008178134734016567e+02 6.516291874257536847e+02 6.975517969914232026e+02 7.343668945167077027e+02 7.567308418926430704e+02 7.626090126721504703e+02 7.558845059176073846e+02 7.395605355047323428e+02 7.159896255325701304e+02 6.845137971417227618e+02 6.951796040739219507e+02 7.009860570223431750e+02 7.132590565081578688e+02 7.211456624314604369e+02 7.366738891397575344e+02 7.589692473075623411e+02 7.772293006518794982e+02 7.922284000402592028e+02 8.034701139508465531e+02 8.103803284499994106e+02 8.153825155856463880e+02 8.321060801945775438e+02 8.813536159765354796e+02 9.438397702359618506e+02 9.787231689477384862e+02 9.788287100641163079e+02 9.492879717375733435e+02 9.129084268427337747e+02
4.473898087880788239e+02 3.967181570807601361e+02 3.443980119847535661e+02 2.910853069432280336e+02 3.381576275193500010e+02 3.869941443102891299e+02 4.369833553060545341e+02 4.881175316895235028e+02 5.401935375855952088e+02 5.926284485781424110e+02 6.442689762280331252e+02 6.932025225587441355e+02 7.365971852051039832e+02 7.706477226076069655e+02 7.904529175110435517e+02 7.945051993185857100e+02 7.873283510626339421e+02 7.732942218636098914e+02 7.542273441286235993e+02 7.601109131674480750e+02 7.643417609517966866e+02 7.739002006644220728e+02 7.797395597850501190e+02 7.952678732854772079e+02 8.179546664262269360e+02 8.362473935432662984e+02 8.511156571593647868e+02 8.627439171686697819e+02 8.714645741351115475e+02 8.787384342012138632e+02 8.954618207043955636e+02 9.330225106065905720e+02 9.698594193719594614e+02 9.814204526845772989e+02 9.568831528670629041e+02 9.035626162379170410e+02 8.543179434980947917e+02
4.382557576711182037e+02 3.878172331521355432e+02 3.377499884708719264e+02 2.882953166455088194e+02 3.334836342912654459e+02 3.805553624221702762e+02 4.287327413449113465e+02 4.778879812778650944e+02 5.280614089135136737e+02 5.790270930428536076e+02 6.301368413183037092e+02 6.801854684679561842e+02 7.273045956246435253e+02 7.688974436167814019e+02 8.015858120022468256e+02 8.212110085445730192e+02 8.271272063766323299e+02 8.256370340649671107e+02 8.205054297744210317e+02 8.242849308928224445e+02 8.290925991067144878e+02 8.367644875389588606e+02 8.430954854705447588e+02 8.586237701655209094e+02 8.789079631872707523e+02 8.962648723532528265e+02 9.107439291595117083e+02 9.226442019297666093e+02 9.327281288954228557e+02 9.430031486047489580e+02 9.583707002354532278e+02 9.810746152629551489e+02 9.972891923416289046e+02 9.864084130020698922e+02 9.473668028434553889e+02 8.881977564819507052e+02 8.158351706757958937e+02
4.245525868197880186e+02 3.754439749106413728e+02 3.288854413112494512e+02 2.855086018180513179e+02 3.289986633286370079e+02 3.734876806742815916e+02 4.187371703434436085e+02 4.648387761140126599e+02 5.121115962373576167e+02 5.606271799521223329e+02 6.100817034627468729e+02 6.597407217055696265e+02 7.083978025684564273e+02 7.543333207115053938e+02 7.953059775497689543e+02 8.286798766882370728e+02 8.517329520241835326e+02 8.648770329655485511e+02 8.720440264751983932e+02 8.807349300022273155e+02 8.884077438300521408e+02 8.974950939623059867e+02 9.063755342456570361e+02 9.205139321523431590e+02 9.383199148526970248e+02 9.541802502345500443e+02 9.677666451791167219e+02 9.793196868422583066e+02 9.894735064889381420e+02 9.993680014100031030e+02 1.010379152332347530e+03 1.020970186859667479e+03 1.019224432209922497e+03 9.916623906098701582e+02 9.442164351902368935e+02 8.830999658041394014e+02 8.139374917997679404e+02
4.076795626221543216e+02 3.585567247643380142e+02 3.140621941644414505e+02 2.827256372567118774e+02 3.234767961703375363e+02 3.651222821169037047e+02 4.065318654335924862e+02 4.483670580242741721e+02 4.918271975472560484e+02 5.371814856877201692e+02 5.842342346565294520e+02 6.324691651473542606e+02 6.810962362339422498e+02 7.289941457338167083e+02 7.746309427488494066e+02 8.162836092867427169e+02 8.524022879768926941e+02 8.822654240113854485e+02 9.048942374655925960e+02 9.232638978423314029e+02 9.372375110749641181e+02 9.500981112592801310e+02 9.610620006140613896e+02 9.747006790257223656e+02 9.907075487033351919e+02 1.004648949539828777e+03 1.016666831361112713e+03 1.027068931255002553e+03 1.036187576090582070e+03 1.044139646472719505e+03 1.050142595331720486e+03 1.050695343791966025e+03 1.034430373201583279e+03 9.977892760379774018e+02 9.465342528637886517e+02 8.856968140190680288e+02 8.192212677137198398e+02
3.852797412640022117e+02 3.320141256995123058e+02 2.771673413455761192e+02 2.799451118551374407e+02 3.184296513816525476e+02 3.566300693602775596e+02 3.921741201743477063e+02 4.276369186976866104e+02 4.669245072726089916e+02 5.092305424940724379e+02 5.539463257133668321e+02 6.004976377234293068e+02 6.483977416722075304e+02 6.970158910072341314e+02 7.450960934689485384e+02 7.913876578032719635e+02 8.349764152914876831e+02 8.753024868749262168e+02 9.116693475297101941e+02 9.436389091182752509e+02 9.687954410474745828e+02 9.879693165132661079e+02 1.001741085080050539e+03 1.014938889711441789e+03 1.028436452021476498e+03 1.039431218184014142e+03 1.048865550627989023e+03 1.057261169953902254e+03 1.064753880467784711e+03 1.070647497890264958e+03 1.072741527745756684e+03 1.065556844791759886e+03 1.041150359111569287e+03 1.001301813294765111e+03 9.501526610418823111e+02 8.922765055530501286e+02 8.321205358813772364e+02
3.615881570924603921e+02 3.141079715785479038e+02 2.743923165273570817e+02 2.986390671521569971e+02 3.247539761670831808e+02 3.493945176373517256e+02 3.732483252579590385e+02 3.975338468834743821e+02 4.355324472646021263e+02 4.766107969304205199e+02 5.200523951559144962e+02 5.652403038827287673e+02 6.123118667814774199e+02 6.615232395733003159e+02 7.108797256508953524e+02 7.593264324683586892e+02 8.067962091560889348e+02 8.535513712384884002e+02 8.986383741584934342e+02 9.401155684654983133e+02 9.754572543251794059e+02 1.002869074292398409e+03 1.020815879270943356e+03 1.032487563560373019e+03 1.040229246997742166e+03 1.046140210228715205e+03 1.051424766682262089e+03 1.056847592026283792e+03 1.062718558798789445e+03 1.067852376250431689e+03 1.069766456851292560e+03 1.063582449783864604e+03 1.040735742720256212e+03 1.003014474999922300e+03 9.543659298183523561e+02 8.993310354311000765e+02 8.421012992524092624e+02
3.172552552308703184e+02 2.688704522394628498e+02 2.716177803451243449e+02 2.855601678998822877e+02 2.996448138251045066e+02 3.139521026919791780e+02 3.285753082615225935e+02 3.579708670640262653e+02 3.987211188833011875e+02 4.407861357240190614e+02 4.843191507922944083e+02 5.295063093277169628e+02 5.765777073856073685e+02 6.258236574580485012e+02 6.758850930835222925e+02 7.240526719063337850e+02 7.724468610694357267e+02 8.238516393502555957e+02 8.760277234405233457e+02 9.245625950625241103e+02 9.652803075819450669e+02 9.944834582992768901e+02 1.009688076476358901e+03 1.016757517599367816e+03 1.018585652188167956e+03 1.020160997669660901e+03 1.022011912740774164e+03 1.025119892434839585e+03 1.030676638178623762e+03 1.037017263099760385e+03 1.042213649836811555e+03 1.043546396188817425e+03 1.031588587849543046e+03 1.001283378543328809e+03 9.573162416526211018e+02 9.051246161310159550e+02 8.493323732492317504e+02
2.633770555494665473e+02 2.661235960305539265e+02 3.136725241142547702e+02 3.356243276958341539e+02 3.472018514298324021e+02 3.519817246097406382e+02 3.447454512330582475e+02 3.785054978618206860e+02 4.173886549366398526e+02 4.564740814909009714e+02 4.949509177949732930e+02 5.333094310579153898e+02 5.716245702563317082e+02 6.074400483487110023e+02 6.414741062098121347e+02 6.841290719600461898e+02 7.288604929704042661e+02 7.865506475550510004e+02 8.478492480350960250e+02 9.023900523985540758e+02 9.444527902601834057e+02 9.681641382561995215e+02 9.764151905675024636e+02 9.781543566957701614e+02 9.759483167986620629e+02 9.742312038001579140e+02 9.730531799018199308e+02 9.737430999828136464e+02 9.802322321123430129e+02 9.887313398590339375e+02 9.980131482509327725e+02 1.007636806968603992e+03 1.009384279587693641e+03 9.926199002619107432e+02 9.559390816300386859e+02 9.072955903264021345e+02 8.526392544234006436e+02
2.606308301395979470e+02 3.121132895266524656e+02 3.570185219913246328e+02 3.824969937638450119e+02 3.924761504753286090e+02 3.892149704295882202e+02 3.613337580124020292e+02 3.783108040312576463e+02 4.214068939360478225e+02 4.561463499936833728e+02 4.860356613514804849e+02 5.140290045133640433e+02 5.411471972018440511e+02 5.645975595003463923e+02 5.791800828502656486e+02 6.227137286336298985e+02 6.697858487747602112e+02 7.394986769791024699e+02 8.183589214740289890e+02 8.769185179183835999e+02 9.152535031920230040e+02 9.293248759589985184e+02 9.301139073812510105e+02 9.264626434516412701e+02 9.214146041093418944e+02 9.174769087372344529e+02 9.133663201169556487e+02 9.097427776277886551e+02 9.194464345970229715e+02 9.302294306506146313e+02 9.425327949337404334e+02 9.604853466732300831e+02 9.756749891659288778e+02 9.750379518659298128e+02 9.481186122350508185e+02 9.041834893934042157e+02 8.510361268297265269e+02
2.979098319903592369e+02 3.477444240385052012e+02 3.941724938678483454e+02 4.256346358355059465e+02 4.379164338012510029e+02 4.357025292699809711e+02 4.179895763456538589e+02 3.954939601016144479e+02 4.131158711526181833e+02 4.313003531011284508e+02 4.501121408217995281e+02 4.698482204323249789e+02 4.908144100105539565e+02 5.134845787864229578e+02 5.384298603579004521e+02 6.017834083874554381e+02 6.714956093825496737e+02 7.445343658627041350e+02 8.093175003767048565e+02 8.575769137652135896e+02 8.822201060192188606e+02 8.838761443460080045e+02 8.764256392507373903e+02 8.671507715883911942e+02 8.609849266989751868e+02 8.564474525027042091e+02 8.499720127456993168e+02 8.400319996852142594e+02 8.549360132674377155e+02 8.669356001046361371e+02 8.784572212841569581e+02 9.051250835267006778e+02 9.354385283771040349e+02 9.509044108563956570e+02 9.366778258622842941e+02 8.981864216095634674e+02 8.466818454487844292e+02
