_codes/_figurecodes/_data/highRvar/steadystate/20m_HalfMtrThresh_Diffusion_Tc1/topographic_elevation_depth20m_tc1.asc
ncols 200
nrows 200
xllcorner 0.0
yllcorner 0.0
cellsize 50.0
[rows 102 to 118 of 200, columns 148 to 184 of 200]
7.214267274308521110e+02 7.316719938775644323e+02 7.417075112686214879e+02 7.509790155574187338e+02 7.586146245356783311e+02 7.630790248282153243e+02 7.618032134090411773e+02 7.547196762510998269e+02 7.427008173622396043e+02 7.897723772100650876e+02 8.389010153106889902e+02 8.899809372338846742e+02 9.437394637452422330e+02 1.000841679872581722e+03 1.061858819636918270e+03 1.126477630360045168e+03 1.190745046270415060e+03 1.250041403473408764e+03 1.299058995753611725e+03 1.330878464814210020e+03 1.343109892637202165e+03 1.344231687249418883e+03 1.342087452330274346e+03 1.338143236867198084e+03 1.327417580298032362e+03 1.304132510477606957e+03 1.267179455235019532e+03 1.221370821810159214e+03 1.170623504931034176e+03 1.117630238841438768e+03 1.064713716581362405e+03 1.013422988720360195e+03 9.623771389797299207e+02 1.012446085339615820e+03 1.063351536265774484e+03 1.117404812833804272e+03 1.173538867986092100e+03
6.608291991694359240e+02 6.713914701909909581e+02 6.820183520621094431e+02 6.924352154565864339e+02 7.021583752320509575e+02 7.100530872177279207e+02 7.128902001740909782e+02 7.016076536223779385e+02 7.214561534534479961e+02 7.685275654694493142e+02 8.177734262792474738e+02 8.695689917725727582e+02 9.244150106568625915e+02 9.830065410598779181e+02 1.046359692699429388e+03 1.116070558819440066e+03 1.181880631543072241e+03 1.238116950502670988e+03 1.279471016401409997e+03 1.298388664573877350e+03 1.300361980496243859e+03 1.294803557860106139e+03 1.291098764225698005e+03 1.290915724559395130e+03 1.288306274583571167e+03 1.278524386601764490e+03 1.255304780756240461e+03 1.217442032541635626e+03 1.169796477742475417e+03 1.116419067950476347e+03 1.060416834525407239e+03 1.003713069890997872e+03 9.469485056956466451e+02 1.000756312914682781e+03 1.055948584364936551e+03 1.112935863519601071e+03 1.170846104504741106e+03
5.990218517480466289e+02 6.099634223244858049e+02 6.211473400412479577e+02 6.326106257043064716e+02 6.443978992844380400e+02 6.565418502573916157e+02 6.690812024780116190e+02 6.820900556720494023e+02 7.233101282063937560e+02 7.691058504877531732e+02 8.184691030894807682e+02 8.712188677223350624e+02 9.275262509313262171e+02 9.875944434987936802e+02 1.051087010196011533e+03 1.115998626860859758e+03 1.176588144042805880e+03 1.225973837046522931e+03 1.255335491580054622e+03 1.259753417781491407e+03 1.251107652376308806e+03 1.237225771575814406e+03 1.231399459336689688e+03 1.235277102304882192e+03 1.238467776315159654e+03 1.238762060404304975e+03 1.229743089762047475e+03 1.204398248127457691e+03 1.162739492600437870e+03 1.110719136564056043e+03 1.053079742621654304e+03 9.929504232938771793e+02 9.321586777445747884e+02 9.870043007402269950e+02 1.044699182483524282e+03 1.103968282115562943e+03 1.163530965358502499e+03
6.508164436334149059e+02 6.592084000129350443e+02 6.682181547446666627e+02 6.777974910047372532e+02 6.892649558225309647e+02 6.991230829926979595e+02 7.052288097415199672e+02 6.988043319930601456e+02 7.162758286014311579e+02 7.636462318585057574e+02 8.141319398891628225e+02 8.679756837341720939e+02 9.255153785775678443e+02 9.869417341695763071e+02 1.051245751862815268e+03 1.113901942726396555e+03 1.169340408576924801e+03 1.209858696952132959e+03 1.224856978140703859e+03 1.216819799370541659e+03 1.198269703551580278e+03 1.173872635974457808e+03 1.168046337337968907e+03 1.175315604453232481e+03 1.181393234039471508e+03 1.189949525996283910e+03 1.192095311742303920e+03 1.180789252237460914e+03 1.149116277314377157e+03 1.100776865038529650e+03 1.043307508149975092e+03 9.814085359906042640e+02 9.178896379793823144e+02 9.727353564587640449e+02 1.031326541447650243e+03 1.092425175758402702e+03 1.153369169174444096e+03
7.056618243030750364e+02 7.110032463352772538e+02 7.174634014862450613e+02 7.248685900083816023e+02 7.354834930484463484e+02 7.434223123031488285e+02 7.468646293557592344e+02 7.426743089768222035e+02 7.345457708053735359e+02 7.537503917180479220e+02 8.055459142149736635e+02 8.603921202021622321e+02 9.189839216243996134e+02 9.823372909787448179e+02 1.050299959388461048e+03 1.111583584572858854e+03 1.161603392253307675e+03 1.191944064625006604e+03 1.191656541191702445e+03 1.171413597811147838e+03 1.145355107037566995e+03 1.115281457367251505e+03 1.109455158529425717e+03 1.114902740238035676e+03 1.118375799103713007e+03 1.135916089145812748e+03 1.147565982952675085e+03 1.147429560644175808e+03 1.127777404898185296e+03 1.085465166298752138e+03 1.030188996618037208e+03 9.683494159525076839e+02 9.040509325312738156e+02 9.588967546770854824e+02 1.017488001158630141e+03 1.079773477462350456e+03 1.141691035602650118e+03
7.637996703629273725e+02 7.658489779377791820e+02 7.692585907495937363e+02 7.741141716810491289e+02 7.837410366002129649e+02 7.901366525930064881e+02 7.920154753125058278e+02 7.881074299029828580e+02 7.803157702177539932e+02 7.739493911829054014e+02 8.187115075101198727e+02 8.712126583141042602e+02 9.293839603626586268e+02 9.917600993885802154e+02 1.055059082905169362e+03 1.112406032059802101e+03 1.155699556335755233e+03 1.173279086712338994e+03 1.156720932336496389e+03 1.123140265209954350e+03 1.092793105341028877e+03 1.060436062368492003e+03 1.054609747764449367e+03 1.056401455013752411e+03 1.055022830263489595e+03 1.080401512778842971e+03 1.099944636965602285e+03 1.109935011979908268e+03 1.102476618575829434e+03 1.067636527753921882e+03 1.015805472424564414e+03 9.549902640360712667e+02 8.906021333880386237e+02 9.454480635108336628e+02 1.004039381057614037e+03 1.066879593252493578e+03 1.129357463936227532e+03
8.234338183612334205e+02 8.243000708331167061e+02 8.241045810818311566e+02 8.259096042031537763e+02 8.345237151965986868e+02 8.395526692176662209e+02 8.400030684832433963e+02 8.346807907736126708e+02 8.221777801729975863e+02 7.951942496837135650e+02 8.176904230693271529e+02 8.726751270029437819e+02 9.326920324935124427e+02 9.965323726596212737e+02 1.058661706455748572e+03 1.112733005502738706e+03 1.149227897545675205e+03 1.152974248909368953e+03 1.120539924178825231e+03 1.068896569811976633e+03 1.040558567786370304e+03 1.008641202828557425e+03 1.002814856983968639e+03 1.001553716407414299e+03 9.964316125658386909e+02 1.025785427740619070e+03 1.050940734451054368e+03 1.070604777865893993e+03 1.075050842254736153e+03 1.049761078524316417e+03 1.002056876764368326e+03 9.424650516780163798e+02 8.775088741822771681e+02 9.323549118401556370e+02 9.909463084696686792e+02 1.054043489101278738e+03 1.116815612302809313e+03
8.830737966447677536e+02 8.837031054178727345e+02 8.826302166658360875e+02 8.807556598518657438e+02 8.882029799393247913e+02 8.919258206607627244e+02 8.911585567823025258e+02 8.848482953409046559e+02 8.717383785124610540e+02 8.500405213627901730e+02 8.415115818322666428e+02 8.669596141792392245e+02 9.303132406537628185e+02 1.000024321884547817e+03 1.062632487579063991e+03 1.114629209556914930e+03 1.146621744586377872e+03 1.142774483586821816e+03 1.101221236182659368e+03 1.028146610670121618e+03 9.906501444183262493e+02 9.593958527393109534e+02 9.535694613667716339e+02 9.502377133143770607e+02 9.415859281275638750e+02 9.722831678021527750e+02 1.000218573788813046e+03 1.030435865632924788e+03 1.045604798571423771e+03 1.029688079511183560e+03 9.866106609890271102e+02 9.289923385640186098e+02 8.647154974857236311e+02 9.195616371924269288e+02 9.781531189092817158e+02 1.041369264053796314e+03 1.104283881158505892e+03
9.404694167336226656e+02 9.425989009707000150e+02 9.418894470818100899e+02 9.393473355690895232e+02 9.448570303758052660e+02 9.471974071836785924e+02 9.454745850307472210e+02 9.387870071203064981e+02 9.264581558483340586e+02 9.086323874951199286e+02 8.993029917613682755e+02 8.941455855967041089e+02 9.489241618642818139e+02 1.010631740451091218e+03 1.069754232580080497e+03 1.119605485399338022e+03 1.149142961503419883e+03 1.143392456038291130e+03 1.105337234210978750e+03 1.049857458818118175e+03 9.949143446401081974e+02 9.322100901186370265e+02 9.064980339629761374e+02 9.028843113728819390e+02 8.897905441251461980e+02 9.199338393130551594e+02 9.450574831242303162e+02 9.911801452667642707e+02 1.018392487964313432e+03 1.010422830321277161e+03 9.712421867258469774e+02 9.155230559124191814e+02 8.522002722403967709e+02 9.070465031560140687e+02 9.656380732217623972e+02 1.028898748128985744e+03 1.091868703142072718e+03
9.923571388891682545e+02 9.987610382430507343e+02 1.000691191099119465e+03 1.000817926175272532e+03 1.003513988207880743e+03 1.004528540228826500e+03 1.002169175215491691e+03 9.955496706145337384e+02 9.843340855093533719e+02 9.691122739061137281e+02 9.524197478975110016e+02 9.235409147790305724e+02 9.558860956737229344e+02 1.019727253115534381e+03 1.077014108992961610e+03 1.127010111512410276e+03 1.155197233786697552e+03 1.148012805770810701e+03 1.111483029723696063e+03 1.059984078296271036e+03 1.003365156658420460e+03 9.437359852008273720e+02 8.832759368195671641e+02 8.611155266120451870e+02 8.405445363783528592e+02 8.708222042488896477e+02 9.065736916736842659e+02 9.683120556509857124e+02 1.000299443016222199e+03 9.945428681285802668e+02 9.571260523071839543e+02 9.025546419436392398e+02 8.399440176639053561e+02 8.947903240390755855e+02 9.533819825267720489e+02 1.016645604649639040e+03 1.079619674460519946e+03
1.034261569128224664e+03 1.048815193354592566e+03 1.055674968631873526e+03 1.058610299054042571e+03 1.061224780335965988e+03 1.061853815033918181e+03 1.059380970531382445e+03 1.053204110760970025e+03 1.043145389135511323e+03 1.029422141121292498e+03 1.012045777963763726e+03 9.868941857491059864e+02 9.916372343288337561e+02 1.032387286336489979e+03 1.081632513356319123e+03 1.138402904913195016e+03 1.164286097849365433e+03 1.153058256946326082e+03 1.115449221293269147e+03 1.064877750888360424e+03 1.009643604815031040e+03 9.544500377194855218e+02 9.035566454521889455e+02 8.631044892306355223e+02 8.234995136789515300e+02 8.712572027472319860e+02 9.171608968768603063e+02 9.625173153579000882e+02 9.892752134938822337e+02 9.817734441174936819e+02 9.443765983646635505e+02 8.901871549857492028e+02 8.279296998185130860e+02 8.827760619222715377e+02 9.413678054852764490e+02 1.004610307435475193e+03 1.067556882006819251e+03
1.061143952602976924e+03 1.088759034107782327e+03 1.103421554178692759e+03 1.110547853112866505e+03 1.114724726906518981e+03 1.115879281647607286e+03 1.113834393079173879e+03 1.108513325051183301e+03 1.100006987477193888e+03 1.088559609229360603e+03 1.074281194309751754e+03 1.056605020924435394e+03 1.061348014086253215e+03 1.094627162203279340e+03 1.130523964316570300e+03 1.165789782087662843e+03 1.177179085594530761e+03 1.156013389104844691e+03 1.114841463997576966e+03 1.063421917398192818e+03 1.008355563603880569e+03 9.537656141233270546e+02 9.021392881346587274e+02 8.542767001236355782e+02 8.072135699483123972e+02 8.621120588190595981e+02 9.126657446838203214e+02 9.553756392723074669e+02 9.795503193402548732e+02 9.703214255485499962e+02 9.324638986812385610e+02 8.782825640515853820e+02 8.161421067806564906e+02 8.709885022002617916e+02 9.295803240948755501e+02 9.927876588962286633e+02 1.055685647095578588e+03
1.074141151239050032e+03 1.114147131739068527e+03 1.139854762681660532e+03 1.152731954090781983e+03 1.159353088413681689e+03 1.161471689693792314e+03 1.160143763688241506e+03 1.156010768839625143e+03 1.149575369469918314e+03 1.141400894885789512e+03 1.132299881278403518e+03 1.124262770960529224e+03 1.129987179620486131e+03 1.150438326804542157e+03 1.173976891376822778e+03 1.192384806394125917e+03 1.187197934249260697e+03 1.157032816592518884e+03 1.111516424166356273e+03 1.057977983506011697e+03 1.001619590733001928e+03 9.458587821881551463e+02 8.923963381566234148e+02 8.414005115953544873e+02 7.916354573483146169e+02 8.496387962248862777e+02 9.026390758498255309e+02 9.455893346738017726e+02 9.691186473581160499e+02 9.590914657568815755e+02 9.209153777010651538e+02 8.666766533290407324e+02 8.045675844980935381e+02 8.594139896454678365e+02 9.180058800127710583e+02 9.811717902777172640e+02 1.044006636950710799e+03
1.080275312380852938e+03 1.126334527702055311e+03 1.160212742043864182e+03 1.179711168385348174e+03 1.188203795940436976e+03 1.190678526432433273e+03 1.189757342225195089e+03 1.186855116680012998e+03 1.182868154909424902e+03 1.178617188801765451e+03 1.174997013830020251e+03 1.172977524360687994e+03 1.179181641816790489e+03 1.192411507324782860e+03 1.205488786064418491e+03 1.209554371834141421e+03 1.190674912551734906e+03 1.153562944916673359e+03 1.104361843205279683e+03 1.048456338156945094e+03 9.900258706771918469e+02 9.325597371304006629e+02 8.777137135841123836e+02 8.259180597605152343e+02 7.766720473623089447e+02 8.361450446011091344e+02 8.905192743344382507e+02 9.341581784538885813e+02 9.578419553053288382e+02 9.477262166059597348e+02 9.094949650897408446e+02 8.552658228321178058e+02 7.931938200832959183e+02 8.480402117188434659e+02 9.066321580968465241e+02 9.697616907842403862e+02 1.032527852528999347e+03
1.084856749053410567e+03 1.131077382094445966e+03 1.164973408336971261e+03 1.184784232735315527e+03 1.190960622507962171e+03 1.191340767708197063e+03 1.189593675248883073e+03 1.187547341743073730e+03 1.186200782458319736e+03 1.186553192631338334e+03 1.189597478854011570e+03 1.195034533914077883e+03 1.203169195189377206e+03 1.213008193291746693e+03 1.219290378717060094e+03 1.213125884570941480e+03 1.188478000934372403e+03 1.148093291863971672e+03 1.096729527448174395e+03 1.038684532805328899e+03 9.767674729743265516e+02 9.181759214355669201e+02 8.633298361077447680e+02 8.115341736692083714e+02 7.622882354070185329e+02 8.224979633389939409e+02 8.776760969472213674e+02 9.219404157611628534e+02 9.460344383884738590e+02 9.362143625004590604e+02 8.981336708876083321e+02 8.440051013241031796e+02 7.820096625889598272e+02 8.368560191831940074e+02 8.954480071915400003e+02 9.585697087344502734e+02 1.021289423101417810e+03
1.092913915059023338e+03 1.132494079494179005e+03 1.158279404777197897e+03 1.167357982579268992e+03 1.165807821433470281e+03 1.162175868495980922e+03 1.158567171499721780e+03 1.156424414490219988e+03 1.156240419859342865e+03 1.159130584743552845e+03 1.167013457736925147e+03 1.179363683477369250e+03 1.191266804231748665e+03 1.201387037786054407e+03 1.206403048498377075e+03 1.201185502299559630e+03 1.179697175216766482e+03 1.140610108989242462e+03 1.089736317897289382e+03 1.031924091829097279e+03 9.711319113878111011e+02 9.111721026157605365e+02 8.542127688063084179e+02 8.002108925203320950e+02 7.484153751822838103e+02 8.090151129744634773e+02 8.646860364616842389e+02 9.094441005915278993e+02 9.339965711625312679e+02 9.246432753625445002e+02 8.868372926088725308e+02 8.328823269980809982e+02 7.710049736792761905e+02 8.258512764719868073e+02 8.844432905928357513e+02 9.476301789250304637e+02 1.010431680971347760e+03
1.097667409421373350e+03 1.125028919701381483e+03 1.134957408741362315e+03 1.131398095662580999e+03 1.122028551360613847e+03 1.114235446082151839e+03 1.108352847278701120e+03 1.105803498634339576e+03 1.105652320105907847e+03 1.108970058051140086e+03 1.120514814537038092e+03 1.137368128168011935e+03 1.152924842662982428e+03 1.165610226238054793e+03 1.173348205058374788e+03 1.173099043988743233e+03 1.160607693217635642e+03 1.127512768926253102e+03 1.079935883032829679e+03 1.023592047237614565e+03 9.627875602901847287e+02 9.002002194141458631e+02 8.416083389985211625e+02 7.867621296422488513e+02 7.349667161866668721e+02 7.957970023645178799e+02 8.517912338397145504e+02 8.969348460757269095e+02 9.219259399557826100e+02 9.130984554509643658e+02 8.756306117577228179e+02 8.218971783128835114e+02 7.601705023383150319e+02 8.150167360148197986e+02 8.736087603875992045e+02 9.369623736640761535e+02 1.000419487039026080e+03
