_codes/_figurecodes/_data/drainage_area_4.asc
nrows 200
cellsize 50.0
xllcorner 0.0
ncols 200
yllcorner 0.0
[rows 17 to 33 of 200, columns 74 to 110 of 200]
2.000000000000000000e+04 2.250000000000000000e+04 1.440000000000000000e+06 2.000000000000000000e+04 1.750000000000000000e+04 1.500000000000000000e+04 1.250000000000000000e+04 1.000000000000000000e+04 7.500000000000000000e+03 5.000000000000000000e+03 2.500000000000000000e+03 2.500000000000000000e+03 2.500000000000000000e+03 5.000000000000000000e+03 7.500000000000000000e+03 7.500000000000000000e+03 7.500000000000000000e+03 5.000000000000000000e+03 2.500000000000000000e+03 2.500000000000000000e+03 5.000000000000000000e+03 1.000000000000000000e+04 5.000000000000000000e+03 5.000000000000000000e+03 5.000000000000000000e+03 5.000000000000000000e+03 2.000000000000000000e+04 7.500000000000000000e+03 5.000000000000000000e+03 2.500000000000000000e+03 5.000000000000000000e+03 2.500000000000000000e+03 5.000000000000000000e+03 7.500000000000000000e+03 1.000000000000000000e+04 1.250000000000000000e+04 1.500000000000000000e+04
2.000000000000000000e+04 2.250000000000000000e+04 1.490000000000000000e+06 2.500000000000000000e+04 2.250000000000000000e+04 2.000000000000000000e+04 1.750000000000000000e+04 1.500000000000000000e+04 1.250000000000000000e+04 1.000000000000000000e+04 7.500000000000000000e+03 5.000000000000000000e+03 2.500000000000000000e+03 2.500000000000000000e+03 5.000000000000000000e+03 5.000000000000000000e+03 5.000000000000000000e+03 2.500000000000000000e+03 2.500000000000000000e+03 5.000000000000000000e+03 7.500000000000000000e+03 2.000000000000000000e+04 7.500000000000000000e+03 7.500000000000000000e+03 7.500000000000000000e+03 7.500000000000000000e+03 3.000000000000000000e+04 7.500000000000000000e+03 5.000000000000000000e+03 2.500000000000000000e+03 7.500000000000000000e+03 2.500000000000000000e+03 2.500000000000000000e+03 5.000000000000000000e+03 7.500000000000000000e+03 1.000000000000000000e+04 1.250000000000000000e+04
2.000000000000000000e+04 2.250000000000000000e+04 1.542500000000000000e+06 2.750000000000000000e+04 2.500000000000000000e+04 2.250000000000000000e+04 2.000000000000000000e+04 1.750000000000000000e+04 1.500000000000000000e+04 1.250000000000000000e+04 1.000000000000000000e+04 7.500000000000000000e+03 5.000000000000000000e+03 2.500000000000000000e+03 2.500000000000000000e+03 2.500000000000000000e+03 2.500000000000000000e+03 2.500000000000000000e+03 5.000000000000000000e+03 7.500000000000000000e+03 1.000000000000000000e+04 3.250000000000000000e+04 4.250000000000000000e+04 1.125000000000000000e+05 6.000000000000000000e+04 5.000000000000000000e+04 4.000000000000000000e+04 7.500000000000000000e+03 5.000000000000000000e+03 2.500000000000000000e+03 1.000000000000000000e+04 5.000000000000000000e+03 2.500000000000000000e+03 5.000000000000000000e+03 7.500000000000000000e+03 1.000000000000000000e+04 1.250000000000000000e+04
2.000000000000000000e+04 2.250000000000000000e+04 1.592500000000000000e+06 2.500000000000000000e+04 2.250000000000000000e+04 2.000000000000000000e+04 1.750000000000000000e+04 1.500000000000000000e+04 1.250000000000000000e+04 1.000000000000000000e+04 7.500000000000000000e+03 5.000000000000000000e+03 2.500000000000000000e+03 2.500000000000000000e+03 2.500000000000000000e+03 2.500000000000000000e+03 2.500000000000000000e+03 5.000000000000000000e+03 7.500000000000000000e+03 1.000000000000000000e+04 1.250000000000000000e+04 1.500000000000000000e+04 1.750000000000000000e+04 1.450000000000000000e+05 1.250000000000000000e+04 1.000000000000000000e+04 7.500000000000000000e+03 5.000000000000000000e+03 2.500000000000000000e+03 2.500000000000000000e+03 1.250000000000000000e+04 7.500000000000000000e+03 2.500000000000000000e+03 2.500000000000000000e+03 5.000000000000000000e+03 7.500000000000000000e+03 1.000000000000000000e+04
2.000000000000000000e+04 2.250000000000000000e+04 1.640000000000000000e+06 2.250000000000000000e+04 2.000000000000000000e+04 1.750000000000000000e+04 1.500000000000000000e+04 1.250000000000000000e+04 1.000000000000000000e+04 7.500000000000000000e+03 5.000000000000000000e+03 2.500000000000000000e+03 2.500000000000000000e+03 5.000000000000000000e+03 5.000000000000000000e+03 5.000000000000000000e+03 2.500000000000000000e+03 2.500000000000000000e+03 5.000000000000000000e+03 7.500000000000000000e+03 1.000000000000000000e+04 1.250000000000000000e+04 1.500000000000000000e+04 1.725000000000000000e+05 1.000000000000000000e+04 7.500000000000000000e+03 5.000000000000000000e+03 2.500000000000000000e+03 2.500000000000000000e+03 5.000000000000000000e+03 1.500000000000000000e+04 1.000000000000000000e+04 5.000000000000000000e+03 2.500000000000000000e+03 5.000000000000000000e+03 7.500000000000000000e+03 1.000000000000000000e+04
2.000000000000000000e+04 2.250000000000000000e+04 1.687500000000000000e+06 2.250000000000000000e+04 2.000000000000000000e+04 1.750000000000000000e+04 1.500000000000000000e+04 1.250000000000000000e+04 1.000000000000000000e+04 7.500000000000000000e+03 5.000000000000000000e+03 2.500000000000000000e+03 5.000000000000000000e+03 2.250000000000000000e+04 1.500000000000000000e+04 7.500000000000000000e+03 5.000000000000000000e+03 2.500000000000000000e+03 5.000000000000000000e+03 7.500000000000000000e+03 1.000000000000000000e+04 1.250000000000000000e+04 1.500000000000000000e+04 2.000000000000000000e+05 1.000000000000000000e+04 7.500000000000000000e+03 5.000000000000000000e+03 2.500000000000000000e+03 5.000000000000000000e+03 7.500000000000000000e+03 1.750000000000000000e+04 1.250000000000000000e+04 7.500000000000000000e+03 2.500000000000000000e+03 2.500000000000000000e+03 5.000000000000000000e+03 7.500000000000000000e+03
2.000000000000000000e+04 2.250000000000000000e+04 1.735000000000000000e+06 2.250000000000000000e+04 2.000000000000000000e+04 1.750000000000000000e+04 1.500000000000000000e+04 1.250000000000000000e+04 1.000000000000000000e+04 7.500000000000000000e+03 5.000000000000000000e+03 2.500000000000000000e+03 7.500000000000000000e+03 3.750000000000000000e+04 5.000000000000000000e+03 2.500000000000000000e+03 7.500000000000000000e+03 2.500000000000000000e+03 5.000000000000000000e+03 7.500000000000000000e+03 1.000000000000000000e+04 1.250000000000000000e+04 1.500000000000000000e+04 2.250000000000000000e+05 7.500000000000000000e+03 5.000000000000000000e+03 2.500000000000000000e+03 2.500000000000000000e+03 7.500000000000000000e+03 1.000000000000000000e+04 2.000000000000000000e+04 1.500000000000000000e+04 1.000000000000000000e+04 5.000000000000000000e+03 2.500000000000000000e+03 5.000000000000000000e+03 7.500000000000000000e+03
2.000000000000000000e+04 2.250000000000000000e+04 1.780000000000000000e+06 2.000000000000000000e+04 1.750000000000000000e+04 1.500000000000000000e+04 1.250000000000000000e+04 1.000000000000000000e+04 7.500000000000000000e+03 5.000000000000000000e+03 2.500000000000000000e+03 2.500000000000000000e+03 2.500000000000000000e+03 5.750000000000000000e+04 1.500000000000000000e+04 1.250000000000000000e+04 1.000000000000000000e+04 2.500000000000000000e+03 5.000000000000000000e+03 7.500000000000000000e+03 1.000000000000000000e+04 1.250000000000000000e+04 1.500000000000000000e+04 2.500000000000000000e+05 7.500000000000000000e+03 5.000000000000000000e+03 2.500000000000000000e+03 5.000000000000000000e+03 1.000000000000000000e+04 1.250000000000000000e+04 2.250000000000000000e+04 1.750000000000000000e+04 1.250000000000000000e+04 7.500000000000000000e+03 2.500000000000000000e+03 2.500000000000000000e+03 5.000000000000000000e+03
1.750000000000000000e+04 2.000000000000000000e+04 1.822500000000000000e+06 2.000000000000000000e+04 1.750000000000000000e+04 1.500000000000000000e+04 1.250000000000000000e+04 1.000000000000000000e+04 7.500000000000000000e+03 5.000000000000000000e+03 2.500000000000000000e+03 5.000000000000000000e+03 7.500000000000000000e+03 7.500000000000000000e+04 7.500000000000000000e+03 5.000000000000000000e+03 2.500000000000000000e+03 2.500000000000000000e+03 5.000000000000000000e+03 7.500000000000000000e+03 1.000000000000000000e+04 1.250000000000000000e+04 1.500000000000000000e+04 2.725000000000000000e+05 5.000000000000000000e+03 2.500000000000000000e+03 2.500000000000000000e+03 7.500000000000000000e+03 1.250000000000000000e+04 1.500000000000000000e+04 2.500000000000000000e+04 2.000000000000000000e+04 1.500000000000000000e+04 1.000000000000000000e+04 5.000000000000000000e+03 2.500000000000000000e+03 5.000000000000000000e+03
1.750000000000000000e+04 2.000000000000000000e+04 1.865000000000000000e+06 2.000000000000000000e+04 1.750000000000000000e+04 1.500000000000000000e+04 1.250000000000000000e+04 1.000000000000000000e+04 7.500000000000000000e+03 5.000000000000000000e+03 2.500000000000000000e+03 2.500000000000000000e+03 5.000000000000000000e+03 9.000000000000000000e+04 7.500000000000000000e+03 5.000000000000000000e+03 2.500000000000000000e+03 2.500000000000000000e+03 5.000000000000000000e+03 7.500000000000000000e+03 1.000000000000000000e+04 1.250000000000000000e+04 1.500000000000000000e+04 2.925000000000000000e+05 2.500000000000000000e+03 2.500000000000000000e+03 5.000000000000000000e+03 1.000000000000000000e+04 1.500000000000000000e+04 1.750000000000000000e+04 2.750000000000000000e+04 2.250000000000000000e+04 1.750000000000000000e+04 1.250000000000000000e+04 7.500000000000000000e+03 2.500000000000000000e+03 5.000000000000000000e+03
1.500000000000000000e+04 1.750000000000000000e+04 1.905000000000000000e+06 2.000000000000000000e+04 1.750000000000000000e+04 1.500000000000000000e+04 1.250000000000000000e+04 1.000000000000000000e+04 7.500000000000000000e+03 5.000000000000000000e+03 2.500000000000000000e+03 2.500000000000000000e+03 5.000000000000000000e+03 1.050000000000000000e+05 7.500000000000000000e+03 5.000000000000000000e+03 2.500000000000000000e+03 2.500000000000000000e+03 5.000000000000000000e+03 7.500000000000000000e+03 1.000000000000000000e+04 1.250000000000000000e+04 1.500000000000000000e+04 3.125000000000000000e+05 2.500000000000000000e+03 5.000000000000000000e+03 7.500000000000000000e+03 1.250000000000000000e+04 1.750000000000000000e+04 2.000000000000000000e+04 3.000000000000000000e+04 2.500000000000000000e+04 2.000000000000000000e+04 2.500000000000000000e+04 1.000000000000000000e+04 2.500000000000000000e+03 2.500000000000000000e+03
1.250000000000000000e+04 1.500000000000000000e+04 1.942500000000000000e+06 2.000000000000000000e+04 1.750000000000000000e+04 1.500000000000000000e+04 1.250000000000000000e+04 1.000000000000000000e+04 7.500000000000000000e+03 5.000000000000000000e+03 2.500000000000000000e+03 2.500000000000000000e+03 5.000000000000000000e+03 1.200000000000000000e+05 7.500000000000000000e+03 5.000000000000000000e+03 2.500000000000000000e+03 2.500000000000000000e+03 5.000000000000000000e+03 7.500000000000000000e+03 1.000000000000000000e+04 1.250000000000000000e+04 1.500000000000000000e+04 3.300000000000000000e+05 2.500000000000000000e+03 7.500000000000000000e+03 1.000000000000000000e+04 1.500000000000000000e+04 2.000000000000000000e+04 2.250000000000000000e+04 3.250000000000000000e+04 2.750000000000000000e+04 5.750000000000000000e+04 3.500000000000000000e+04 7.500000000000000000e+03 5.000000000000000000e+03 2.500000000000000000e+03
1.250000000000000000e+04 1.500000000000000000e+04 1.977500000000000000e+06 1.750000000000000000e+04 1.500000000000000000e+04 1.250000000000000000e+04 1.000000000000000000e+04 7.500000000000000000e+03 5.000000000000000000e+03 2.500000000000000000e+03 2.500000000000000000e+03 2.500000000000000000e+03 5.000000000000000000e+03 1.375000000000000000e+05 1.000000000000000000e+04 7.500000000000000000e+03 5.000000000000000000e+03 2.500000000000000000e+03 2.500000000000000000e+03 5.000000000000000000e+03 7.500000000000000000e+03 1.000000000000000000e+04 1.250000000000000000e+04 3.600000000000000000e+05 3.650000000000000000e+05 3.750000000000000000e+05 1.250000000000000000e+04 1.750000000000000000e+04 2.250000000000000000e+04 2.500000000000000000e+04 3.500000000000000000e+04 9.750000000000000000e+04 6.750000000000000000e+04 7.500000000000000000e+03 5.000000000000000000e+03 2.500000000000000000e+03 2.500000000000000000e+03
1.000000000000000000e+04 1.250000000000000000e+04 2.010000000000000000e+06 1.750000000000000000e+04 1.500000000000000000e+04 1.250000000000000000e+04 1.000000000000000000e+04 7.500000000000000000e+03 5.000000000000000000e+03 2.500000000000000000e+03 5.000000000000000000e+03 2.500000000000000000e+03 5.000000000000000000e+03 1.550000000000000000e+05 1.000000000000000000e+04 7.500000000000000000e+03 5.000000000000000000e+03 2.500000000000000000e+03 2.500000000000000000e+03 5.000000000000000000e+03 7.500000000000000000e+03 1.000000000000000000e+04 1.250000000000000000e+04 1.500000000000000000e+04 2.500000000000000000e+03 3.800000000000000000e+05 3.950000000000000000e+05 2.000000000000000000e+04 2.500000000000000000e+04 2.750000000000000000e+04 1.475000000000000000e+05 1.100000000000000000e+05 1.000000000000000000e+04 7.500000000000000000e+03 5.000000000000000000e+03 2.500000000000000000e+03 2.500000000000000000e+03
1.000000000000000000e+04 1.250000000000000000e+04 2.040000000000000000e+06 1.500000000000000000e+04 1.250000000000000000e+04 1.000000000000000000e+04 7.500000000000000000e+03 5.000000000000000000e+03 2.500000000000000000e+03 2.500000000000000000e+03 7.500000000000000000e+03 2.500000000000000000e+03 5.000000000000000000e+03 1.725000000000000000e+05 1.000000000000000000e+04 7.500000000000000000e+03 5.000000000000000000e+03 2.500000000000000000e+03 2.500000000000000000e+03 5.000000000000000000e+03 7.500000000000000000e+03 1.000000000000000000e+04 1.250000000000000000e+04 1.500000000000000000e+04 1.750000000000000000e+04 2.000000000000000000e+04 4.175000000000000000e+05 2.250000000000000000e+04 2.175000000000000000e+05 1.900000000000000000e+05 1.600000000000000000e+05 1.000000000000000000e+04 7.500000000000000000e+03 5.000000000000000000e+03 2.500000000000000000e+03 2.500000000000000000e+03 2.500000000000000000e+03
1.000000000000000000e+04 1.250000000000000000e+04 2.070000000000000000e+06 1.500000000000000000e+04 1.250000000000000000e+04 1.000000000000000000e+04 7.500000000000000000e+03 5.000000000000000000e+03 2.500000000000000000e+03 5.000000000000000000e+03 1.000000000000000000e+04 2.500000000000000000e+03 5.000000000000000000e+03 1.900000000000000000e+05 1.000000000000000000e+04 7.500000000000000000e+03 5.000000000000000000e+03 2.500000000000000000e+03 2.500000000000000000e+03 5.000000000000000000e+03 7.500000000000000000e+03 1.000000000000000000e+04 1.250000000000000000e+04 1.500000000000000000e+04 1.750000000000000000e+04 2.000000000000000000e+04 4.400000000000000000e+05 4.650000000000000000e+05 2.350000000000000000e+05 1.500000000000000000e+04 1.250000000000000000e+04 1.000000000000000000e+04 7.500000000000000000e+03 5.000000000000000000e+03 2.500000000000000000e+03 5.000000000000000000e+03 2.500000000000000000e+03
1.000000000000000000e+04 1.250000000000000000e+04 2.097500000000000000e+06 1.250000000000000000e+04 1.000000000000000000e+04 7.500000000000000000e+03 5.000000000000000000e+03 2.500000000000000000e+03 2.500000000000000000e+03 7.500000000000000000e+03 1.250000000000000000e+04 2.500000000000000000e+03 2.500000000000000000e+03 2.075000000000000000e+05 1.250000000000000000e+04 1.000000000000000000e+04 7.500000000000000000e+03 5.000000000000000000e+03 2.500000000000000000e+03 2.500000000000000000e+03 5.000000000000000000e+03 7.500000000000000000e+03 1.000000000000000000e+04 1.250000000000000000e+04 1.500000000000000000e+04 1.750000000000000000e+04 2.000000000000000000e+04 4.875000000000000000e+05 7.375000000000000000e+05 1.250000000000000000e+04 1.000000000000000000e+04 7.500000000000000000e+03 5.000000000000000000e+03 2.500000000000000000e+03 2.500000000000000000e+03 7.500000000000000000e+03 5.000000000000000000e+03
