_codes/_figurecodes/_data/drainage_area_4.asc
nrows 200
cellsize 50.0
xllcorner 0.0
ncols 200
yllcorner 0.0
[rows 34 to 50 of 200, columns 37 to 73 of 200]
1.250000000000000000e+04 1.500000000000000000e+04 1.750000000000000000e+04 2.000000000000000000e+04 2.250000000000000000e+04 2.500000000000000000e+04 2.750000000000000000e+04 3.000000000000000000e+04 3.797500000000000000e+06 1.750000000000000000e+04 1.500000000000000000e+04 1.250000000000000000e+04 1.000000000000000000e+04 7.500000000000000000e+03 5.000000000000000000e+03 2.500000000000000000e+03 2.500000000000000000e+03 5.000000000000000000e+03 7.500000000000000000e+03 1.000000000000000000e+04 1.250000000000000000e+04 1.500000000000000000e+04 5.300000000000000000e+05 1.250000000000000000e+04 1.000000000000000000e+04 7.500000000000000000e+03 5.000000000000000000e+03 2.500000000000000000e+03 1.000000000000000000e+04 1.250000000000000000e+04 1.500000000000000000e+04 1.050000000000000000e+05 5.000000000000000000e+03 2.500000000000000000e+03 2.500000000000000000e+03 5.000000000000000000e+03 7.500000000000000000e+03
1.250000000000000000e+04 1.500000000000000000e+04 1.750000000000000000e+04 2.000000000000000000e+04 2.250000000000000000e+04 2.500000000000000000e+04 2.750000000000000000e+04 3.000000000000000000e+04 3.847500000000000000e+06 1.750000000000000000e+04 1.500000000000000000e+04 1.250000000000000000e+04 1.000000000000000000e+04 7.500000000000000000e+03 5.000000000000000000e+03 2.500000000000000000e+03 2.500000000000000000e+03 5.000000000000000000e+03 7.500000000000000000e+03 1.000000000000000000e+04 1.250000000000000000e+04 1.500000000000000000e+04 5.600000000000000000e+05 1.250000000000000000e+04 1.000000000000000000e+04 7.500000000000000000e+03 5.000000000000000000e+03 2.500000000000000000e+03 2.500000000000000000e+03 5.000000000000000000e+03 7.500000000000000000e+03 1.200000000000000000e+05 5.000000000000000000e+03 2.500000000000000000e+03 2.500000000000000000e+03 5.000000000000000000e+03 7.500000000000000000e+03
1.250000000000000000e+04 1.500000000000000000e+04 1.750000000000000000e+04 2.000000000000000000e+04 2.250000000000000000e+04 2.500000000000000000e+04 2.750000000000000000e+04 3.000000000000000000e+04 3.897500000000000000e+06 1.750000000000000000e+04 1.500000000000000000e+04 1.250000000000000000e+04 1.000000000000000000e+04 7.500000000000000000e+03 5.000000000000000000e+03 2.500000000000000000e+03 2.500000000000000000e+03 5.000000000000000000e+03 7.500000000000000000e+03 1.000000000000000000e+04 1.250000000000000000e+04 1.500000000000000000e+04 5.900000000000000000e+05 1.250000000000000000e+04 1.000000000000000000e+04 7.500000000000000000e+03 5.000000000000000000e+03 2.500000000000000000e+03 2.500000000000000000e+03 5.000000000000000000e+03 7.500000000000000000e+03 1.375000000000000000e+05 7.500000000000000000e+03 5.000000000000000000e+03 2.500000000000000000e+03 2.500000000000000000e+03 5.000000000000000000e+03
1.250000000000000000e+04 1.500000000000000000e+04 1.750000000000000000e+04 2.000000000000000000e+04 2.250000000000000000e+04 2.500000000000000000e+04 2.750000000000000000e+04 3.000000000000000000e+04 3.947500000000000000e+06 1.750000000000000000e+04 1.500000000000000000e+04 1.250000000000000000e+04 1.000000000000000000e+04 7.500000000000000000e+03 5.000000000000000000e+03 2.500000000000000000e+03 2.500000000000000000e+03 5.000000000000000000e+03 7.500000000000000000e+03 1.000000000000000000e+04 1.250000000000000000e+04 1.500000000000000000e+04 6.200000000000000000e+05 1.250000000000000000e+04 1.000000000000000000e+04 7.500000000000000000e+03 5.000000000000000000e+03 2.500000000000000000e+03 2.500000000000000000e+03 5.000000000000000000e+03 7.500000000000000000e+03 1.550000000000000000e+05 7.500000000000000000e+03 5.000000000000000000e+03 2.500000000000000000e+03 2.500000000000000000e+03 5.000000000000000000e+03
1.250000000000000000e+04 1.500000000000000000e+04 1.750000000000000000e+04 2.000000000000000000e+04 2.250000000000000000e+04 2.500000000000000000e+04 2.750000000000000000e+04 3.000000000000000000e+04 3.997500000000000000e+06 1.750000000000000000e+04 1.500000000000000000e+04 1.250000000000000000e+04 1.000000000000000000e+04 7.500000000000000000e+03 5.000000000000000000e+03 2.500000000000000000e+03 2.500000000000000000e+03 5.000000000000000000e+03 7.500000000000000000e+03 1.000000000000000000e+04 1.250000000000000000e+04 1.500000000000000000e+04 6.500000000000000000e+05 1.250000000000000000e+04 1.000000000000000000e+04 7.500000000000000000e+03 5.000000000000000000e+03 2.500000000000000000e+03 2.500000000000000000e+03 5.000000000000000000e+03 7.500000000000000000e+03 1.725000000000000000e+05 7.500000000000000000e+03 5.000000000000000000e+03 2.500000000000000000e+03 2.500000000000000000e+03 5.000000000000000000e+03
1.250000000000000000e+04 1.500000000000000000e+04 1.750000000000000000e+04 2.000000000000000000e+04 2.250000000000000000e+04 2.500000000000000000e+04 2.750000000000000000e+04 3.000000000000000000e+04 4.047500000000000000e+06 1.750000000000000000e+04 1.500000000000000000e+04 1.250000000000000000e+04 1.000000000000000000e+04 7.500000000000000000e+03 5.000000000000000000e+03 2.500000000000000000e+03 2.500000000000000000e+03 5.000000000000000000e+03 7.500000000000000000e+03 1.000000000000000000e+04 1.250000000000000000e+04 1.500000000000000000e+04 6.800000000000000000e+05 1.250000000000000000e+04 1.000000000000000000e+04 7.500000000000000000e+03 5.000000000000000000e+03 2.500000000000000000e+03 2.500000000000000000e+03 5.000000000000000000e+03 7.500000000000000000e+03 1.875000000000000000e+05 5.000000000000000000e+03 2.500000000000000000e+03 2.500000000000000000e+03 2.500000000000000000e+03 5.000000000000000000e+03
1.250000000000000000e+04 1.500000000000000000e+04 1.750000000000000000e+04 2.000000000000000000e+04 2.250000000000000000e+04 2.500000000000000000e+04 2.750000000000000000e+04 3.000000000000000000e+04 4.097500000000000000e+06 1.750000000000000000e+04 1.500000000000000000e+04 1.250000000000000000e+04 1.000000000000000000e+04 7.500000000000000000e+03 5.000000000000000000e+03 2.500000000000000000e+03 2.500000000000000000e+03 5.000000000000000000e+03 7.500000000000000000e+03 1.000000000000000000e+04 1.250000000000000000e+04 1.500000000000000000e+04 7.100000000000000000e+05 1.250000000000000000e+04 1.000000000000000000e+04 7.500000000000000000e+03 5.000000000000000000e+03 2.500000000000000000e+03 2.500000000000000000e+03 5.000000000000000000e+03 7.500000000000000000e+03 2.025000000000000000e+05 5.000000000000000000e+03 2.500000000000000000e+03 5.000000000000000000e+03 2.500000000000000000e+03 2.500000000000000000e+03
1.250000000000000000e+04 1.500000000000000000e+04 1.750000000000000000e+04 2.000000000000000000e+04 2.250000000000000000e+04 2.500000000000000000e+04 2.750000000000000000e+04 3.000000000000000000e+04 4.147500000000000000e+06 1.750000000000000000e+04 1.500000000000000000e+04 1.250000000000000000e+04 1.000000000000000000e+04 7.500000000000000000e+03 5.000000000000000000e+03 2.500000000000000000e+03 2.500000000000000000e+03 5.000000000000000000e+03 7.500000000000000000e+03 1.000000000000000000e+04 1.250000000000000000e+04 1.500000000000000000e+04 7.400000000000000000e+05 1.250000000000000000e+04 1.000000000000000000e+04 7.500000000000000000e+03 5.000000000000000000e+03 2.500000000000000000e+03 2.500000000000000000e+03 5.000000000000000000e+03 7.500000000000000000e+03 2.175000000000000000e+05 5.000000000000000000e+03 2.500000000000000000e+03 7.500000000000000000e+03 5.000000000000000000e+03 2.500000000000000000e+03
1.250000000000000000e+04 1.500000000000000000e+04 1.750000000000000000e+04 2.000000000000000000e+04 2.250000000000000000e+04 2.500000000000000000e+04 2.750000000000000000e+04 3.000000000000000000e+04 4.197500000000000000e+06 1.750000000000000000e+04 1.500000000000000000e+04 1.250000000000000000e+04 1.000000000000000000e+04 7.500000000000000000e+03 5.000000000000000000e+03 2.500000000000000000e+03 2.500000000000000000e+03 5.000000000000000000e+03 7.500000000000000000e+03 1.000000000000000000e+04 1.250000000000000000e+04 1.500000000000000000e+04 7.700000000000000000e+05 1.250000000000000000e+04 1.000000000000000000e+04 7.500000000000000000e+03 5.000000000000000000e+03 2.500000000000000000e+03 2.500000000000000000e+03 5.000000000000000000e+03 7.500000000000000000e+03 2.300000000000000000e+05 2.500000000000000000e+03 2.500000000000000000e+03 1.000000000000000000e+04 7.500000000000000000e+03 5.000000000000000000e+03
1.250000000000000000e+04 1.500000000000000000e+04 1.750000000000000000e+04 2.000000000000000000e+04 2.250000000000000000e+04 2.500000000000000000e+04 2.750000000000000000e+04 3.000000000000000000e+04 4.247500000000000000e+06 1.750000000000000000e+04 1.500000000000000000e+04 1.250000000000000000e+04 1.000000000000000000e+04 7.500000000000000000e+03 5.000000000000000000e+03 2.500000000000000000e+03 2.500000000000000000e+03 5.000000000000000000e+03 7.500000000000000000e+03 1.000000000000000000e+04 1.250000000000000000e+04 1.500000000000000000e+04 8.000000000000000000e+05 1.250000000000000000e+04 1.000000000000000000e+04 7.500000000000000000e+03 5.000000000000000000e+03 2.500000000000000000e+03 2.500000000000000000e+03 5.000000000000000000e+03 7.500000000000000000e+03 2.425000000000000000e+05 2.500000000000000000e+03 5.000000000000000000e+03 1.250000000000000000e+04 1.000000000000000000e+04 7.500000000000000000e+03
1.250000000000000000e+04 1.500000000000000000e+04 1.750000000000000000e+04 2.000000000000000000e+04 2.250000000000000000e+04 2.500000000000000000e+04 2.750000000000000000e+04 3.000000000000000000e+04 4.297500000000000000e+06 1.750000000000000000e+04 1.500000000000000000e+04 1.250000000000000000e+04 1.000000000000000000e+04 7.500000000000000000e+03 5.000000000000000000e+03 2.500000000000000000e+03 2.500000000000000000e+03 5.000000000000000000e+03 7.500000000000000000e+03 1.000000000000000000e+04 1.250000000000000000e+04 1.500000000000000000e+04 8.275000000000000000e+05 1.000000000000000000e+04 7.500000000000000000e+03 5.000000000000000000e+03 2.500000000000000000e+03 2.500000000000000000e+03 2.500000000000000000e+03 5.000000000000000000e+03 7.500000000000000000e+03 2.550000000000000000e+05 2.500000000000000000e+03 7.500000000000000000e+03 1.500000000000000000e+04 1.250000000000000000e+04 2.897500000000000000e+06
1.250000000000000000e+04 1.500000000000000000e+04 1.750000000000000000e+04 2.000000000000000000e+04 2.250000000000000000e+04 2.500000000000000000e+04 2.750000000000000000e+04 3.000000000000000000e+04 4.347500000000000000e+06 1.750000000000000000e+04 1.500000000000000000e+04 1.250000000000000000e+04 1.000000000000000000e+04 7.500000000000000000e+03 5.000000000000000000e+03 2.500000000000000000e+03 2.500000000000000000e+03 5.000000000000000000e+03 7.500000000000000000e+03 1.000000000000000000e+04 1.250000000000000000e+04 1.500000000000000000e+04 8.550000000000000000e+05 1.000000000000000000e+04 7.500000000000000000e+03 5.000000000000000000e+03 2.500000000000000000e+03 5.000000000000000000e+03 2.500000000000000000e+03 5.000000000000000000e+03 7.500000000000000000e+03 2.675000000000000000e+05 2.500000000000000000e+03 1.000000000000000000e+04 1.750000000000000000e+04 2.932500000000000000e+06 2.917500000000000000e+06
1.000000000000000000e+04 1.250000000000000000e+04 1.500000000000000000e+04 1.750000000000000000e+04 2.000000000000000000e+04 2.250000000000000000e+04 2.500000000000000000e+04 2.750000000000000000e+04 4.395000000000000000e+06 1.750000000000000000e+04 1.500000000000000000e+04 1.250000000000000000e+04 1.000000000000000000e+04 7.500000000000000000e+03 5.000000000000000000e+03 2.500000000000000000e+03 2.500000000000000000e+03 5.000000000000000000e+03 7.500000000000000000e+03 1.000000000000000000e+04 1.250000000000000000e+04 1.500000000000000000e+04 8.825000000000000000e+05 1.000000000000000000e+04 7.500000000000000000e+03 5.000000000000000000e+03 2.500000000000000000e+03 7.500000000000000000e+03 2.500000000000000000e+03 5.000000000000000000e+03 7.500000000000000000e+03 2.775000000000000000e+05 2.500000000000000000e+03 1.250000000000000000e+04 2.962500000000000000e+06 2.942500000000000000e+06 7.500000000000000000e+03
1.000000000000000000e+04 1.250000000000000000e+04 1.500000000000000000e+04 1.750000000000000000e+04 2.000000000000000000e+04 2.250000000000000000e+04 2.500000000000000000e+04 2.750000000000000000e+04 4.442500000000000000e+06 1.750000000000000000e+04 1.500000000000000000e+04 1.250000000000000000e+04 1.000000000000000000e+04 7.500000000000000000e+03 5.000000000000000000e+03 2.500000000000000000e+03 2.500000000000000000e+03 5.000000000000000000e+03 7.500000000000000000e+03 1.000000000000000000e+04 1.250000000000000000e+04 1.500000000000000000e+04 9.075000000000000000e+05 7.500000000000000000e+03 5.000000000000000000e+03 2.500000000000000000e+03 2.500000000000000000e+03 1.000000000000000000e+04 2.500000000000000000e+03 2.500000000000000000e+03 5.000000000000000000e+03 2.850000000000000000e+05 5.000000000000000000e+03 3.152500000000000000e+06 3.137500000000000000e+06 1.725000000000000000e+05 1.675000000000000000e+05
1.000000000000000000e+04 1.250000000000000000e+04 1.500000000000000000e+04 1.750000000000000000e+04 2.000000000000000000e+04 2.250000000000000000e+04 2.500000000000000000e+04 2.750000000000000000e+04 4.490000000000000000e+06 1.750000000000000000e+04 1.500000000000000000e+04 1.250000000000000000e+04 1.000000000000000000e+04 7.500000000000000000e+03 5.000000000000000000e+03 2.500000000000000000e+03 2.500000000000000000e+03 5.000000000000000000e+03 7.500000000000000000e+03 1.000000000000000000e+04 1.250000000000000000e+04 1.500000000000000000e+04 9.325000000000000000e+05 7.500000000000000000e+03 5.000000000000000000e+03 2.500000000000000000e+03 5.000000000000000000e+03 1.250000000000000000e+04 5.000000000000000000e+03 2.500000000000000000e+03 5.000000000000000000e+03 2.925000000000000000e+05 3.165000000000000000e+06 3.157500000000000000e+06 2.500000000000000000e+03 2.500000000000000000e+03 5.000000000000000000e+03
1.000000000000000000e+04 1.250000000000000000e+04 1.500000000000000000e+04 1.750000000000000000e+04 2.000000000000000000e+04 2.250000000000000000e+04 2.500000000000000000e+04 2.750000000000000000e+04 4.537500000000000000e+06 1.750000000000000000e+04 1.500000000000000000e+04 1.250000000000000000e+04 1.000000000000000000e+04 7.500000000000000000e+03 5.000000000000000000e+03 2.500000000000000000e+03 2.500000000000000000e+03 5.000000000000000000e+03 7.500000000000000000e+03 1.000000000000000000e+04 1.250000000000000000e+04 1.500000000000000000e+04 9.575000000000000000e+05 7.500000000000000000e+03 5.000000000000000000e+03 2.500000000000000000e+03 7.500000000000000000e+03 1.500000000000000000e+04 7.500000000000000000e+03 2.500000000000000000e+03 2.500000000000000000e+03 3.470000000000000000e+06 3.175000000000000000e+06 7.500000000000000000e+03 5.000000000000000000e+03 2.500000000000000000e+03 2.500000000000000000e+03
1.000000000000000000e+04 1.250000000000000000e+04 1.500000000000000000e+04 1.750000000000000000e+04 2.000000000000000000e+04 2.250000000000000000e+04 2.500000000000000000e+04 2.750000000000000000e+04 4.585000000000000000e+06 1.750000000000000000e+04 1.500000000000000000e+04 1.250000000000000000e+04 1.000000000000000000e+04 7.500000000000000000e+03 5.000000000000000000e+03 2.500000000000000000e+03 2.500000000000000000e+03 5.000000000000000000e+03 7.500000000000000000e+03 1.000000000000000000e+04 1.250000000000000000e+04 1.500000000000000000e+04 9.800000000000000000e+05 5.000000000000000000e+03 2.500000000000000000e+03 2.500000000000000000e+03 1.000000000000000000e+04 1.750000000000000000e+04 1.000000000000000000e+04 5.000000000000000000e+03 3.492500000000000000e+06 3.487500000000000000e+06 1.500000000000000000e+04 1.250000000000000000e+04 1.000000000000000000e+04 7.500000000000000000e+03 5.000000000000000000e+03
