_codes/_figurecodes/_data/drainage_area_4.asc
nrows 200
cellsize 50.0
xllcorner 0.0
ncols 200
yllcorner 0.0
[rows 0 to 16 of 200, columns 111 to 147 of 200]
0.000000000000000000e+00 0.000000000000000000e+00 0.000000000000000000e+00 0.000000000000000000e+00 0.000000000000000000e+00 0.000000000000000000e+00 0.000000000000000000e+00 0.000000000000000000e+00 0.000000000000000000e+00 0.000000000000000000e+00 0.000000000000000000e+00 0.000000000000000000e+00 0.000000000000000000e+00 0.000000000000000000e+00 0.000000000000000000e+00 0.000000000000000000e+00 0.000000000000000000e+00 0.000000000000000000e+00 0.000000000000000000e+00 0.000000000000000000e+00 0.000000000000000000e+00 0.000000000000000000e+00 0.000000000000000000e+00 0.000000000000000000e+00 0.000000000000000000e+00 0.000000000000000000e+00 0.000000000000000000e+00 0.000000000000000000e+00 0.000000000000000000e+00 0.000000000000000000e+00 0.000000000000000000e+00 0.000000000000000000e+00 0.000000000000000000e+00 0.000000000000000000e+00 0.000000000000000000e+00 0.000000000000000000e+00 0.000000000000000000e+00
2.500000000000000000e+03 2.500000000000000000e+03 2.500000000000000000e+03 2.500000000000000000e+03 2.500000000000000000e+03 2.500000000000000000e+03 2.250000000000000000e+04 2.000000000000000000e+04 1.750000000000000000e+04 1.500000000000000000e+04 1.250000000000000000e+04 1.000000000000000000e+04 7.500000000000000000e+03 5.000000000000000000e+03 2.500000000000000000e+03 2.500000000000000000e+03 5.000000000000000000e+03 7.500000000000000000e+03 1.000000000000000000e+04 1.250000000000000000e+04 1.500000000000000000e+04 1.750000000000000000e+04 2.000000000000000000e+04 2.500000000000000000e+03 2.500000000000000000e+03 2.500000000000000000e+03 2.500000000000000000e+03 2.500000000000000000e+03 2.500000000000000000e+03 2.500000000000000000e+03 2.500000000000000000e+03 2.500000000000000000e+03 2.500000000000000000e+03 1.750000000000000000e+04 1.500000000000000000e+04 1.250000000000000000e+04 1.000000000000000000e+04
5.000000000000000000e+03 5.000000000000000000e+03 5.000000000000000000e+03 5.000000000000000000e+03 5.000000000000000000e+03 5.500000000000000000e+04 4.500000000000000000e+04 2.000000000000000000e+04 1.750000000000000000e+04 1.500000000000000000e+04 1.250000000000000000e+04 1.000000000000000000e+04 7.500000000000000000e+03 5.000000000000000000e+03 2.500000000000000000e+03 2.500000000000000000e+03 2.500000000000000000e+03 5.000000000000000000e+03 7.500000000000000000e+03 1.000000000000000000e+04 1.250000000000000000e+04 1.500000000000000000e+04 3.750000000000000000e+04 4.750000000000000000e+04 5.000000000000000000e+03 5.000000000000000000e+03 5.000000000000000000e+03 5.000000000000000000e+03 5.000000000000000000e+03 5.000000000000000000e+03 5.000000000000000000e+03 5.000000000000000000e+03 5.000000000000000000e+03 3.500000000000000000e+04 1.500000000000000000e+04 1.250000000000000000e+04 1.000000000000000000e+04
7.500000000000000000e+03 7.500000000000000000e+03 7.500000000000000000e+03 7.500000000000000000e+03 2.500000000000000000e+03 7.750000000000000000e+04 2.000000000000000000e+04 1.750000000000000000e+04 1.500000000000000000e+04 1.250000000000000000e+04 1.000000000000000000e+04 7.500000000000000000e+03 5.000000000000000000e+03 2.500000000000000000e+03 2.500000000000000000e+03 5.000000000000000000e+03 2.500000000000000000e+03 5.000000000000000000e+03 7.500000000000000000e+03 1.000000000000000000e+04 1.250000000000000000e+04 1.500000000000000000e+04 1.750000000000000000e+04 6.750000000000000000e+04 2.500000000000000000e+03 7.500000000000000000e+03 7.500000000000000000e+03 7.500000000000000000e+03 7.500000000000000000e+03 7.500000000000000000e+03 7.500000000000000000e+03 7.500000000000000000e+03 7.500000000000000000e+03 5.250000000000000000e+04 1.500000000000000000e+04 1.250000000000000000e+04 1.000000000000000000e+04
2.700000000000000000e+05 2.825000000000000000e+05 2.950000000000000000e+05 3.050000000000000000e+05 3.100000000000000000e+05 4.075000000000000000e+05 1.750000000000000000e+04 1.500000000000000000e+04 1.250000000000000000e+04 1.000000000000000000e+04 7.500000000000000000e+03 5.000000000000000000e+03 2.500000000000000000e+03 2.500000000000000000e+03 5.000000000000000000e+03 7.500000000000000000e+03 2.500000000000000000e+03 2.500000000000000000e+03 5.000000000000000000e+03 7.500000000000000000e+03 1.000000000000000000e+04 1.250000000000000000e+04 1.500000000000000000e+04 2.975000000000000000e+05 2.125000000000000000e+05 2.075000000000000000e+05 1.975000000000000000e+05 1.850000000000000000e+05 1.725000000000000000e+05 1.600000000000000000e+05 1.450000000000000000e+05 1.300000000000000000e+05 1.125000000000000000e+05 9.500000000000000000e+04 1.250000000000000000e+04 1.000000000000000000e+04 7.500000000000000000e+03
5.000000000000000000e+03 2.500000000000000000e+03 2.500000000000000000e+03 2.500000000000000000e+03 5.000000000000000000e+03 4.275000000000000000e+05 1.250000000000000000e+04 1.000000000000000000e+04 7.500000000000000000e+03 5.000000000000000000e+03 2.500000000000000000e+03 2.500000000000000000e+03 2.500000000000000000e+03 5.000000000000000000e+03 7.500000000000000000e+03 1.000000000000000000e+04 5.000000000000000000e+03 2.500000000000000000e+03 5.000000000000000000e+03 7.500000000000000000e+03 1.000000000000000000e+04 1.250000000000000000e+04 1.500000000000000000e+04 3.200000000000000000e+05 5.000000000000000000e+03 2.500000000000000000e+03 2.500000000000000000e+03 2.500000000000000000e+03 2.500000000000000000e+03 5.000000000000000000e+03 5.000000000000000000e+03 7.500000000000000000e+03 7.500000000000000000e+03 2.750000000000000000e+04 1.000000000000000000e+04 7.500000000000000000e+03 5.000000000000000000e+03
2.500000000000000000e+03 2.500000000000000000e+03 5.000000000000000000e+03 7.500000000000000000e+03 1.000000000000000000e+04 4.500000000000000000e+05 1.000000000000000000e+04 7.500000000000000000e+03 5.000000000000000000e+03 2.500000000000000000e+03 2.500000000000000000e+03 5.000000000000000000e+03 5.000000000000000000e+03 7.500000000000000000e+03 1.000000000000000000e+04 1.250000000000000000e+04 7.500000000000000000e+03 2.500000000000000000e+03 5.000000000000000000e+03 7.500000000000000000e+03 1.000000000000000000e+04 1.250000000000000000e+04 1.500000000000000000e+04 3.500000000000000000e+05 1.250000000000000000e+04 1.000000000000000000e+04 7.500000000000000000e+03 5.000000000000000000e+03 2.500000000000000000e+03 2.500000000000000000e+03 2.500000000000000000e+03 5.000000000000000000e+03 5.000000000000000000e+03 1.500000000000000000e+04 7.500000000000000000e+03 5.000000000000000000e+03 2.500000000000000000e+03
7.500000000000000000e+03 1.000000000000000000e+04 1.250000000000000000e+04 1.500000000000000000e+04 1.750000000000000000e+04 4.750000000000000000e+05 5.000000000000000000e+03 2.500000000000000000e+03 2.500000000000000000e+03 2.500000000000000000e+03 5.000000000000000000e+03 7.500000000000000000e+03 7.500000000000000000e+03 1.000000000000000000e+04 1.250000000000000000e+04 2.500000000000000000e+04 1.000000000000000000e+04 2.500000000000000000e+03 5.000000000000000000e+03 7.500000000000000000e+03 1.000000000000000000e+04 1.250000000000000000e+04 1.500000000000000000e+04 3.850000000000000000e+05 1.750000000000000000e+04 1.500000000000000000e+04 1.250000000000000000e+04 1.000000000000000000e+04 7.500000000000000000e+03 5.000000000000000000e+03 2.500000000000000000e+03 2.500000000000000000e+03 2.500000000000000000e+03 5.000000000000000000e+03 2.500000000000000000e+03 2.500000000000000000e+03 2.500000000000000000e+03
1.250000000000000000e+04 1.500000000000000000e+04 1.750000000000000000e+04 2.000000000000000000e+04 2.250000000000000000e+04 5.050000000000000000e+05 5.000000000000000000e+03 2.500000000000000000e+03 5.000000000000000000e+03 5.000000000000000000e+03 7.500000000000000000e+03 1.000000000000000000e+04 1.000000000000000000e+04 5.750000000000000000e+04 4.500000000000000000e+04 3.000000000000000000e+04 2.500000000000000000e+03 2.500000000000000000e+03 5.000000000000000000e+03 7.500000000000000000e+03 1.000000000000000000e+04 1.250000000000000000e+04 1.500000000000000000e+04 4.225000000000000000e+05 2.000000000000000000e+04 1.750000000000000000e+04 1.500000000000000000e+04 1.250000000000000000e+04 1.000000000000000000e+04 7.500000000000000000e+03 5.000000000000000000e+03 2.500000000000000000e+03 2.500000000000000000e+03 2.500000000000000000e+03 2.500000000000000000e+03 5.000000000000000000e+03 5.000000000000000000e+03
1.750000000000000000e+04 2.000000000000000000e+04 2.250000000000000000e+04 2.500000000000000000e+04 2.750000000000000000e+04 5.375000000000000000e+05 2.500000000000000000e+03 2.500000000000000000e+03 1.400000000000000000e+05 1.325000000000000000e+05 1.250000000000000000e+05 1.150000000000000000e+05 1.000000000000000000e+05 8.500000000000000000e+04 7.500000000000000000e+03 5.000000000000000000e+03 2.500000000000000000e+03 2.500000000000000000e+03 5.000000000000000000e+03 7.500000000000000000e+03 1.000000000000000000e+04 1.250000000000000000e+04 1.500000000000000000e+04 4.575000000000000000e+05 1.750000000000000000e+04 1.500000000000000000e+04 1.250000000000000000e+04 1.000000000000000000e+04 7.500000000000000000e+03 5.000000000000000000e+03 2.500000000000000000e+03 2.500000000000000000e+03 5.000000000000000000e+03 5.000000000000000000e+03 5.000000000000000000e+03 7.500000000000000000e+03 7.500000000000000000e+03
1.750000000000000000e+04 2.000000000000000000e+04 2.250000000000000000e+04 2.500000000000000000e+04 2.750000000000000000e+04 7.225000000000000000e+05 1.550000000000000000e+05 1.525000000000000000e+05 1.475000000000000000e+05 5.000000000000000000e+03 2.500000000000000000e+03 2.500000000000000000e+03 2.500000000000000000e+03 1.750000000000000000e+04 7.500000000000000000e+03 5.000000000000000000e+03 2.500000000000000000e+03 2.500000000000000000e+03 5.000000000000000000e+03 7.500000000000000000e+03 1.000000000000000000e+04 1.250000000000000000e+04 1.500000000000000000e+04 4.900000000000000000e+05 1.500000000000000000e+04 1.250000000000000000e+04 1.000000000000000000e+04 7.500000000000000000e+03 5.000000000000000000e+03 2.500000000000000000e+03 2.500000000000000000e+03 5.000000000000000000e+03 7.500000000000000000e+03 7.500000000000000000e+03 7.500000000000000000e+03 1.000000000000000000e+04 1.000000000000000000e+04
1.750000000000000000e+04 2.000000000000000000e+04 2.250000000000000000e+04 2.500000000000000000e+04 2.750000000000000000e+04 7.700000000000000000e+05 1.750000000000000000e+04 1.500000000000000000e+04 1.250000000000000000e+04 1.000000000000000000e+04 7.500000000000000000e+03 5.000000000000000000e+03 2.500000000000000000e+03 7.500000000000000000e+03 5.000000000000000000e+03 2.500000000000000000e+03 2.500000000000000000e+03 5.000000000000000000e+03 7.500000000000000000e+03 1.000000000000000000e+04 1.250000000000000000e+04 1.500000000000000000e+04 1.750000000000000000e+04 5.225000000000000000e+05 1.250000000000000000e+04 1.000000000000000000e+04 7.500000000000000000e+03 5.000000000000000000e+03 2.500000000000000000e+03 2.500000000000000000e+03 5.000000000000000000e+03 7.500000000000000000e+03 1.000000000000000000e+04 1.000000000000000000e+04 1.000000000000000000e+04 1.250000000000000000e+04 1.250000000000000000e+04
1.750000000000000000e+04 2.000000000000000000e+04 2.250000000000000000e+04 2.500000000000000000e+04 2.750000000000000000e+04 8.250000000000000000e+05 2.500000000000000000e+04 2.250000000000000000e+04 2.000000000000000000e+04 1.750000000000000000e+04 1.500000000000000000e+04 1.250000000000000000e+04 1.000000000000000000e+04 7.500000000000000000e+03 5.000000000000000000e+03 2.500000000000000000e+03 2.500000000000000000e+03 5.000000000000000000e+03 7.500000000000000000e+03 1.000000000000000000e+04 1.250000000000000000e+04 1.500000000000000000e+04 1.750000000000000000e+04 5.550000000000000000e+05 1.250000000000000000e+04 1.000000000000000000e+04 7.500000000000000000e+03 5.000000000000000000e+03 2.500000000000000000e+03 5.000000000000000000e+03 7.500000000000000000e+03 1.000000000000000000e+04 1.250000000000000000e+04 1.250000000000000000e+04 1.250000000000000000e+04 1.500000000000000000e+04 1.100000000000000000e+05
1.750000000000000000e+04 2.000000000000000000e+04 2.250000000000000000e+04 2.500000000000000000e+04 2.750000000000000000e+04 8.800000000000000000e+05 2.500000000000000000e+04 2.250000000000000000e+04 2.000000000000000000e+04 1.750000000000000000e+04 1.500000000000000000e+04 1.250000000000000000e+04 1.000000000000000000e+04 7.500000000000000000e+03 5.000000000000000000e+03 2.500000000000000000e+03 2.500000000000000000e+03 5.000000000000000000e+03 7.500000000000000000e+03 1.000000000000000000e+04 1.250000000000000000e+04 1.500000000000000000e+04 1.750000000000000000e+04 5.850000000000000000e+05 1.000000000000000000e+04 7.500000000000000000e+03 5.000000000000000000e+03 2.500000000000000000e+03 2.500000000000000000e+03 7.500000000000000000e+03 1.000000000000000000e+04 1.250000000000000000e+04 1.500000000000000000e+04 1.500000000000000000e+04 1.500000000000000000e+04 1.400000000000000000e+05 1.225000000000000000e+05
1.750000000000000000e+04 2.000000000000000000e+04 2.250000000000000000e+04 2.500000000000000000e+04 2.750000000000000000e+04 9.325000000000000000e+05 2.250000000000000000e+04 2.000000000000000000e+04 1.750000000000000000e+04 1.500000000000000000e+04 1.250000000000000000e+04 1.000000000000000000e+04 7.500000000000000000e+03 5.000000000000000000e+03 2.500000000000000000e+03 2.500000000000000000e+03 5.000000000000000000e+03 7.500000000000000000e+03 1.000000000000000000e+04 1.250000000000000000e+04 1.500000000000000000e+04 1.750000000000000000e+04 2.000000000000000000e+04 6.175000000000000000e+05 1.000000000000000000e+04 7.500000000000000000e+03 5.000000000000000000e+03 2.500000000000000000e+03 5.000000000000000000e+03 1.000000000000000000e+04 1.250000000000000000e+04 1.500000000000000000e+04 1.750000000000000000e+04 1.750000000000000000e+04 1.700000000000000000e+05 1.525000000000000000e+05 1.000000000000000000e+04
1.750000000000000000e+04 2.000000000000000000e+04 2.250000000000000000e+04 2.500000000000000000e+04 2.750000000000000000e+04 9.850000000000000000e+05 2.250000000000000000e+04 2.000000000000000000e+04 1.750000000000000000e+04 1.500000000000000000e+04 1.250000000000000000e+04 1.000000000000000000e+04 7.500000000000000000e+03 5.000000000000000000e+03 2.500000000000000000e+03 2.500000000000000000e+03 5.000000000000000000e+03 7.500000000000000000e+03 1.000000000000000000e+04 1.250000000000000000e+04 1.500000000000000000e+04 1.750000000000000000e+04 2.000000000000000000e+04 6.475000000000000000e+05 7.500000000000000000e+03 5.000000000000000000e+03 2.500000000000000000e+03 2.500000000000000000e+03 7.500000000000000000e+03 1.250000000000000000e+04 1.500000000000000000e+04 1.750000000000000000e+04 2.000000000000000000e+04 2.025000000000000000e+05 1.825000000000000000e+05 1.000000000000000000e+04 7.500000000000000000e+03
1.750000000000000000e+04 2.000000000000000000e+04 2.250000000000000000e+04 2.500000000000000000e+04 2.750000000000000000e+04 1.037500000000000000e+06 2.250000000000000000e+04 2.000000000000000000e+04 1.750000000000000000e+04 1.500000000000000000e+04 1.250000000000000000e+04 1.000000000000000000e+04 7.500000000000000000e+03 5.000000000000000000e+03 2.500000000000000000e+03 2.500000000000000000e+03 5.000000000000000000e+03 7.500000000000000000e+03 1.000000000000000000e+04 1.250000000000000000e+04 1.500000000000000000e+04 1.750000000000000000e+04 2.000000000000000000e+04 6.775000000000000000e+05 7.500000000000000000e+03 5.000000000000000000e+03 2.500000000000000000e+03 5.000000000000000000e+03 1.000000000000000000e+04 1.500000000000000000e+04 1.750000000000000000e+04 2.000000000000000000e+04 2.375000000000000000e+05 2.150000000000000000e+05 1.000000000000000000e+04 7.500000000000000000e+03 5.000000000000000000e+03
