_codes/_figurecodes/_data/drainage_area_4.asc
nrows 200
cellsize 50.0
xllcorner 0.0
ncols 200
yllcorner 0.0
[rows 153 to 169 of 200, columns 37 to 73 of 200]
2.500000000000000000e+03 2.500000000000000000e+03 5.000000000000000000e+03 7.500000000000000000e+03 1.015000000000000000e+06 1.005000000000000000e+06 9.950000000000000000e+05 9.750000000000000000e+05 9.550000000000000000e+05 9.350000000000000000e+05 9.150000000000000000e+05 8.950000000000000000e+05 8.750000000000000000e+05 8.550000000000000000e+05 8.350000000000000000e+05 8.125000000000000000e+05 7.900000000000000000e+05 7.675000000000000000e+05 7.425000000000000000e+05 7.300000000000000000e+05 4.750000000000000000e+04 3.750000000000000000e+04 5.000000000000000000e+03 2.500000000000000000e+03 2.500000000000000000e+03 5.000000000000000000e+03 5.000000000000000000e+03 5.000000000000000000e+03 5.000000000000000000e+03 5.000000000000000000e+03 2.500000000000000000e+03 2.500000000000000000e+03 2.500000000000000000e+03 2.500000000000000000e+03 5.000000000000000000e+03 7.500000000000000000e+03 1.250000000000000000e+04
1.072500000000000000e+06 1.070000000000000000e+06 1.062500000000000000e+06 1.050000000000000000e+06 1.035000000000000000e+06 1.000000000000000000e+04 1.000000000000000000e+04 1.000000000000000000e+04 1.000000000000000000e+04 1.000000000000000000e+04 1.000000000000000000e+04 1.000000000000000000e+04 1.000000000000000000e+04 1.000000000000000000e+04 1.250000000000000000e+04 1.250000000000000000e+04 1.250000000000000000e+04 1.500000000000000000e+04 2.500000000000000000e+03 6.725000000000000000e+05 7.500000000000000000e+03 5.000000000000000000e+03 2.500000000000000000e+03 2.500000000000000000e+03 5.000000000000000000e+03 7.500000000000000000e+03 7.500000000000000000e+03 7.500000000000000000e+03 7.500000000000000000e+03 7.500000000000000000e+03 5.000000000000000000e+03 5.000000000000000000e+03 5.000000000000000000e+03 2.500000000000000000e+03 2.500000000000000000e+03 5.000000000000000000e+03 1.000000000000000000e+04
2.500000000000000000e+03 2.500000000000000000e+03 5.000000000000000000e+03 5.000000000000000000e+03 7.500000000000000000e+03 7.500000000000000000e+03 7.500000000000000000e+03 7.500000000000000000e+03 7.500000000000000000e+03 7.500000000000000000e+03 7.500000000000000000e+03 7.500000000000000000e+03 7.500000000000000000e+03 7.500000000000000000e+03 1.000000000000000000e+04 1.000000000000000000e+04 1.000000000000000000e+04 1.250000000000000000e+04 2.500000000000000000e+03 6.625000000000000000e+05 2.500000000000000000e+03 2.500000000000000000e+03 2.500000000000000000e+03 5.000000000000000000e+03 7.500000000000000000e+03 1.000000000000000000e+04 1.000000000000000000e+04 1.000000000000000000e+04 1.000000000000000000e+04 1.000000000000000000e+04 7.500000000000000000e+03 7.500000000000000000e+03 1.250000000000000000e+04 5.000000000000000000e+03 2.500000000000000000e+03 2.500000000000000000e+03 7.500000000000000000e+03
5.000000000000000000e+03 2.500000000000000000e+03 2.500000000000000000e+03 2.500000000000000000e+03 5.000000000000000000e+03 5.000000000000000000e+03 5.000000000000000000e+03 5.000000000000000000e+03 5.000000000000000000e+03 5.000000000000000000e+03 5.000000000000000000e+03 5.000000000000000000e+03 5.000000000000000000e+03 5.000000000000000000e+03 7.500000000000000000e+03 7.500000000000000000e+03 7.500000000000000000e+03 1.000000000000000000e+04 2.250000000000000000e+04 6.550000000000000000e+05 6.075000000000000000e+05 5.825000000000000000e+05 5.525000000000000000e+05 5.225000000000000000e+05 4.900000000000000000e+05 4.550000000000000000e+05 4.200000000000000000e+05 3.925000000000000000e+05 3.725000000000000000e+05 2.100000000000000000e+05 1.950000000000000000e+05 1.775000000000000000e+05 2.250000000000000000e+04 7.500000000000000000e+03 5.000000000000000000e+03 2.500000000000000000e+03 5.000000000000000000e+03
1.000000000000000000e+04 7.500000000000000000e+03 5.000000000000000000e+03 2.500000000000000000e+03 2.500000000000000000e+03 2.500000000000000000e+03 2.500000000000000000e+03 2.500000000000000000e+03 2.500000000000000000e+03 2.500000000000000000e+03 2.500000000000000000e+03 2.500000000000000000e+03 2.500000000000000000e+03 2.500000000000000000e+03 5.000000000000000000e+03 5.000000000000000000e+03 5.000000000000000000e+03 7.500000000000000000e+03 2.000000000000000000e+04 2.250000000000000000e+04 2.250000000000000000e+04 2.500000000000000000e+04 2.500000000000000000e+04 2.500000000000000000e+04 2.500000000000000000e+04 2.250000000000000000e+04 1.500000000000000000e+04 7.500000000000000000e+03 1.500000000000000000e+05 2.500000000000000000e+03 7.500000000000000000e+03 1.450000000000000000e+05 1.300000000000000000e+05 7.500000000000000000e+03 5.000000000000000000e+03 2.500000000000000000e+03 2.500000000000000000e+03
1.250000000000000000e+04 1.000000000000000000e+04 7.500000000000000000e+03 5.000000000000000000e+03 2.500000000000000000e+03 2.500000000000000000e+03 2.500000000000000000e+03 2.500000000000000000e+03 2.500000000000000000e+03 2.500000000000000000e+03 2.500000000000000000e+03 2.500000000000000000e+03 5.000000000000000000e+03 2.500000000000000000e+03 2.500000000000000000e+03 2.500000000000000000e+03 2.500000000000000000e+03 5.000000000000000000e+03 1.750000000000000000e+04 2.000000000000000000e+04 2.000000000000000000e+04 2.250000000000000000e+04 2.250000000000000000e+04 2.250000000000000000e+04 2.250000000000000000e+04 2.000000000000000000e+04 1.250000000000000000e+04 5.000000000000000000e+03 1.475000000000000000e+05 2.500000000000000000e+03 5.000000000000000000e+03 1.250000000000000000e+04 1.200000000000000000e+05 1.025000000000000000e+05 7.500000000000000000e+03 5.000000000000000000e+03 2.500000000000000000e+03
5.000000000000000000e+03 2.500000000000000000e+03 2.500000000000000000e+03 2.500000000000000000e+03 2.500000000000000000e+03 5.000000000000000000e+03 5.000000000000000000e+03 5.000000000000000000e+03 5.000000000000000000e+03 5.000000000000000000e+03 5.000000000000000000e+03 5.000000000000000000e+03 7.500000000000000000e+03 2.500000000000000000e+03 2.500000000000000000e+03 5.000000000000000000e+03 2.500000000000000000e+03 2.500000000000000000e+03 1.500000000000000000e+04 1.750000000000000000e+04 1.750000000000000000e+04 2.000000000000000000e+04 2.000000000000000000e+04 2.000000000000000000e+04 2.000000000000000000e+04 1.750000000000000000e+04 1.000000000000000000e+04 2.500000000000000000e+03 1.425000000000000000e+05 2.500000000000000000e+03 2.500000000000000000e+03 1.000000000000000000e+04 1.500000000000000000e+04 9.250000000000000000e+04 7.500000000000000000e+03 5.000000000000000000e+03 2.500000000000000000e+03
2.500000000000000000e+03 2.500000000000000000e+03 5.000000000000000000e+03 5.000000000000000000e+03 5.000000000000000000e+03 7.500000000000000000e+03 7.500000000000000000e+03 7.500000000000000000e+03 7.500000000000000000e+03 7.500000000000000000e+03 7.500000000000000000e+03 7.500000000000000000e+03 1.000000000000000000e+04 5.000000000000000000e+03 5.000000000000000000e+03 1.250000000000000000e+04 5.000000000000000000e+03 2.500000000000000000e+03 1.250000000000000000e+04 1.500000000000000000e+04 1.500000000000000000e+04 1.750000000000000000e+04 1.750000000000000000e+04 1.750000000000000000e+04 1.750000000000000000e+04 1.500000000000000000e+04 7.500000000000000000e+03 2.500000000000000000e+03 1.375000000000000000e+05 5.000000000000000000e+03 2.500000000000000000e+03 7.500000000000000000e+03 1.250000000000000000e+04 8.250000000000000000e+04 6.500000000000000000e+04 7.500000000000000000e+03 5.000000000000000000e+03
4.650000000000000000e+05 4.500000000000000000e+05 4.350000000000000000e+05 4.150000000000000000e+05 3.950000000000000000e+05 3.750000000000000000e+05 3.525000000000000000e+05 3.275000000000000000e+05 2.950000000000000000e+05 2.650000000000000000e+05 2.475000000000000000e+05 9.250000000000000000e+04 8.250000000000000000e+04 6.750000000000000000e+04 5.500000000000000000e+04 4.250000000000000000e+04 5.000000000000000000e+03 2.500000000000000000e+03 1.000000000000000000e+04 1.250000000000000000e+04 1.250000000000000000e+04 1.500000000000000000e+04 1.500000000000000000e+04 1.500000000000000000e+04 1.500000000000000000e+04 1.250000000000000000e+04 5.000000000000000000e+03 2.500000000000000000e+03 1.275000000000000000e+05 5.000000000000000000e+03 2.500000000000000000e+03 5.000000000000000000e+03 1.000000000000000000e+04 1.500000000000000000e+04 5.500000000000000000e+04 7.500000000000000000e+03 5.000000000000000000e+03
1.000000000000000000e+04 1.000000000000000000e+04 1.250000000000000000e+04 1.250000000000000000e+04 1.250000000000000000e+04 1.250000000000000000e+04 1.500000000000000000e+04 2.250000000000000000e+04 2.000000000000000000e+04 7.500000000000000000e+03 1.450000000000000000e+05 2.500000000000000000e+03 2.500000000000000000e+03 5.000000000000000000e+03 5.000000000000000000e+03 2.250000000000000000e+04 1.500000000000000000e+04 2.500000000000000000e+03 7.500000000000000000e+03 1.000000000000000000e+04 1.000000000000000000e+04 1.250000000000000000e+04 1.250000000000000000e+04 1.250000000000000000e+04 1.250000000000000000e+04 1.000000000000000000e+04 2.500000000000000000e+03 2.500000000000000000e+03 1.175000000000000000e+05 5.000000000000000000e+03 2.500000000000000000e+03 2.500000000000000000e+03 7.500000000000000000e+03 1.250000000000000000e+04 4.500000000000000000e+04 7.500000000000000000e+03 5.000000000000000000e+03
7.500000000000000000e+03 7.500000000000000000e+03 1.000000000000000000e+04 1.000000000000000000e+04 1.000000000000000000e+04 1.000000000000000000e+04 1.250000000000000000e+04 2.000000000000000000e+04 1.750000000000000000e+04 5.000000000000000000e+03 1.400000000000000000e+05 5.000000000000000000e+03 2.500000000000000000e+03 2.500000000000000000e+03 2.500000000000000000e+03 5.000000000000000000e+03 1.000000000000000000e+04 2.500000000000000000e+03 5.000000000000000000e+03 7.500000000000000000e+03 7.500000000000000000e+03 1.000000000000000000e+04 1.000000000000000000e+04 1.000000000000000000e+04 1.000000000000000000e+04 7.500000000000000000e+03 2.500000000000000000e+03 5.000000000000000000e+03 1.075000000000000000e+05 7.500000000000000000e+03 5.000000000000000000e+03 2.500000000000000000e+03 5.000000000000000000e+03 1.000000000000000000e+04 3.500000000000000000e+04 2.500000000000000000e+04 1.250000000000000000e+04
5.000000000000000000e+03 5.000000000000000000e+03 7.500000000000000000e+03 7.500000000000000000e+03 7.500000000000000000e+03 7.500000000000000000e+03 1.000000000000000000e+04 1.750000000000000000e+04 1.500000000000000000e+04 2.500000000000000000e+03 1.325000000000000000e+05 1.000000000000000000e+04 7.500000000000000000e+03 5.000000000000000000e+03 2.500000000000000000e+03 2.500000000000000000e+03 5.000000000000000000e+03 2.500000000000000000e+03 2.500000000000000000e+03 5.000000000000000000e+03 5.000000000000000000e+03 7.500000000000000000e+03 7.500000000000000000e+03 7.500000000000000000e+03 7.500000000000000000e+03 5.000000000000000000e+03 2.500000000000000000e+03 5.000000000000000000e+03 9.250000000000000000e+04 7.500000000000000000e+03 5.000000000000000000e+03 2.500000000000000000e+03 2.500000000000000000e+03 7.500000000000000000e+03 7.500000000000000000e+03 1.000000000000000000e+04 1.000000000000000000e+04
2.500000000000000000e+03 2.500000000000000000e+03 5.000000000000000000e+03 5.000000000000000000e+03 5.000000000000000000e+03 5.000000000000000000e+03 7.500000000000000000e+03 1.500000000000000000e+04 1.250000000000000000e+04 2.500000000000000000e+03 1.200000000000000000e+05 2.000000000000000000e+04 1.750000000000000000e+04 1.500000000000000000e+04 1.250000000000000000e+04 1.000000000000000000e+04 7.500000000000000000e+03 5.000000000000000000e+03 2.500000000000000000e+03 2.500000000000000000e+03 2.500000000000000000e+03 5.000000000000000000e+03 5.000000000000000000e+03 5.000000000000000000e+03 5.000000000000000000e+03 2.500000000000000000e+03 2.500000000000000000e+03 5.000000000000000000e+03 7.750000000000000000e+04 1.000000000000000000e+04 7.500000000000000000e+03 5.000000000000000000e+03 2.500000000000000000e+03 5.000000000000000000e+03 5.000000000000000000e+03 7.500000000000000000e+03 7.500000000000000000e+03
5.000000000000000000e+03 2.500000000000000000e+03 2.500000000000000000e+03 2.500000000000000000e+03 2.500000000000000000e+03 2.500000000000000000e+03 5.000000000000000000e+03 1.250000000000000000e+04 1.000000000000000000e+04 2.500000000000000000e+03 9.500000000000000000e+04 2.500000000000000000e+04 2.250000000000000000e+04 2.000000000000000000e+04 1.750000000000000000e+04 1.500000000000000000e+04 1.250000000000000000e+04 1.000000000000000000e+04 7.500000000000000000e+03 5.000000000000000000e+03 2.500000000000000000e+03 2.500000000000000000e+03 2.500000000000000000e+03 2.500000000000000000e+03 2.500000000000000000e+03 2.500000000000000000e+03 5.000000000000000000e+03 1.750000000000000000e+04 6.000000000000000000e+04 3.500000000000000000e+04 7.500000000000000000e+03 5.000000000000000000e+03 2.500000000000000000e+03 2.500000000000000000e+03 2.500000000000000000e+03 5.000000000000000000e+03 5.000000000000000000e+03
2.500000000000000000e+03 2.500000000000000000e+03 2.500000000000000000e+03 7.500000000000000000e+03 5.000000000000000000e+03 2.500000000000000000e+03 2.500000000000000000e+03 1.000000000000000000e+04 7.500000000000000000e+03 7.500000000000000000e+03 6.500000000000000000e+04 5.000000000000000000e+04 2.000000000000000000e+04 1.750000000000000000e+04 1.500000000000000000e+04 1.250000000000000000e+04 1.000000000000000000e+04 7.500000000000000000e+03 5.000000000000000000e+03 2.500000000000000000e+03 2.500000000000000000e+03 2.500000000000000000e+03 2.500000000000000000e+03 2.500000000000000000e+03 2.500000000000000000e+03 2.500000000000000000e+03 5.000000000000000000e+03 1.000000000000000000e+04 5.000000000000000000e+03 2.500000000000000000e+04 1.250000000000000000e+04 1.000000000000000000e+04 7.500000000000000000e+03 5.000000000000000000e+03 2.500000000000000000e+03 2.500000000000000000e+03 2.500000000000000000e+03
1.200000000000000000e+05 1.000000000000000000e+05 8.000000000000000000e+04 6.000000000000000000e+04 3.750000000000000000e+04 2.250000000000000000e+04 1.000000000000000000e+04 7.500000000000000000e+03 5.000000000000000000e+03 5.000000000000000000e+03 5.000000000000000000e+03 2.750000000000000000e+04 2.250000000000000000e+04 1.250000000000000000e+04 1.000000000000000000e+04 7.500000000000000000e+03 5.000000000000000000e+03 2.500000000000000000e+03 2.500000000000000000e+03 2.500000000000000000e+03 5.000000000000000000e+03 5.000000000000000000e+03 5.000000000000000000e+03 5.000000000000000000e+03 5.000000000000000000e+03 2.500000000000000000e+03 2.500000000000000000e+03 2.500000000000000000e+03 2.500000000000000000e+03 1.000000000000000000e+04 7.500000000000000000e+03 5.000000000000000000e+03 2.500000000000000000e+03 2.500000000000000000e+03 2.500000000000000000e+03 2.500000000000000000e+03 2.500000000000000000e+03
1.500000000000000000e+04 1.500000000000000000e+04 1.500000000000000000e+04 1.250000000000000000e+04 1.250000000000000000e+04 1.000000000000000000e+04 7.500000000000000000e+03 5.000000000000000000e+03 2.500000000000000000e+03 2.500000000000000000e+03 2.500000000000000000e+03 2.500000000000000000e+03 7.500000000000000000e+03 5.000000000000000000e+03 2.500000000000000000e+03 2.500000000000000000e+03 2.500000000000000000e+03 2.500000000000000000e+03 5.000000000000000000e+03 5.000000000000000000e+03 7.500000000000000000e+03 7.500000000000000000e+03 7.500000000000000000e+03 7.500000000000000000e+03 7.500000000000000000e+03 5.000000000000000000e+03 5.000000000000000000e+03 2.500000000000000000e+03 2.500000000000000000e+03 2.500000000000000000e+03 2.500000000000000000e+03 2.500000000000000000e+03 2.500000000000000000e+03 5.000000000000000000e+03 5.000000000000000000e+03 5.000000000000000000e+03 5.000000000000000000e+03
