_codes/_figurecodes/_data/lowRvar/steadystate/20m_HalfMtrThresh_Diffusion_Tc10/topographic_elevation_depth20m_tc10.asc
ncols 200
nrows 200
xllcorner 0.0
yllcorner 0.0
cellsize 50.0
[rows 51 to 67 of 200, columns 37 to 73 of 200]
9.742338304542882952e+02 9.107922298837918333e+02 8.474424300009503668e+02 7.888474349376247119e+02 7.339986811291335016e+02 6.822012993865366752e+02 6.329544873252957586e+02 5.858827308588884080e+02 5.406955577531258541e+02 5.955412626294128131e+02 6.541336949185822505e+02 7.159617002079146459e+02 7.761555736684987323e+02 8.307413344042752215e+02 8.736202562693938489e+02 8.956473963585164029e+02 8.835827608421207060e+02 8.445700359245718118e+02 7.902953870672770336e+02 7.284753759594204894e+02 6.640184064920499623e+02 6.006638103829097872e+02 5.420722688849845099e+02 5.965263382404783670e+02 6.352566140489744839e+02 6.450180463227419523e+02 6.197796984098235953e+02 5.752122140685245313e+02 5.769973891807001110e+02 5.524348599332240610e+02 5.580832266530071593e+02 5.909999437562549929e+02 6.251898361502226180e+02 6.606062697468045144e+02 6.974020183582902064e+02 7.371613203084095858e+02 7.776470306129958772e+02
9.692448155833644705e+02 9.057779152136226912e+02 8.424209021213516735e+02 7.838259333755214584e+02 7.289772404488495567e+02 6.771799416740099105e+02 6.279332147660802548e+02 5.808615219950139590e+02 5.356743747317187854e+02 5.905200402029627185e+02 6.491123866661909005e+02 7.119350127872540952e+02 7.719672211071894026e+02 8.256177090225077109e+02 8.668932296878981560e+02 8.868881188256743826e+02 8.734896214453017365e+02 8.342791672155333345e+02 7.802147885309414050e+02 7.186395889340325311e+02 6.543422385509550168e+02 5.909878292113268117e+02 5.323963811683317999e+02 5.840238289418966815e+02 6.186959026619505266e+02 6.232156605364557436e+02 5.927525246225386582e+02 5.356494703120395116e+02 5.412156305820911939e+02 5.467916430562067944e+02 5.733544904526736445e+02 6.005401642395837598e+02 6.284002499889062392e+02 6.569939933262427303e+02 6.863900134898826764e+02 7.271420976313448818e+02 7.692099422415881236e+02
9.641554978263955036e+02 9.007776897733781425e+02 8.374212828940851523e+02 7.788263436549010521e+02 7.239777138030588048e+02 6.721804982705336897e+02 6.229338542647482200e+02 5.758622210053260915e+02 5.306750962641028764e+02 5.887033684041897459e+02 6.489926630947585409e+02 7.103397183066923617e+02 7.691622984913867640e+02 8.210177623654212766e+02 8.595484448652919127e+02 8.755018695544035836e+02 8.613170442289521134e+02 8.228284567989620655e+02 7.696886719782130513e+02 7.087657330012963257e+02 6.447577065960704203e+02 5.814034692897655532e+02 5.228120981476884026e+02 5.714782565185508929e+02 6.026407363155692565e+02 6.050678233690933894e+02 5.777426035541815281e+02 5.301125229454743248e+02 5.626286551084747316e+02 5.859336584136506190e+02 6.121245942519475420e+02 6.388277078959326900e+02 6.654268510161820132e+02 6.910132843732691299e+02 7.134453242883267876e+02 7.430910881922668523e+02 7.752840538265130590e+02
9.589803795823273731e+02 8.957316605756737999e+02 8.324421285901657939e+02 7.738472219553954119e+02 7.189986571960802166e+02 6.672015249450855663e+02 6.179549614152218737e+02 5.708833836107070283e+02 5.256962784996486562e+02 5.842876513355165571e+02 6.461250012406713950e+02 7.070082444415687632e+02 7.640710482784754731e+02 8.127826181893209423e+02 8.466452705170042918e+02 8.573374391054557009e+02 8.452629087676427844e+02 8.096072579246481382e+02 7.586772909451967735e+02 6.990690908852416214e+02 6.352619793710080103e+02 5.719078991825481353e+02 5.133165911748461667e+02 5.581164368409922645e+02 5.842149232054204049e+02 5.839849710650871657e+02 5.642119832152528716e+02 5.245819979581566486e+02 5.632790803078970612e+02 5.945304834901778577e+02 6.225669540536985096e+02 6.491880624610853374e+02 6.749082054578746011e+02 6.985792434883256874e+02 7.214989516690311575e+02 7.464072752349056827e+02 7.721244880198413512e+02
9.537314793155143207e+02 8.906653224953765857e+02 8.274831629294149025e+02 7.688882918926127559e+02 7.140397940499018432e+02 6.622427448731158393e+02 6.129962592314044514e+02 5.659247329692753965e+02 5.207376449854623388e+02 5.817730593624144149e+02 6.433221820436633607e+02 7.029442268211089413e+02 7.571617218425551528e+02 8.009512555098276607e+02 8.269362241521419037e+02 8.319853439137913256e+02 8.235357188846822964e+02 7.942136674302878419e+02 7.474101694788804480e+02 6.905224416597631034e+02 6.286639189133876471e+02 5.656765875386151947e+02 5.039071773267791627e+02 5.433368006970016495e+02 5.589004618825190391e+02 5.517786973189938635e+02 5.430707001719501932e+02 5.190626529781267209e+02 5.566917101752784447e+02 5.848026066676445680e+02 6.086626762382124980e+02 6.311912186610362596e+02 6.529948450300826153e+02 6.733006495578774775e+02 6.947464127222253865e+02 7.171736229829796230e+02 7.398188515849919895e+02
9.484199653113522572e+02 8.855950151870234777e+02 8.225430164740752161e+02 7.639481839259460685e+02 7.090997546419112041e+02 6.573027881141194939e+02 6.080563776610863442e+02 5.609848992090305728e+02 5.157978262067376818e+02 5.774625804752342901e+02 6.382914540349827348e+02 6.954180391957958136e+02 7.447656627038595616e+02 7.808464274704709851e+02 7.967384017606304951e+02 7.978481038822632172e+02 7.918741131834768794e+02 7.713573667455434588e+02 7.314785362541006180e+02 6.791536401106250196e+02 6.197866937999939410e+02 5.573508471593916056e+02 4.945629568986765321e+02 5.248573149378859171e+02 5.259414688281665349e+02 5.028087420452553715e+02 5.081761635044505283e+02 5.135464883302303178e+02 5.316469067511976618e+02 5.500034857534245702e+02 5.687212488390185854e+02 5.878250532825927621e+02 6.073428145480081639e+02 6.273060563827471015e+02 6.478770630023290096e+02 6.691222403856277197e+02 6.911213380281645868e+02
9.430983907656166139e+02 8.805604048719711727e+02 8.176214535458819910e+02 7.590266622606119427e+02 7.041783029785060535e+02 6.523814184499204885e+02 6.031350803874196345e+02 5.560636461987098755e+02 5.108765863498628050e+02 5.730112767039701112e+02 6.323820425279420760e+02 6.855332358260295678e+02 7.274804186921686551e+02 7.519221496112636487e+02 7.581850830509173420e+02 7.557983335426490612e+02 7.521757868270462950e+02 7.403470765241931986e+02 7.111685311839460155e+02 6.657767405604240594e+02 6.102336295008202569e+02 5.490186192717949325e+02 4.852824487415799695e+02 5.043808842891830864e+02 4.920854804462904895e+02 4.974456659671174634e+02 5.421177969103711121e+02 5.647994789973934076e+02 5.852262511460639871e+02 6.044559490408024658e+02 6.230323227820558714e+02 6.413508535491635030e+02 6.596095684135159445e+02 6.779035280351066604e+02 6.964353987302772566e+02 7.157008066396751929e+02 7.364414022862445108e+02
9.379864373158823128e+02 8.756734047593980677e+02 8.127171703694467624e+02 7.541224230077323227e+02 6.992741349863898677e+02 6.474773316142877775e+02 5.982310630908203848e+02 5.511596698260958647e+02 5.059726215904919968e+02 5.674514512391541530e+02 6.236716973428924575e+02 6.704265808229095001e+02 7.009652892125119479e+02 7.132087156120119289e+02 7.124206644192587419e+02 7.067165858243051844e+02 7.053653820464544424e+02 6.995451481839919552e+02 6.816429221020687237e+02 6.471749035587149592e+02 5.982183571461979454e+02 5.401566900710444088e+02 4.760465743689084093e+02 4.813866702052608275e+02 4.867296210806480872e+02 5.329704578986460319e+02 5.727102778780757717e+02 6.010961877465610996e+02 6.238614802800714187e+02 6.438012497323311436e+02 6.617791672269127048e+02 6.787714830299963751e+02 6.951231082285323737e+02 7.108053725294494143e+02 7.258892993322028815e+02 7.415356234244908364e+02 7.615430726126600121e+02
9.338809647936221836e+02 8.711858930132630121e+02 8.078289051970635910e+02 7.492342043020920528e+02 6.943859886167556397e+02 6.425892653795557408e+02 5.933430635154226138e+02 5.462717080476271576e+02 5.010846701430315875e+02 5.592070701377059549e+02 6.093890463472554302e+02 6.465879026835706327e+02 6.640699935759665777e+02 6.676788211952889469e+02 6.616215648117993169e+02 6.512562234342548209e+02 6.536024242922509302e+02 6.519337621350141490e+02 6.413485728075842189e+02 6.189371938988632564e+02 5.810234930828961524e+02 5.305908697090770829e+02 4.712441896163635988e+02 5.027296752354495197e+02 5.233038527432366891e+02 5.557651538435816292e+02 5.870534583531270982e+02 6.140643987516931475e+02 6.372428456847459302e+02 6.572719852507149199e+02 6.734515429930620485e+02 6.882581888775416701e+02 7.019764154909069021e+02 7.139222198519598805e+02 7.229774409559886408e+02 7.297039657954419454e+02 7.488853002353528154e+02
9.336263225344065404e+02 8.766797885156662460e+02 8.167315469006327930e+02 7.572678220856392954e+02 6.991725297176160439e+02 6.443250748159466639e+02 5.925291522197306904e+02 5.432835804419490842e+02 4.962125591109784750e+02 5.492951277223934312e+02 5.903111749515593374e+02 6.139330032003493898e+02 6.203489109590210546e+02 6.180067278476706178e+02 6.090169505615787102e+02 5.964095060931920216e+02 6.002028651210187036e+02 6.003821890189503847e+02 5.938934990369456273e+02 5.788170864956935020e+02 5.527711127863479987e+02 5.162720686097233056e+02 4.664458043713901247e+02 5.046565652522654659e+02 5.338569786116539717e+02 5.609700626865234199e+02 5.840922796350746466e+02 6.044669303673398417e+02 6.226310378173477602e+02 6.385649394812915034e+02 6.514286725404592744e+02 6.645351911564886223e+02 6.769019270862577287e+02 6.870210321902154647e+02 6.914427374931512986e+02 6.812371956183943666e+02 7.148126081301379600e+02
9.311023315003386642e+02 8.801554531155635459e+02 8.229719686234851679e+02 7.636112355860838079e+02 7.045441680048718354e+02 6.472410983537839684e+02 5.923944966864396520e+02 5.405992516447173557e+02 4.913540390603103560e+02 5.350841434636503209e+02 5.615662736880298098e+02 5.718282242316383872e+02 5.712343600648076745e+02 5.658208873180125238e+02 5.563956685059273468e+02 5.446141199265325668e+02 5.470869523449209737e+02 5.469931250976912906e+02 5.422132754692017897e+02 5.308923878795011433e+02 5.090100111574793686e+02 4.916305471975669548e+02 4.616524028924962977e+02 4.957195423204293547e+02 5.187393966946232240e+02 5.374272020786274879e+02 5.528844661138886067e+02 5.681301932803328327e+02 5.826829337190308706e+02 5.962654751999581322e+02 6.081927436131387594e+02 6.208375910985963628e+02 6.333104960247976578e+02 6.445325387400932868e+02 6.519889326425767422e+02 6.488911984822242403e+02 6.924501003039864599e+02
9.227295627603781440e+02 8.797836104316381807e+02 8.260593881139867563e+02 7.672598023168364989e+02 7.073679814235684944e+02 6.486789123614940991e+02 5.920430803265243185e+02 5.381751124198837033e+02 4.865069210557003885e+02 5.122278815065158142e+02 5.215810926324838874e+02 5.224798964999580448e+02 5.181960672693746801e+02 5.121669333017205190e+02 5.043316255219701816e+02 4.953688118079447804e+02 4.948502187840490478e+02 4.930042485506431831e+02 4.886472042956570476e+02 4.802044881981279900e+02 4.477660049043514618e+02 4.523126625594246093e+02 4.568609908753072659e+02 4.684352603914367705e+02 4.800855154775007350e+02 4.918529310255991618e+02 5.037415273399034277e+02 5.157983712041348099e+02 5.280316705982287431e+02 5.404741757769237438e+02 5.531383116529146946e+02 5.660921282815503446e+02 5.793589691606372298e+02 5.929979141088750794e+02 6.070821977832607672e+02 6.217050842187345552e+02 6.668933726328302782e+02
9.064005370067212652e+02 8.740580103783054255e+02 8.249562558857908243e+02 7.669764386051373322e+02 7.063972277009303298e+02 6.469021298273479488e+02 5.883097283601424579e+02 5.334639056510974342e+02 4.816690661328661918e+02 4.768786433860437342e+02 4.720941655798658303e+02 4.673165926049562700e+02 4.625468703974589175e+02 4.577869013856864058e+02 4.530366195767485351e+02 4.482978760404341756e+02 4.435715275192157492e+02 4.388546408780448473e+02 4.341443406030993515e+02 4.386810206673318930e+02 4.432218488354754413e+02 4.908767287778949822e+02 5.142124112307191126e+02 5.297292299297788531e+02 5.425721378639677823e+02 5.550414668120823762e+02 5.661704439867754672e+02 5.772509242237706530e+02 5.866231018928336880e+02 5.985196406906256925e+02 6.079842061484806663e+02 6.201136779724142798e+02 6.301139165935898063e+02 6.383653231618600330e+02 6.431220301958561549e+02 6.388884471819371811e+02 6.771051880702754033e+02
8.854527722939355954e+02 8.668241337524052597e+02 8.230070662243342667e+02 7.645781162900365189e+02 7.021443565132781259e+02 6.491826212426684606e+02 6.004057662701354730e+02 5.541682173440457291e+02 5.082318805215824682e+02 5.232258747873351012e+02 5.262859856436709833e+02 5.242506564814218564e+02 5.200552808448843507e+02 5.151448886121037276e+02 5.078400541194589550e+02 4.990013974061748172e+02 4.860820814491032138e+02 4.647406298307890324e+02 4.307130798899739261e+02 4.674262906285792383e+02 4.968253978254879826e+02 5.352004527094314881e+02 5.649140220196993596e+02 5.856324577902546480e+02 6.017175981240283136e+02 6.162672295384685413e+02 6.280917313460007563e+02 6.393598424114435375e+02 6.487382891692054727e+02 6.586683574880523793e+02 6.665769237841138875e+02 6.757367632194288944e+02 6.818977524522210842e+02 6.844379251689090324e+02 6.798392320728723917e+02 6.569893311054670448e+02 6.758974208823448180e+02
8.615102211078170740e+02 8.587135032267210590e+02 8.215865146241839057e+02 7.586581885477917240e+02 6.797961806259152127e+02 6.390448798653694666e+02 6.024551494704114702e+02 5.688810369535058271e+02 5.376268203489887583e+02 5.693232177233643370e+02 5.775273774385756269e+02 5.767612274886793102e+02 5.719725132018614886e+02 5.649787459212368503e+02 5.529560271189358218e+02 5.363694889887240151e+02 5.106494437918615290e+02 4.739178053985555152e+02 4.272827986901419877e+02 4.752311314213658306e+02 5.190971179173352539e+02 5.623669477167042032e+02 6.011112939732064433e+02 6.309493431369925247e+02 6.532420041010922205e+02 6.721231330458899720e+02 6.865576147026549734e+02 6.994947920201582292e+02 7.095632198412256457e+02 7.190696803996756898e+02 7.261668011486500518e+02 7.325839903784789158e+02 7.353245444157521433e+02 7.337064963265900133e+02 7.256761175203167795e+02 7.087864499110684164e+02 6.958612135776882042e+02
8.437312316399595602e+02 8.563124982600664907e+02 8.337080771718093501e+02 7.873016240247699216e+02 7.268694580854066771e+02 6.991106849826580856e+02 6.679295857747439413e+02 6.387827278109122062e+02 6.164856721916215747e+02 6.234190103202728324e+02 6.247104368007937865e+02 6.209055256142713688e+02 6.133780496392492978e+02 6.019767272532633342e+02 5.825465020290309894e+02 5.543683830743123053e+02 5.174746910925247221e+02 4.737528034212985517e+02 4.238547983485085524e+02 4.755990767718503776e+02 5.251635226798307485e+02 5.731455888514334447e+02 6.182681764698519373e+02 6.583483314885203299e+02 6.909985143144108406e+02 7.172293561827386839e+02 7.370347787041570200e+02 7.538791271385301798e+02 7.663665741548537653e+02 7.771245456636484050e+02 7.843018052948775676e+02 7.894692708403545112e+02 7.899742295536528900e+02 7.857635638985069590e+02 7.762515357057850451e+02 7.619699677657820303e+02 7.476590691044737014e+02
8.289252870689238080e+02 8.543765184997012057e+02 8.501393375864133759e+02 8.214437225074312892e+02 7.811701640421462116e+02 7.540494505756239505e+02 7.252654966482674581e+02 6.977734832499016875e+02 6.761022574506192768e+02 6.671878538307151985e+02 6.578876061322303030e+02 6.482659625237694172e+02 6.368231169708860762e+02 6.182945253139713486e+02 5.892198306013125375e+02 5.523589516300337436e+02 5.104349841229210369e+02 4.661433372564152933e+02 4.204297228068133450e+02 4.715839999395808491e+02 5.222056350710904553e+02 5.721079907950280585e+02 6.204272519405610637e+02 6.657403204889384369e+02 7.068430296966154174e+02 7.432032119081461587e+02 7.728247960171640898e+02 7.967796344397382882e+02 8.146032166323371939e+02 8.291330054415525410e+02 8.384469115721328762e+02 8.444001585574050068e+02 8.444167300747651552e+02 8.391420312294046653e+02 8.288170191858391718e+02 8.141025873616366653e+02 7.941657191788792716e+02
