_codes/_figurecodes/_data/lowRvar/steadystate/20m_HalfMtrThresh_Diffusion_Tc10/topographic_elevation_depth20m_tc10.asc
ncols 200
nrows 200
xllcorner 0.0
yllcorner 0.0
cellsize 50.0
[rows 51 to 67 of 200, columns 111 to 147 of 200]
6.992340763485530033e+02 7.150059867149300317e+02 7.307153646789095092e+02 7.465116890727124428e+02 7.623850376993847249e+02 7.786075882576251388e+02 7.952534241879794763e+02 8.124313581043093109e+02 8.302026725035153731e+02 8.486236337115811921e+02 8.666029997617787330e+02 8.831538337296677810e+02 9.036567851391845352e+02 9.231804405265588684e+02 9.409485672890866681e+02 9.524208355691698671e+02 1.015753156049724453e+03 1.081599158140772715e+03 1.135259340437694846e+03 1.172137843069054270e+03 1.187171135260713072e+03 1.176073910723279823e+03 1.147974190897474955e+03 1.115686362809660295e+03 1.096680579229292562e+03 1.116929077616590575e+03 1.146838300999090734e+03 1.208281128488354625e+03 1.260754099536501371e+03 1.298920750661542570e+03 1.324003259736961354e+03 1.343087689608564233e+03 1.358031057392862749e+03 1.375388352880866933e+03 1.391160974576940589e+03 1.406263050826970129e+03 1.422149427486693185e+03
7.600245615093195966e+02 7.769309783008475279e+02 7.933741732222438259e+02 8.096808572411231353e+02 8.260316065214789205e+02 8.426240410829092298e+02 8.595600706315979096e+02 8.768901809888849357e+02 8.945660451678974141e+02 9.123434436207311364e+02 9.294392379443445407e+02 9.450508015621259119e+02 9.620121231665815458e+02 9.772831196191893923e+02 9.877162948805183760e+02 9.873839370137600326e+02 1.049872304309820493e+03 1.107377499077617813e+03 1.153421540083869559e+03 1.181278148985994676e+03 1.182186441910523854e+03 1.156110706188671429e+03 1.110693211268172263e+03 1.052102144612262691e+03 1.002856942793891790e+03 1.044921929803343801e+03 1.091992908599598195e+03 1.166310260809957072e+03 1.219767675525881714e+03 1.252166646272184607e+03 1.272925901286943599e+03 1.289321656330449514e+03 1.303310191456508846e+03 1.323308554816542710e+03 1.342688613856382062e+03 1.361956042588228229e+03 1.382605636122647866e+03
8.172702607873416127e+02 8.353472331519050158e+02 8.525787225589814398e+02 8.694794850546111320e+02 8.863540804986491821e+02 9.034033954159008317e+02 9.207269504340106323e+02 9.383350194437560958e+02 9.561107967843748838e+02 9.737028053123694917e+02 9.902842244318910616e+02 1.004743703610935199e+03 1.019269733670737196e+03 1.031000727421481315e+03 1.035809904256990649e+03 1.026933153986243497e+03 1.085306974762203026e+03 1.134736967682863224e+03 1.170187821677392549e+03 1.184882056730860086e+03 1.170904167600770734e+03 1.135613819135875474e+03 1.086781737178335334e+03 1.029830583454846192e+03 9.710729124408375128e+02 1.028406861671845263e+03 1.083073117139343140e+03 1.137492619999796261e+03 1.177411865311075189e+03 1.200151990740846941e+03 1.215984283417295273e+03 1.229293263692276696e+03 1.239477605653533146e+03 1.263211347593124401e+03 1.284663009943672478e+03 1.305703045079902040e+03 1.328924707264870904e+03
8.661414712935518310e+02 8.851421470481823235e+02 9.030294009094620833e+02 9.205066792901156987e+02 9.379565513597217432e+02 9.555827219215859714e+02 9.734693025706183107e+02 9.916051369979551282e+02 1.009879983031340998e+03 1.028024600218445812e+03 1.044983648668672686e+03 1.059203910639699188e+03 1.072894764289601426e+03 1.083309094219473309e+03 1.086274176935473406e+03 1.073986581420336279e+03 1.123880253805212533e+03 1.162138312487357780e+03 1.182988984758727383e+03 1.178576503429936793e+03 1.151496431410599826e+03 1.110342302927437458e+03 1.060895224127034908e+03 1.003829921147173422e+03 9.428542892498530819e+02 1.004681580639251251e+03 1.058738825858553128e+03 1.101052100426373954e+03 1.128269182233670335e+03 1.144277862965116356e+03 1.156356177496325245e+03 1.168066733572994281e+03 1.176124474210490234e+03 1.201385806402535081e+03 1.222954514222445141e+03 1.243427588933819152e+03 1.268709740478123194e+03
8.989952707028725172e+02 9.181465077761715747e+02 9.362815840764990298e+02 9.542115095391363866e+02 9.722901193844713816e+02 9.906659677579633581e+02 1.009376622226377663e+03 1.028383918969412434e+03 1.047647260481289777e+03 1.067642477546215787e+03 1.086729883533925658e+03 1.102754357746983942e+03 1.117974245752013303e+03 1.130585652080687851e+03 1.138688252366082907e+03 1.143420743543911158e+03 1.168624280046042486e+03 1.187081370630171023e+03 1.185518305744596091e+03 1.162085085856200749e+03 1.124239133004349696e+03 1.079426327699218518e+03 1.035955822595795553e+03 9.802847192838339652e+02 9.171422752944328067e+02 9.761387256020849463e+02 1.023867368093914138e+03 1.054695214232589024e+03 1.074296017902328686e+03 1.086263042709864749e+03 1.095601718264026431e+03 1.108434319135248188e+03 1.117533319306179692e+03 1.141395358852412983e+03 1.161356654351580119e+03 1.180074446774478020e+03 1.206975977658970123e+03
9.042593398070604280e+02 9.218375081699293787e+02 9.395157180892462065e+02 9.577300715956474733e+02 9.765432619281592679e+02 9.959318469698948775e+02 1.015832338735439635e+03 1.036095261489298764e+03 1.056301298198813811e+03 1.080489442208195896e+03 1.104687794511054108e+03 1.126296107916782148e+03 1.145601550834309592e+03 1.163322367541363974e+03 1.177773094630864080e+03 1.187850639937867527e+03 1.199996348797071505e+03 1.198359164381591199e+03 1.175505034310114979e+03 1.136489100812921833e+03 1.087615481811909376e+03 1.034174089153928890e+03 1.001659103017971688e+03 9.522287324288956825e+02 8.926674026647140181e+02 9.450077856797514642e+02 9.813935512020320857e+02 1.002659401922712163e+03 1.017638244070674205e+03 1.027998223791255896e+03 1.037010638754749607e+03 1.051534112884605065e+03 1.062687962399614207e+03 1.084375974940358901e+03 1.102765543361993196e+03 1.121483299973841895e+03 1.146977039317558365e+03
8.781336246270226411e+02 8.932608721198226931e+02 9.103147240713152542e+02 9.286857882933456949e+02 9.480314928210287917e+02 9.681742019408252418e+02 9.890102955430278371e+02 1.010468864741427865e+03 1.032637723590150017e+03 1.062742005138835339e+03 1.091111062783451644e+03 1.117779797911069409e+03 1.142276822561305153e+03 1.168904997829040440e+03 1.193349232176998157e+03 1.209778149343541372e+03 1.214145017496347009e+03 1.196217900553860545e+03 1.158709661553546084e+03 1.106521038446481043e+03 1.047126033149330169e+03 9.849288187704531765e+02 9.605114771236881097e+02 9.206896690835945947e+02 8.690516063415539065e+02 9.071057547428614498e+02 9.306406206912921562e+02 9.463537408486803315e+02 9.595941060684408512e+02 9.704259889697927974e+02 9.821651984889538198e+02 9.974968493328744898e+02 1.010893154190692826e+03 1.030221478747340825e+03 1.047920211796101739e+03 1.066637965881871423e+03 1.089536973094268660e+03
8.304028209116421522e+02 8.444193663533317249e+02 8.614629053611791960e+02 8.801773508489205824e+02 9.000111260899815306e+02 9.207427331941470356e+02 9.422690991050194498e+02 9.645208508165831063e+02 9.876809252522048155e+02 1.020243679950795581e+03 1.051515703927063214e+03 1.082186007549243413e+03 1.112268680280768876e+03 1.147471338587588207e+03 1.182947582624587085e+03 1.208624003698098932e+03 1.213572362846781743e+03 1.189949152576194138e+03 1.144018067414893267e+03 1.078429769197581891e+03 1.008719037286837761e+03 9.453659272792837100e+02 9.111156752412165361e+02 8.781749071073528512e+02 8.458293805325034782e+02 8.595011847091051322e+02 8.732389691974755124e+02 8.871119715328289885e+02 9.011964040039237034e+02 9.155802534907483050e+02 9.303701233615821593e+02 9.457018609092751831e+02 9.616478689994610249e+02 9.784266249593249540e+02 9.961254050699275240e+02 1.014843192626981704e+03 1.034691664900959950e+03
7.687397954771093964e+02 7.840311960424173776e+02 8.019828715724898984e+02 8.213005351139390768e+02 8.416121924329391959e+02 8.628094786190187051e+02 8.848467436480622155e+02 9.075411288142230433e+02 9.299810021436170473e+02 9.640439209360055202e+02 9.968004152350430331e+02 1.030273185176230299e+03 1.065102562099742727e+03 1.107137547759180961e+03 1.157645880378113588e+03 1.194709751470973060e+03 1.207179446125380764e+03 1.186316065424674434e+03 1.142820977009258968e+03 1.085920688875673704e+03 1.025706424265784335e+03 9.696717804156818374e+02 9.226606279164169564e+02 8.783448341049312376e+02 8.341011753978540355e+02 8.754852486947747821e+02 9.078335214237972650e+02 9.336163969584883944e+02 9.546546235380398002e+02 9.739981108579299871e+02 9.905187279822368964e+02 1.006516767401122365e+03 1.020948529057157884e+03 1.036127932709695187e+03 1.052570901177208953e+03 1.069619173892833942e+03 1.087079020838470797e+03
6.998267949679548110e+02 7.187335953271730205e+02 7.381441964981868296e+02 7.581063585141743033e+02 7.788051749684995002e+02 8.003398542132421198e+02 8.228346752327763625e+02 8.464489896744264570e+02 8.713930634206463992e+02 9.016686099574206992e+02 9.340117270694117906e+02 9.689833438448894185e+02 1.007464537749571264e+03 1.054532920739401106e+03 1.128328655713739636e+03 1.176697231748019703e+03 1.198528970765484246e+03 1.184470166465942157e+03 1.144782833750044801e+03 1.091821700176869172e+03 1.034367488635699374e+03 9.778997699056125157e+02 9.246687411875392399e+02 8.733306093352335893e+02 8.225640077301439987e+02 8.739661166818134461e+02 9.196320195776261244e+02 9.599831504416850976e+02 9.935710585542242370e+02 1.021219225029003496e+03 1.042550520117953283e+03 1.060636789195382789e+03 1.074132230646728658e+03 1.086358018940280772e+03 1.098014188186423098e+03 1.108395385940214283e+03 1.119386693492851236e+03
7.032655263356599562e+02 7.364312994208554528e+02 7.648055593165732944e+02 7.881544453227689928e+02 8.097745704970490124e+02 8.312246516728396273e+02 8.530496524204314710e+02 8.751172838442192869e+02 8.958813219878535392e+02 9.222282208110433430e+02 9.519596765925655291e+02 9.852972928859994681e+02 1.022890782173064963e+03 1.068354991454437368e+03 1.121892977225112872e+03 1.166630660517691240e+03 1.190649821107496791e+03 1.180596520309813286e+03 1.143552786813982948e+03 1.092297061057172641e+03 1.035202329907559488e+03 9.771668986338709146e+02 9.203769988481107021e+02 8.651263876590296604e+02 8.112254795194112376e+02 8.652861490566793918e+02 9.169712049541167289e+02 9.658023035715133346e+02 1.010569835660700846e+03 1.049996343213117825e+03 1.080873748831978673e+03 1.103390881952241671e+03 1.116501935320434995e+03 1.123590389448923361e+03 1.124825790962616566e+03 1.118564515795594389e+03 1.111493233806926128e+03
6.944446836231908264e+02 7.333083823501434608e+02 7.644016678304712968e+02 7.885639953675071183e+02 8.099349869828912460e+02 8.307250133027266656e+02 8.517358972785549440e+02 8.732566987577512236e+02 8.955443018214806443e+02 9.206207472091282398e+02 9.489063884235049500e+02 9.810688085260114804e+02 1.015257369781288389e+03 1.061254255125040117e+03 1.112375615331635800e+03 1.157056260624101469e+03 1.182683721196932083e+03 1.174988466506136092e+03 1.139277648600859038e+03 1.088490687587998536e+03 1.030952417518805078e+03 9.714995355155648440e+02 9.125294060142912258e+02 8.549540661563614776e+02 8.001076600599434414e+02 8.537332027439844069e+02 9.077013836338438750e+02 9.614111508291287009e+02 1.012725447471393750e+03 1.059649620834189136e+03 1.099433520796593029e+03 1.129074475843256323e+03 1.143513376228856941e+03 1.142827314348083974e+03 1.126245446827427031e+03 1.095229200526272734e+03 1.052250204639233289e+03
6.805551913389641641e+02 7.149089043028387778e+02 7.397904562504504611e+02 7.597137659111782568e+02 7.793492089242810152e+02 7.991094370173618699e+02 8.193392379762336759e+02 8.402882266206768236e+02 8.622935690881350865e+02 8.861716815197327151e+02 9.129594898069299234e+02 9.456730861461865061e+02 9.794779533921008579e+02 1.036401274124458268e+03 1.096208373305085843e+03 1.146281090555791934e+03 1.174594089782827268e+03 1.168146992178893015e+03 1.132612182046080989e+03 1.081531911128727870e+03 1.023341194476290980e+03 9.628982752681650936e+02 9.026659251217799920e+02 8.440739603671017903e+02 7.892275757566108041e+02 8.410233560703954936e+02 8.958695971871796928e+02 9.539297595770368616e+02 1.009587176257067881e+03 1.061166991534038289e+03 1.105575818150147825e+03 1.138260199858080568e+03 1.152700644607853292e+03 1.141599379725744257e+03 1.110989067352920756e+03 1.066561318153258298e+03 1.011500225428093472e+03
6.610708005640950660e+02 6.776583890904205418e+02 6.947025557662865367e+02 7.122480996137046532e+02 7.304319051421816766e+02 7.492429656527774569e+02 7.687597780321676737e+02 7.890791336532267906e+02 8.103227811121423656e+02 8.326476052622745101e+02 8.562619026868609353e+02 8.928491030467341716e+02 9.324096311580441352e+02 1.002116327948637149e+03 1.080969575267259870e+03 1.139480892879864768e+03 1.168996024874444174e+03 1.161085513600299009e+03 1.124157300615311442e+03 1.072097722549036462e+03 1.013226436091350365e+03 9.523419695821841060e+02 8.920216764518042964e+02 8.334296767782760753e+02 7.785833326519954198e+02 8.331855104857893366e+02 8.899852288796606672e+02 9.484515442329561665e+02 1.006147676509243638e+03 1.060298911134655555e+03 1.106836438547936496e+03 1.139526326878441523e+03 1.148656027919186499e+03 1.128510279923154030e+03 1.089173514088498678e+03 1.037462290092701778e+03 9.779263051317313966e+02
7.244215051283442790e+02 7.407891728967269955e+02 7.574690713031392306e+02 7.750032312877693812e+02 7.940083611619502335e+02 8.127925273200991114e+02 8.318295782191909211e+02 8.510347104900276918e+02 8.695363305051289444e+02 8.844559436374227062e+02 8.860855992392137068e+02 9.184287685846238674e+02 9.765874825401172075e+02 1.039001244349381523e+03 1.100364962094506382e+03 1.147557961525999872e+03 1.169081527080588785e+03 1.154294902877136337e+03 1.113935690341782674e+03 1.060219527844888489e+03 1.000600119750359227e+03 9.395285609345421562e+02 8.799489069457753203e+02 8.228314813671564707e+02 7.681454268100384297e+02 8.229917144433001113e+02 8.813721773013613756e+02 9.410272361365822462e+02 1.000070263361513526e+03 1.055498697824087230e+03 1.102575842036045742e+03 1.133872624780799015e+03 1.137909174923878481e+03 1.111788105912091623e+03 1.066914303602744440e+03 1.010929050066950595e+03 9.489413671093533367e+02
7.892390190844784001e+02 8.034614116218559730e+02 8.190348808661226485e+02 8.359105394697591009e+02 8.547015850030345518e+02 8.729475111038175328e+02 8.913432567839982994e+02 9.097317875104395171e+02 9.269444729034804595e+02 9.403712046375500222e+02 9.465800203311621317e+02 9.550157300241994562e+02 1.013634372159690429e+03 1.073180786635005688e+03 1.125843115850745562e+03 1.162175586704287980e+03 1.170243803524808982e+03 1.145680720770706330e+03 1.100938501569114123e+03 1.045377684554403686e+03 9.850219251662808801e+02 9.231348315184933426e+02 8.645430011431891444e+02 8.096967152843413942e+02 7.579011035969863315e+02 8.127473220696513181e+02 8.713393478956646732e+02 9.321499842307674726e+02 9.921160349661196278e+02 1.048111739346608829e+03 1.094947380165837103e+03 1.124420162086613800e+03 1.124065531650579487e+03 1.093653477680237302e+03 1.045103614582689488e+03 9.864435596457253723e+02 9.229558250922630123e+02
8.486785168962095440e+02 8.611908453935038779e+02 8.751320882770971821e+02 8.903650641924718911e+02 9.075924847574174237e+02 9.243191669770651515e+02 9.419214978431518830e+02 9.602667023364591614e+02 9.781727333951607761e+02 9.928322120972117091e+02 1.000116043622711572e+03 9.970782809609679589e+02 1.044146640845319780e+03 1.105344291227354006e+03 1.151056694911454315e+03 1.176095504665378712e+03 1.170136668225430185e+03 1.136982303073715457e+03 1.087856017146872546e+03 1.030503083317453957e+03 9.701065929339910099e+02 9.104145326852503786e+02 8.535333955119184566e+02 7.995877868315303658e+02 7.478506519514997990e+02 8.026967920611234604e+02 8.612888099378257039e+02 9.226911381748623171e+02 9.831267001933739493e+02 1.039226398465562397e+03 1.085423297822916311e+03 1.112989096153439505e+03 1.108868705947353192e+03 1.075181531463172178e+03 1.024046089171670928e+03 9.636052340804443475e+02 8.991347844788670045e+02
