_codes/_figurecodes/_data/lowRvar/steadystate/20m_HalfMtrThresh_Diffusion_Tc10/topographic_elevation_depth20m_tc10.asc
ncols 200
nrows 200
xllcorner 0.0
yllcorner 0.0
cellsize 50.0
[rows 136 to 152 of 200, columns 111 to 147 of 200]
4.054057507123414439e+02 4.098316752480968717e+02 3.929016155152560827e+02 3.558731010439490205e+02 3.050980634881760238e+02 3.603186545646253762e+02 4.134507445933928125e+02 4.633913194010370376e+02 5.086620701608259765e+02 5.472740645512908486e+02 5.766614622492697890e+02 5.972008919019875748e+02 6.088046002338676317e+02 6.147361566650358782e+02 6.176561063199483215e+02 6.160869884056614865e+02 6.123414134704593152e+02 6.094558146107184484e+02 6.044247048231402459e+02 5.986247215958303514e+02 5.893198849071148970e+02 5.743722549876127914e+02 5.520699394243292772e+02 5.220754933301979008e+02 5.252077468540510381e+02 5.283424122955834719e+02 5.309926392422253230e+02 5.316424254856100333e+02 5.299958504563260249e+02 5.343134983222132632e+02 5.267847832224179001e+02 4.985547607702407049e+02 4.505799586734947297e+02 5.043273485140006756e+02 5.415458473508757606e+02 5.607511157900929675e+02 5.673429933830359460e+02
3.732892277717235743e+02 3.780823076492784480e+02 3.703423047994214130e+02 3.450698003859021128e+02 3.021053706913540964e+02 3.591025059201442673e+02 4.119678567084408201e+02 4.589018928360497398e+02 4.976684040857665536e+02 5.251985301588190396e+02 5.425327946625191089e+02 5.542116319321719402e+02 5.593677622909821139e+02 5.608974594040217880e+02 5.610426931739655174e+02 5.578707735742868863e+02 5.526398361160704553e+02 5.514458289586176534e+02 5.473229213941070839e+02 5.437756266208928082e+02 5.361927012650915003e+02 5.222840758843082085e+02 4.994926844955691649e+02 4.672302767674914890e+02 4.703625291220023996e+02 4.734971931721109968e+02 4.766345173427544069e+02 4.787305524155389094e+02 4.782011782435865257e+02 4.862804859479012407e+02 4.854630949455217319e+02 4.696382659950710377e+02 4.316725429554718403e+02 4.759837830050157095e+02 5.007580441474085546e+02 5.124669391350299748e+02 5.159252951416797259e+02
3.329725309043082575e+02 3.369159432107454677e+02 3.357206680615367986e+02 3.257499363552089449e+02 2.991139234170244663e+02 3.554625312897825893e+02 4.041989990014210434e+02 4.433555624396513508e+02 4.699541426062842220e+02 4.856642034699351598e+02 4.950557123578093410e+02 5.012689032027245162e+02 5.030509105183734277e+02 5.025555425861627441e+02 5.021815206433310550e+02 4.991304123702549873e+02 4.940489007593487258e+02 4.950558804790463796e+02 4.924776895017168954e+02 4.913831918373107897e+02 4.862292532748603548e+02 4.744856690708616611e+02 4.517622428200713784e+02 4.154356219226402231e+02 4.185678781009987119e+02 4.217025444917556456e+02 4.248398697212866182e+02 4.278413709607979740e+02 4.289561533372600479e+02 4.366092196814385602e+02 4.395085595727042005e+02 4.348249656733901816e+02 4.130473668077681850e+02 4.415393498056290014e+02 4.538371205107594051e+02 4.600255707685319067e+02 4.626409818864501062e+02
2.841685497662168132e+02 2.871560430228350924e+02 2.901443680034470276e+02 2.931335250760138251e+02 2.961233081781793999e+02 3.489928582040777201e+02 3.876104256932713952e+02 4.125894639362524572e+02 4.268398604159682463e+02 4.349429553347810042e+02 4.397345189312768525e+02 4.431587009171015552e+02 4.436858888416790592e+02 4.423161344109223592e+02 4.434380031130440898e+02 4.417068003775385137e+02 4.392036697131063079e+02 4.414616427578113189e+02 4.406830166886859956e+02 4.416477355722550442e+02 4.394275964118259026e+02 4.315272869744338209e+02 4.104459065204541730e+02 3.661905020344644299e+02 3.693227885189034509e+02 3.724574804820456961e+02 3.755948268686753977e+02 3.787375111264960310e+02 3.818853193686627492e+02 3.850380339685817148e+02 3.881941975818067476e+02 3.913528320229603423e+02 3.945131994853413744e+02 3.976966740497843489e+02 4.008811645479962635e+02 4.040669272901603790e+02 4.082706789339541729e+02
2.871052664075078837e+02 3.035613524996807655e+02 3.099823803771257644e+02 3.146058428377688756e+02 3.215026352490564818e+02 3.402808463295917818e+02 3.567184357121450944e+02 3.671420224764438558e+02 3.735218283510159267e+02 3.775521257719917685e+02 3.804107051722337474e+02 3.830416249047349879e+02 3.841068353700552507e+02 3.837250220173698381e+02 3.865431857731064724e+02 3.868614395653557381e+02 3.874088801869377789e+02 3.904107566588191389e+02 3.914378956500431173e+02 3.939733859542857886e+02 3.949004727311073566e+02 3.935541922378682784e+02 3.884871503461544648e+02 3.630627741423962789e+02 3.922647777256221389e+02 4.112686173569627499e+02 4.173118552920516322e+02 4.239243848735085294e+02 4.308042731337606597e+02 4.368325431145324842e+02 4.425838723085986430e+02 4.467969260664559670e+02 4.493456341008354684e+02 4.467551841051507608e+02 4.357479403067080739e+02 4.084481554503031475e+02 4.420791243104285400e+02
2.900423799295434151e+02 2.930035390422769979e+02 2.959651051361398686e+02 2.989274776040645634e+02 3.018908565392457604e+02 3.048560442848356615e+02 3.078226414766289736e+02 3.107902467751486597e+02 3.137586587617737450e+02 3.167638606979539304e+02 3.197703214583165732e+02 3.227786729483788122e+02 3.257884961156848362e+02 3.288789619925057650e+02 3.319714972438200675e+02 3.350661055686315990e+02 3.381632546650127438e+02 3.412634162397893078e+02 3.443665996663521582e+02 3.474732831610249377e+02 3.505834798559861269e+02 3.536974393014564271e+02 3.568154141504837185e+02 3.599355180381729156e+02 3.941854803557885134e+02 4.355758488898705991e+02 4.568051516231782898e+02 4.697366679946003387e+02 4.803395000539852049e+02 4.888709222653234292e+02 4.959859501847560068e+02 4.994327026836102732e+02 4.981576081342489601e+02 4.860826669931898323e+02 4.578592208510117416e+02 4.128301203397996346e+02 4.597068855484208143e+02
3.062703296084404201e+02 3.348833624928030872e+02 3.469812644312515886e+02 3.524819031068146842e+02 3.536869958438426806e+02 3.569946240822543473e+02 3.576302829886279255e+02 3.511303676827952245e+02 3.275637728298942193e+02 3.530681374299746267e+02 3.605569318957754490e+02 3.579844870209817032e+02 3.359346118485808574e+02 3.569924791251077636e+02 3.751809398861200293e+02 3.869054821673202582e+02 3.948524092179607123e+02 4.015300491797524387e+02 4.059540347172135739e+02 4.097798096057881594e+02 4.116490543479009716e+02 4.122885978354963186e+02 4.116608263625723794e+02 4.117303361627933782e+02 4.434305293760897371e+02 4.769009989743212259e+02 5.001861936720941912e+02 5.169158416781508549e+02 5.304162006303511134e+02 5.404979442472788378e+02 5.474307030042804172e+02 5.478282174090400076e+02 5.394278943858234925e+02 5.138528710810616076e+02 4.713594693377957583e+02 4.172150389993756789e+02 4.684095592633429419e+02
3.226753080798136466e+02 3.669502100419011867e+02 3.914832783524104229e+02 4.019871890058780650e+02 4.034813233909810606e+02 4.054614169460469952e+02 4.008756484910661584e+02 3.816158935447743943e+02 3.414027133926161923e+02 3.788780235834891528e+02 3.929174154929573319e+02 3.837899931511265663e+02 3.460927818608184339e+02 3.563122850571060098e+02 3.987505178519594438e+02 4.256094905377261171e+02 4.425094637703413696e+02 4.555303838807118950e+02 4.639618913633173065e+02 4.702863668652019555e+02 4.726555694243557468e+02 4.724447899306169347e+02 4.702517431138116990e+02 4.665755511837981544e+02 4.952251897102092357e+02 5.241383578476663843e+02 5.473317989899190934e+02 5.658282032442746186e+02 5.808352543476040637e+02 5.910109687605945510e+02 5.958432329193947226e+02 5.905029082855913884e+02 5.709094119531487195e+02 5.320371942741634257e+02 4.806091773243592797e+02 4.216044013373918915e+02 4.709250116230341519e+02
3.393265769689224385e+02 3.930930624861294405e+02 4.297038915421764500e+02 4.466410602305783186e+02 4.493882291578741501e+02 4.492628196613169393e+02 4.379136105154183838e+02 4.058608000427599904e+02 3.553450520070888388e+02 3.998181205283390227e+02 4.222523013362528559e+02 4.180715776467718001e+02 3.939924817561921486e+02 3.665566295561336005e+02 4.115187630185372427e+02 4.463077154892240515e+02 4.751252805974964986e+02 4.981123243771768330e+02 5.143695923903226230e+02 5.263081595704111351e+02 5.317767027070622134e+02 5.327950972743242346e+02 5.305048245198265704e+02 5.251664650466266266e+02 5.500704183629275121e+02 5.756425253322993285e+02 5.976569335767953817e+02 6.162458777391376543e+02 6.311046795930116105e+02 6.395089725386097825e+02 6.399758172454911573e+02 6.262490198103581633e+02 5.937839737034503287e+02 5.455566517381848826e+02 4.882520768058607814e+02 4.260004575957228781e+02 4.696903680286423537e+02
3.563038020437113573e+02 4.141130552172990065e+02 4.594643903548790718e+02 4.852621384820722028e+02 4.901744124959942042e+02 4.874123752330440311e+02 4.670664463916374984e+02 4.251328490102007436e+02 3.693934286812914820e+02 4.171317687280966311e+02 4.463558301325121533e+02 4.469270525753844936e+02 4.210314956918040252e+02 3.768386696559960001e+02 4.143764477591648756e+02 4.434233044266431989e+02 4.831739128134044563e+02 5.209181582019036796e+02 5.514185142629904703e+02 5.736756620763425190e+02 5.862066053959377996e+02 5.916455503526728990e+02 5.920725436480501003e+02 5.885192175428996961e+02 6.086613988854450099e+02 6.304894214686918303e+02 6.503931745203655055e+02 6.675113366133127784e+02 6.803648884431883062e+02 6.846969506010829036e+02 6.778039453856077898e+02 6.516100491587034185e+02 6.080131457093198151e+02 5.535864087762831787e+02 4.932651655208017019e+02 4.304047418133082488e+02 4.649760448550914020e+02
3.737018879794276245e+02 4.332655119016479262e+02 4.833265348252122635e+02 5.167830116799351572e+02 5.252081554992995507e+02 5.198437288134513210e+02 4.910678992638944464e+02 4.429643801045843929e+02 3.836248005146913442e+02 4.341802903826787770e+02 4.672138908675445919e+02 4.701647548108572323e+02 4.406471329122649081e+02 3.871588884316161057e+02 3.977326889766554814e+02 4.083343947231032871e+02 4.706863802299262147e+02 5.226296181123766473e+02 5.681165659346652319e+02 6.060487627471011365e+02 6.318656203516475216e+02 6.462360296604784935e+02 6.534484660964679961e+02 6.582298878826750297e+02 6.720143077225936850e+02 6.883355830231342907e+02 7.045425018076690549e+02 7.185548825091904064e+02 7.273702149993058583e+02 7.249290633340270915e+02 7.066291793062187025e+02 6.682573152576156872e+02 6.172084163007334610e+02 5.589485507697311277e+02 4.973187177572538644e+02 4.348135364675190431e+02 4.412056354451376023e+02
3.917196501497737131e+02 4.530016237376137269e+02 5.059602506442783465e+02 5.433070864969702143e+02 5.547808745961636987e+02 5.452102001978458929e+02 5.099433928404480980e+02 4.584054144614418078e+02 3.980474013086153491e+02 4.512764562219264235e+02 4.878366021648462265e+02 4.941595566390205363e+02 4.680620333916405684e+02 4.256421852505945935e+02 4.357155768844031627e+02 4.190502977624190635e+02 4.646421952051202879e+02 5.180855027616898951e+02 5.725028652307730681e+02 6.222979731627649471e+02 6.636379955944372568e+02 6.921935755735232760e+02 7.092010374705805589e+02 7.207198798321102231e+02 7.330571799727923690e+02 7.458212135803445335e+02 7.581810505254109103e+02 7.677512734408734332e+02 7.704541372228402452e+02 7.586816578494057239e+02 7.274263298373238058e+02 6.801906116806118234e+02 6.240296023397144154e+02 5.635179569979206917e+02 5.017297615192202898e+02 4.403928336521201459e+02 4.623261132227070220e+02
4.104374306453130430e+02 4.729949985509088606e+02 5.277067855206000786e+02 5.671657350872193319e+02 5.805319432063064369e+02 5.669127935449004099e+02 5.279169828402166331e+02 4.741281042495656379e+02 4.127112589272060745e+02 4.687480610339130749e+02 5.098438499407808990e+02 5.238682790216781768e+02 5.093291121956729057e+02 4.870574322781077967e+02 4.727684468112809100e+02 4.298545995650900977e+02 4.407192070835282038e+02 5.040719031294578940e+02 5.700692281354288298e+02 6.290825259917555741e+02 6.812731801932432063e+02 7.244941650593672193e+02 7.551605676914768992e+02 7.748619645058146261e+02 7.892256264039401685e+02 8.003965238528804775e+02 8.090870694892663550e+02 8.129588927940105805e+02 8.070246237192924355e+02 7.819854202333921194e+02 7.394244259253873679e+02 6.859855463775578528e+02 6.267638249003624651e+02 5.653337563839384075e+02 5.045746608110863463e+02 4.459837246888045570e+02 4.792853012206865628e+02
4.300632622526908335e+02 4.933711454437233783e+02 5.489792779499488233e+02 5.893733487666194151e+02 6.035418285362367214e+02 5.860650356944250916e+02 5.445509194033493259e+02 4.894783107540702645e+02 4.276303976599682528e+02 4.860877805538154348e+02 5.318320482803241021e+02 5.546193307544218669e+02 5.492621035830040910e+02 5.360628740212811181e+02 5.176300197166576709e+02 4.833245226059078163e+02 4.516764172760859424e+02 5.102673398045167232e+02 5.726465070819083394e+02 6.334996427762484927e+02 6.910295819386039966e+02 7.431394099145167047e+02 7.868873693500543141e+02 8.183542081684485083e+02 8.380061408497012962e+02 8.495500373562780396e+02 8.549097547832921009e+02 8.518038759880270163e+02 8.338995250598703706e+02 7.962940565946518063e+02 7.460019449298082463e+02 6.884710457703664588e+02 6.274624832502169056e+02 5.650241414395214861e+02 5.064332115968816197e+02 4.515879641874001891e+02 4.938833327575866861e+02
4.507629000945643156e+02 5.143368464034593899e+02 5.701307442814768365e+02 6.103896662253255272e+02 6.235422722176375601e+02 6.023028674736913217e+02 5.592065937668153310e+02 5.038351610489754648e+02 4.428202751543727800e+02 5.021392434521438872e+02 5.514535198003535470e+02 5.823462519012687153e+02 5.851059990347754365e+02 5.761208585700436515e+02 5.527432769871422806e+02 5.119375850498847740e+02 4.627450657323871610e+02 5.175902996030071108e+02 5.761812233450377789e+02 6.366955890112363932e+02 6.962933341926443518e+02 7.532602426689676349e+02 8.048709724469459843e+02 8.475339271585354481e+02 8.765113144245399326e+02 8.907688311748861452e+02 8.933617685552253533e+02 8.824443692259669660e+02 8.520667088695512348e+02 8.055593122931571770e+02 7.498786278869559965e+02 6.899477693530874376e+02 6.290236903529796564e+02 5.690554210507624475e+02 5.118641819611119104e+02 4.572073479124520645e+02 5.052298543823204113e+02
4.726032116932203166e+02 5.360972050236993027e+02 5.915632126529064863e+02 6.310398393602818032e+02 6.425234482520816073e+02 6.193627518455803056e+02 5.751398459912865064e+02 5.193601666070477449e+02 4.583980747630566270e+02 5.191603296760507646e+02 5.713271256969301248e+02 6.071308564984116174e+02 6.161195619905666945e+02 6.081658622013051172e+02 5.781205180629643792e+02 5.308777056333015025e+02 4.739796790802953410e+02 5.257743660510809605e+02 5.806195878363290603e+02 6.392105707857813286e+02 6.989850002035434500e+02 7.585492238657176358e+02 8.146933352597725388e+02 8.639423066589106384e+02 9.016671254510201834e+02 9.217251539166435350e+02 9.220676399538098167e+02 9.013235562765348732e+02 8.613044468666543025e+02 8.087249672570719667e+02 7.492881754640935696e+02 6.879364161570315446e+02 6.277591974399484798e+02 5.694836522384819091e+02 5.146384238891445193e+02 4.628437190998463393e+02 5.154006258601616537e+02
4.958248936761598316e+02 5.588618294662746848e+02 6.135883138527799474e+02 6.519155881441754445e+02 6.616067950677118006e+02 6.370172472434901465e+02 5.918661742206635381e+02 5.355926014756738596e+02 4.743989203342642327e+02 5.364648976875861308e+02 5.907139513143838485e+02 6.296026190971525693e+02 6.423387314410063027e+02 6.316602559561686121e+02 5.959161737654733315e+02 5.448029956071010247e+02 4.854068100119076234e+02 5.346518713876154152e+02 5.864465371258891082e+02 6.412918117072879340e+02 6.998829648518900512e+02 7.620382485688919587e+02 8.208199179613386605e+02 8.737057993328292014e+02 9.160946322388133467e+02 9.411796442669044609e+02 9.397211778115021161e+02 9.119540621147159527e+02 8.664246517579229021e+02 8.097603855491747709e+02 7.463281959793373517e+02 6.829750643888752393e+02 6.243839784910547905e+02 5.695387330877878185e+02 5.177440577223679838e+02 4.684989752046275839e+02 5.228482699717163769e+02
