_codes/_figurecodes/_data/lowRvar/steadystate/20m_HalfMtrThresh_Diffusion_Tc10/topographic_elevation_depth20m_tc10.asc
ncols 200
nrows 200
xllcorner 0.0
yllcorner 0.0
cellsize 50.0
[rows 136 to 152 of 200, columns 37 to 73 of 200]
3.303843236386676381e+02 3.902738981567169390e+02 4.467533754504309513e+02 4.955458919697345550e+02 5.300299192674596043e+02 5.407674194953777942e+02 5.239239041847253020e+02 4.784409543942103937e+02 4.070105821282969032e+02 3.704212643169673811e+02 3.396681237442618908e+02 3.127994136575619564e+02 3.133794456170041940e+02 3.368527585678099285e+02 3.540564350681229371e+02 3.605991903930599278e+02 3.565729576956660480e+02 3.441828196316103003e+02 3.312175093189438257e+02 3.094351552367912177e+02 2.739468963377255477e+02 2.305684608103695439e+02 1.900477794190345833e+02 2.274484533919830653e+02 2.551305426095169651e+02 2.913104257757954656e+02 3.335481334886691798e+02 3.736540762307638488e+02 4.085446549242192873e+02 4.377767796704050625e+02 4.619791244537390753e+02 4.804951644032735203e+02 4.944954776626823900e+02 5.055385580507288523e+02 5.106686329396657698e+02 5.110979638699922134e+02 5.049335316676719003e+02
3.302027364774802436e+02 3.883852849062626547e+02 4.417473209353513539e+02 4.854975186067488835e+02 5.123608654355377894e+02 5.182660102342490518e+02 5.083846167056110517e+02 4.757214950531240447e+02 4.297673124524561672e+02 3.864999721097105407e+02 3.414244897573594812e+02 2.889781809325070867e+02 2.663075581125062286e+02 2.920626801003605806e+02 3.101204585588268969e+02 3.146504923186531641e+02 3.042794306682504839e+02 2.834168430921414483e+02 2.772675862205496173e+02 2.621235282221871330e+02 2.293811983621466766e+02 1.846613628377996292e+02 1.873540609739368108e+02 2.411785048392411568e+02 2.823729068202288204e+02 3.197235398573132557e+02 3.555146914148431279e+02 3.878926767325687024e+02 4.153860314682760873e+02 4.356403984441549255e+02 4.502146755022801017e+02 4.593998644552907535e+02 4.664595295811722622e+02 4.705488883562553042e+02 4.696824702090366941e+02 4.654829660100414799e+02 4.558400358180283547e+02
3.265780075060587819e+02 3.817532188384349752e+02 4.300616511890651736e+02 4.662369675670112201e+02 4.836128272346212498e+02 4.874107796693735963e+02 4.852399901550914478e+02 4.665825393294937840e+02 4.328029758809273631e+02 3.913679680487634300e+02 3.443960068314592604e+02 2.936786987640462598e+02 2.453410097502143117e+02 2.507035238650939846e+02 2.708844476728624500e+02 2.740687020731764960e+02 2.546324299108415801e+02 2.137052605146319308e+02 2.215233147920939700e+02 2.138355704762645644e+02 1.792774248774055934e+02 1.819689569792542443e+02 2.233006462845625606e+02 2.643343561004705293e+02 3.004162722244431620e+02 3.320262939929639856e+02 3.596414021684604450e+02 3.808091095569858453e+02 3.968587460426408029e+02 4.070460188271391075e+02 4.145789819530037903e+02 4.184022906309468226e+02 4.213416266193161732e+02 4.220469116042602309e+02 4.187938456032152885e+02 4.129555169609706695e+02 4.022634953773744542e+02
3.201325061027554284e+02 3.708926171894980257e+02 4.118825531520780032e+02 4.368046409239162813e+02 4.452242572016984923e+02 4.467075700807056364e+02 4.494523270756678244e+02 4.426148470482925177e+02 4.216988862397038815e+02 3.865543390399096211e+02 3.411242355694107005e+02 2.875638994637682799e+02 2.251419945819764621e+02 2.055159526321652947e+02 2.371178549248482454e+02 2.419363568144118801e+02 2.155892647060497040e+02 1.685178443106301529e+02 1.712066131080993330e+02 1.738961082140845917e+02 1.765863302194313462e+02 2.136879464622667513e+02 2.467588362734998100e+02 2.769083996197942383e+02 3.018503950072001203e+02 3.217349805622470740e+02 3.376795339494534005e+02 3.483363934315692063e+02 3.567193908003553702e+02 3.613046795317360420e+02 3.647750523079368463e+02 3.658771839329610316e+02 3.669881032312818547e+02 3.665998246881305818e+02 3.631590743194198581e+02 3.577604507123371036e+02 3.478452154099170457e+02
3.078192300733976481e+02 3.523119249763145149e+02 3.826777891101097566e+02 3.965162985267100453e+02 3.984416088959501394e+02 3.968869302983183047e+02 4.035793079622836217e+02 4.044872793143530885e+02 3.954277274926240011e+02 3.721091042128293225e+02 3.341129513151225296e+02 2.864707103790408951e+02 2.345333808449665867e+02 1.878939238259518163e+02 2.179509595064813539e+02 2.234383868843891889e+02 2.052252787974590262e+02 1.658322568514364548e+02 1.893594840550911726e+02 2.002471963152962928e+02 2.087510776337307163e+02 2.291647327684052868e+02 2.473063932498133966e+02 2.632292557787107512e+02 2.753668478263185193e+02 2.861318663718864741e+02 2.946439963997362383e+02 2.996729653881895388e+02 3.038638853741765615e+02 3.057639124666627026e+02 3.073885089217660607e+02 3.074829728725346740e+02 3.084014236215930964e+02 3.083279834599408673e+02 3.059886708420011132e+02 3.025222028182434428e+02 2.949941433578574674e+02
2.853482467178045567e+02 3.220780998745020156e+02 3.425650004256958709e+02 3.491421885714239011e+02 3.460588388178920241e+02 3.384909156412554694e+02 3.511155116035908463e+02 3.572447190030421780e+02 3.557789243262665764e+02 3.440860718368571725e+02 3.178478053945635793e+02 2.769878482288532950e+02 2.266049171392235735e+02 1.707107457284996883e+02 1.921502425949403801e+02 1.960569683559520797e+02 1.885919685008448141e+02 1.631471039087112445e+02 1.862128253811458478e+02 1.960933655565038976e+02 2.027933563088286633e+02 2.111991640311702554e+02 2.181703718398696310e+02 2.250940052384714534e+02 2.301933271786772082e+02 2.353238842486642284e+02 2.395595835302485455e+02 2.419846378119261772e+02 2.443711748769090661e+02 2.455802494883897111e+02 2.468497362089030389e+02 2.467590771667613581e+02 2.487433298969011446e+02 2.496981550514729236e+02 2.489689198520346451e+02 2.485590905899673828e+02 2.451037414061896129e+02
2.470541978311150899e+02 2.810098683079245916e+02 2.966598582807118305e+02 2.982431194325702677e+02 2.925647939965309661e+02 2.836448098369438640e+02 2.970345365915840716e+02 3.050458064139663179e+02 3.076696013653429418e+02 3.033907799242447254e+02 2.890607880398052316e+02 2.593669040825049592e+02 2.135168714060960440e+02 1.538007485084621919e+02 1.554659455445719800e+02 1.571312017038922306e+02 1.587965757005320597e+02 1.604620969492640654e+02 1.624375081177090010e+02 1.644133867688678379e+02 1.663897333253324291e+02 1.683665481958134365e+02 1.703438317736788861e+02 1.723216364582235940e+02 1.742999626976023819e+02 1.762789151654089892e+02 1.782584944827554807e+02 1.802387534966173632e+02 1.822197452241828444e+02 1.842014704988839924e+02 1.861839825855014681e+02 1.881673349550599141e+02 1.901515813013113814e+02 1.921367755569424389e+02 1.941229191487647654e+02 1.961097493527914253e+02 1.980972139989668790e+02
1.960222502504179829e+02 2.374667797764193438e+02 2.496313010820466900e+02 2.456616789749027987e+02 2.391601635779011588e+02 2.318493023435964915e+02 2.430545532533845403e+02 2.503946354040858751e+02 2.544317151137440760e+02 2.544413181712558014e+02 2.484238772671896527e+02 2.326474588937100236e+02 2.007357327804251668e+02 1.521388248860866383e+02 1.858705576454662491e+02 2.048084125669500679e+02 2.124495303469811915e+02 2.150233604761826598e+02 2.172833080212915036e+02 2.192592553625862593e+02 2.212356151021387234e+02 2.232124425523747675e+02 2.251897380584522352e+02 2.269235009343121021e+02 2.260952926077290783e+02 2.279634986564291808e+02 2.275041771000492759e+02 2.294844437982520162e+02 2.314654425863927827e+02 2.333476198738438541e+02 2.332554752272808685e+02 2.351480025622498147e+02 2.353390760830787940e+02 2.373242743823075784e+02 2.455194646124869280e+02 2.488404777123155327e+02 2.477029147229273747e+02
1.793516519914541618e+02 2.052117273279224321e+02 2.052309137280813047e+02 1.908062608336248331e+02 1.856685823665427222e+02 1.826036315876140463e+02 1.897547983130775719e+02 1.947178105997853947e+02 1.982207184348610269e+02 2.000583268258574492e+02 1.993150231338549929e+02 1.940836046895641402e+02 1.805212401376228399e+02 1.504769890146373541e+02 2.015854457794269194e+02 2.393465604011776975e+02 2.594053399792681489e+02 2.674150954401767422e+02 2.723908700167104939e+02 2.763121869468357659e+02 2.794256006523021370e+02 2.818043086300736491e+02 2.836261760091247766e+02 2.839298767723486208e+02 2.809414234223542053e+02 2.818990849015369236e+02 2.792997195096169776e+02 2.812799940127113132e+02 2.832610006238028859e+02 2.843960831334471777e+02 2.825013774786668819e+02 2.837616430020204916e+02 2.824107717651161238e+02 2.843959787395439207e+02 2.950667223311633620e+02 2.971927038835419239e+02 2.901214483396303763e+02
1.623264160461557992e+02 1.697043848915685089e+02 1.628971609385511101e+02 1.322148822088260545e+02 1.338735232125418122e+02 1.355324247464541259e+02 1.371917607884507788e+02 1.388514447350290197e+02 1.405114478316773727e+02 1.421717412721654910e+02 1.438322962037873936e+02 1.454930837325525204e+02 1.471540749282389697e+02 1.488152408293139501e+02 2.133820263618710840e+02 2.633126195243076495e+02 2.992547821916061253e+02 3.165591519032269048e+02 3.264319523139120065e+02 3.332374816931788928e+02 3.380920683564960427e+02 3.414886791869582794e+02 3.434697526461002326e+02 3.432907149243015965e+02 3.395333340426881250e+02 3.388208375358739204e+02 3.341459090200811488e+02 3.361261850252965928e+02 3.381071928849613073e+02 3.379790301630260956e+02 3.342969995440214461e+02 3.345459481782369267e+02 3.316567519331954372e+02 3.336419613338604222e+02 3.425918074913267901e+02 3.402386232999357389e+02 3.248630012162585103e+02
1.434580962484295128e+02 1.272402318856964314e+02 1.288982366401339164e+02 1.305564437440161214e+02 1.717684911496680229e+02 1.872427104120152990e+02 1.944608316136915676e+02 1.987644917102373370e+02 2.018500453689746905e+02 2.042870484313700388e+02 2.061224274822627081e+02 2.067425450780674225e+02 2.035583211285711798e+02 1.863118349857514602e+02 2.283772221138675036e+02 2.776230970512600607e+02 3.304429886881519565e+02 3.622151807244163706e+02 3.782513558806372771e+02 3.885030151850457969e+02 3.955943975713756231e+02 4.005379474904210610e+02 4.035142809390169418e+02 4.040183092264116453e+02 4.013166854729905140e+02 3.987160743788219293e+02 3.927376254372266544e+02 3.947178932665303819e+02 3.958019103754331240e+02 3.943186051851732259e+02 3.891430025171877105e+02 3.877936433340707936e+02 3.834522020329213206e+02 3.839536532964451681e+02 3.865684870963614230e+02 3.752764735419377757e+02 3.476915872659175193e+02
1.239245113463389885e+02 1.255823138310519482e+02 1.706352278128302942e+02 1.926437047816230006e+02 2.203531929476223183e+02 2.378332120096566200e+02 2.482375460955055075e+02 2.548764623697201444e+02 2.595583780917432932e+02 2.631262944089291977e+02 2.658400396360971172e+02 2.674707440652858281e+02 2.672815540420248794e+02 2.651704917950801814e+02 2.980784146837509638e+02 3.371309307406082780e+02 3.764922766004522146e+02 4.078604958117065848e+02 4.264555957779661526e+02 4.394245610806805757e+02 4.489370638069337929e+02 4.560661647328414006e+02 4.610663001927367191e+02 4.633674968362281561e+02 4.620756735152378383e+02 4.600778337584841324e+02 4.560908294380098482e+02 4.559900854669701289e+02 4.555202022346033459e+02 4.530105352460641939e+02 4.476804962433587320e+02 4.430208502343415944e+02 4.365569038405872107e+02 4.309904532199012124e+02 4.239499106789160123e+02 3.971777688980173480e+02 3.562895424462384995e+02
1.554412139637526877e+02 1.813911244742277518e+02 2.157498956165457571e+02 2.411893845308151185e+02 2.647932742005860405e+02 2.821412894704837413e+02 2.940229525725499116e+02 3.023439420441652032e+02 3.085604269927375753e+02 3.135487816470558755e+02 3.177940094723522293e+02 3.216573482227784098e+02 3.259875159909852869e+02 3.341111343329657188e+02 3.574652971461887887e+02 3.874274219774559356e+02 4.179465724879018467e+02 4.465467929673838512e+02 4.656816575686189026e+02 4.806134642953012985e+02 4.926905561247301648e+02 5.028343796690577960e+02 5.114200650843769154e+02 5.173118805602259727e+02 5.189236168446778947e+02 5.191768333707503871e+02 5.171129433390359509e+02 5.164648974461740636e+02 5.152487245773485256e+02 5.119340722676511746e+02 5.054593854247428339e+02 4.980382214104200784e+02 4.875990423397499853e+02 4.742771506642688450e+02 4.526832784937104748e+02 4.060424951903201531e+02 3.432210886056788581e+02
1.665504823565840411e+02 2.071514786869780380e+02 2.442281898942401028e+02 2.730521727680983304e+02 2.951189338715886947e+02 3.114850613478530477e+02 3.236256997870015084e+02 3.329465811019812804e+02 3.405199735947898603e+02 3.470844835022614348e+02 3.531845428042898334e+02 3.594189353553676938e+02 3.669035974750618720e+02 3.780377031390147522e+02 3.965413623605612656e+02 4.195062431952689508e+02 4.431013010085151791e+02 4.666942519757034233e+02 4.862284098079471164e+02 5.027555184461480167e+02 5.176889764634598805e+02 5.318712638245998505e+02 5.468060938836413243e+02 5.595034013455424429e+02 5.668571986800398008e+02 5.714748671121250254e+02 5.722346468648337350e+02 5.727693950622345938e+02 5.719452802761254588e+02 5.684851967547772347e+02 5.610376595525440280e+02 5.513870205648488536e+02 5.369004160569220403e+02 5.162415801142993814e+02 4.816250114566534535e+02 4.188605789271237541e+02 3.767953844171431115e+02
1.692158122860994922e+02 2.143310743419299911e+02 2.522786461840952086e+02 2.808731185555612910e+02 2.996669395024101163e+02 3.131787144650861023e+02 3.242916773864363904e+02 3.339655531724334878e+02 3.427232865423236490e+02 3.509661580387596587e+02 3.590714936639901680e+02 3.675040458969095880e+02 3.769772744923411096e+02 3.885608970780604068e+02 4.032612029341356674e+02 4.202770404915494282e+02 4.382567720797933362e+02 4.564841199324621925e+02 4.740295526415649192e+02 4.914764120676025527e+02 5.097132875029741399e+02 5.282411834979985770e+02 5.550781891660540168e+02 5.803481054117696658e+02 5.987308994607464001e+02 6.108697952827548079e+02 6.164611682144042106e+02 6.199261242141344610e+02 6.209629827305944900e+02 6.186631620686740689e+02 6.114573527427338604e+02 6.010505776221906444e+02 5.843001764421730968e+02 5.596472132013681176e+02 5.196749419717156115e+02 4.640476150199635299e+02 4.285904272044052732e+02
1.684383130283732157e+02 2.124437421822401859e+02 2.461416551707166605e+02 2.662792403296853649e+02 2.754379202996798313e+02 2.849356177901728415e+02 2.946580824582159153e+02 3.042159173946370174e+02 3.135273794385142310e+02 3.226860546522378286e+02 3.318723428815114858e+02 3.413448242448405949e+02 3.514645933876932986e+02 3.626701663662828423e+02 3.752674246765034809e+02 3.890358553541170181e+02 4.035435912484581991e+02 4.185738839266949185e+02 4.342640420470009985e+02 4.517395975145778948e+02 4.727545205292827291e+02 4.941723969339446967e+02 5.358859219188702809e+02 5.745204997359617209e+02 6.060831852351502675e+02 6.290312680073761840e+02 6.423097362479400090e+02 6.503994307426851265e+02 6.550532149261109680e+02 6.560365080319065783e+02 6.516045460964628546e+02 6.432527820999732739e+02 6.277445327953558945e+02 6.043494745954538985e+02 5.688512258976484190e+02 5.243701049837208075e+02 4.834357787328936524e+02
1.630720147919115846e+02 2.002833355689131736e+02 2.235564658084158793e+02 2.326312880218972623e+02 2.306369902228383921e+02 2.374896779195492797e+02 2.465246743385403931e+02 2.560588895296935448e+02 2.656864389800091431e+02 2.753498941149561574e+02 2.851000600405156433e+02 2.950375313839080604e+02 3.052997515406775619e+02 3.160370815578685324e+02 3.273429856625259049e+02 3.391738875546216718e+02 3.514328160290077676e+02 3.641503103430671331e+02 3.777657134178551814e+02 3.940380980771109876e+02 4.192574468932594982e+02 4.423776150110078333e+02 5.047686527594265726e+02 5.560234264372147663e+02 5.953514486297915482e+02 6.221896628678292700e+02 6.399757594396158993e+02 6.529098936916558387e+02 6.628963915050113656e+02 6.702360918503698031e+02 6.732349426890276618e+02 6.712183599252789463e+02 6.619871618529820125e+02 6.447796525904162763e+02 6.162434229077803138e+02 5.793803038341776528e+02 5.402901891757617250e+02
